data/Modelo 2/FALn_avg.asc
ncols         78
nrows         61
xllcorner     -149.5
yllcorner     -28.5
cellsize      1.0
NODATA_value  -9999
[rows 26 to 51 of 61, columns 0 to 58 of 78]
6.72692E-1 6.73547E-1 6.73887E-1 6.72019E-1 6.70137E-1 6.73092E-1 6.69603E-1 6.59902E-1 6.70792E-1 6.72513E-1 6.72203E-1 6.6973E-1 6.69835E-1 6.67199E-1 6.6522E-1 6.6578E-1 6.71347E-1 6.69675E-1 6.70171E-1 6.66738E-1 6.70424E-1 6.52712E-1 6.67349E-1 6.69605E-1 6.70466E-1 6.70203E-1 6.58401E-1 6.70702E-1 6.70026E-1 6.69628E-1 6.71921E-1 6.71603E-1 6.70566E-1 6.67752E-1 6.66905E-1 6.64949E-1 6.63884E-1 6.53534E-1 6.6786E-1 6.68897E-1 6.69631E-1 6.70468E-1 6.68951E-1 6.72615E-1 6.67162E-1 6.7249E-1 6.69122E-1 6.68654E-1 6.69984E-1 6.71206E-1 6.61239E-1 6.52584E-1 6.20549E-1 6.47826E-1 6.41232E-1 6.37524E-1 6.25693E-1 6.19032E-1 6.15053E-1
6.77886E-1 6.77029E-1 6.75003E-1 6.76504E-1 6.77172E-1 6.76735E-1 6.77051E-1 6.77076E-1 6.76008E-1 6.718E-1 6.78725E-1 6.76127E-1 6.71887E-1 6.75001E-1 6.73836E-1 6.6517E-1 6.72797E-1 6.76415E-1 6.7639E-1 6.75112E-1 6.76691E-1 6.74762E-1 6.70809E-1 6.7644E-1 6.76135E-1 6.74657E-1 6.72787E-1 6.73923E-1 6.7632E-1 6.66392E-1 6.74888E-1 6.76268E-1 6.75362E-1 6.76469E-1 6.76034E-1 6.75454E-1 6.73129E-1 6.68946E-1 6.73625E-1 6.73141E-1 6.74325E-1 6.73778E-1 6.71375E-1 6.7658E-1 6.76673E-1 6.78481E-1 6.81174E-1 6.82901E-1 6.81526E-1 6.83395E-1 6.83698E-1 6.81965E-1 6.79819E-1 6.76528E-1 6.68591E-1 6.66126E-1 6.60654E-1 6.49568E-1 6.42493E-1
6.80566E-1 6.78035E-1 6.77371E-1 6.79011E-1 6.80247E-1 6.75757E-1 6.72782E-1 6.80058E-1 6.80315E-1 6.7635E-1 6.8031E-1 6.77653E-1 6.7652E-1 6.73669E-1 6.76591E-1 6.75045E-1 6.7099E-1 6.79204E-1 6.78869E-1 6.75653E-1 6.76071E-1 6.77575E-1 6.78647E-1 6.78879E-1 6.76538E-1 6.78406E-1 6.76004E-1 6.78985E-1 6.74675E-1 6.69081E-1 6.76938E-1 6.77993E-1 6.73328E-1 6.80429E-1 6.79902E-1 6.80931E-1 6.80743E-1 6.81135E-1 6.78593E-1 6.78657E-1 6.79581E-1 6.80616E-1 6.81437E-1 6.81533E-1 6.81895E-1 6.83497E-1 6.85857E-1 6.87176E-1 6.88417E-1 6.89474E-1 6.90192E-1 6.89951E-1 6.88903E-1 6.86155E-1 6.83673E-1 6.85201E-1 6.84626E-1 6.83419E-1 6.80781E-1
6.83247E-1 6.79052E-1 6.8139E-1 6.793E-1 6.79543E-1 6.78469E-1 6.80595E-1 6.79887E-1 6.7974E-1 6.8157E-1 6.8226E-1 6.81938E-1 6.81652E-1 6.81056E-1 6.81591E-1 6.81714E-1 6.71605E-1 6.82191E-1 6.82292E-1 6.76601E-1 6.77716E-1 6.7962E-1 6.74898E-1 6.79997E-1 6.63317E-1 6.78741E-1 6.55313E-1 6.72573E-1 6.71373E-1 6.75616E-1 6.76795E-1 6.76329E-1 6.80133E-1 6.80543E-1 6.81824E-1 6.8272E-1 6.81285E-1 6.7514E-1 6.81819E-1 6.82492E-1 6.83242E-1 6.83126E-1 6.84776E-1 6.85219E-1 6.85889E-1 6.87207E-1 6.85412E-1 6.89677E-1 6.87918E-1 6.91668E-1 6.91064E-1 6.9075E-1 6.90586E-1 6.89439E-1 6.88226E-1 6.89603E-1 6.88992E-1 6.88593E-1 6.87958E-1
6.86819E-1 6.82024E-1 6.85138E-1 6.81827E-1 6.79152E-1 6.82963E-1 6.82455E-1 6.71014E-1 6.70551E-1 6.75211E-1 6.80173E-1 6.843E-1 6.84367E-1 6.8447E-1 6.84615E-1 6.84965E-1 6.79879E-1 6.86059E-1 6.66133E-1 6.71427E-1 6.77962E-1 6.76177E-1 6.82958E-1 6.84263E-1 6.82583E-1 6.83721E-1 6.84211E-1 6.73006E-1 6.74985E-1 6.77103E-1 6.82447E-1 6.82299E-1 6.81004E-1 6.83757E-1 6.84892E-1 6.82738E-1 6.83335E-1 6.84319E-1 6.84055E-1 6.83963E-1 6.81293E-1 6.70567E-1 6.83957E-1 6.86348E-1 6.86801E-1 6.85454E-1 6.87337E-1 6.8814E-1 6.87786E-1 6.87125E-1 6.88278E-1 6.86382E-1 6.87805E-1 6.88285E-1 6.86802E-1 6.88181E-1 6.88329E-1 6.89225E-1 6.90513E-1
6.90342E-1 6.90084E-1 6.89804E-1 6.57014E-1 6.37087E-1 6.7066E-1 6.87632E-1 6.68014E-1 6.86122E-1 6.83758E-1 6.78302E-1 6.28447E-1 6.63985E-1 6.76918E-1 6.85351E-1 6.62415E-1 6.64422E-1 6.8506E-1 -9999 6.61895E-1 6.82667E-1 6.7549E-1 6.69401E-1 6.85202E-1 6.60612E-1 6.79342E-1 6.84312E-1 6.8328E-1 6.59239E-1 6.76057E-1 6.82304E-1 6.82065E-1 6.81782E-1 6.82698E-1 6.83214E-1 6.81884E-1 6.77299E-1 6.80535E-1 6.81084E-1 6.79245E-1 6.69455E-1 6.7936E-1 6.82071E-1 6.83254E-1 6.83868E-1 6.82491E-1 6.826E-1 6.84959E-1 6.80772E-1 6.82125E-1 6.75035E-1 6.83676E-1 6.8133E-1 6.78298E-1 6.77556E-1 6.85325E-1 6.88775E-1 6.88991E-1 6.69735E-1
6.87429E-1 6.82502E-1 6.51511E-1 5.79529E-1 6.84481E-1 6.84023E-1 -9999 -9999 6.82325E-1 6.78126E-1 6.61519E-1 6.57121E-1 6.57036E-1 6.64469E-1 6.65621E-1 6.63444E-1 6.57518E-1 6.63223E-1 6.54667E-1 6.62698E-1 5.95229E-1 6.26794E-1 6.52802E-1 6.47081E-1 6.34995E-1 6.54836E-1 6.43227E-1 6.51339E-1 6.49879E-1 6.49285E-1 6.49229E-1 6.49062E-1 6.49055E-1 6.49607E-1 6.49552E-1 6.48346E-1 6.47793E-1 6.47947E-1 6.4767E-1 6.4594E-1 6.44516E-1 6.4461E-1 6.45861E-1 6.46899E-1 6.48264E-1 6.50053E-1 6.5161E-1 6.52339E-1 6.51832E-1 6.51428E-1 6.51604E-1 6.52084E-1 6.52313E-1 6.51901E-1 6.5698E-1 6.6294E-1 6.64904E-1 6.67367E-1 5.97812E-1
6.8154E-1 6.92711E-1 6.913E-1 6.90132E-1 6.69698E-1 6.86256E-1 6.87969E-1 6.85785E-1 6.68764E-1 6.65725E-1 6.72876E-1 5.61421E-1 6.52305E-1 6.63193E-1 6.62681E-1 6.58116E-1 6.60599E-1 6.60107E-1 6.57496E-1 6.27072E-1 -9999 6.10039E-1 6.36597E-1 6.55432E-1 -9999 6.03887E-1 6.49101E-1 6.16585E-1 6.32067E-1 6.41803E-1 6.4073E-1 6.40213E-1 6.40839E-1 6.41206E-1 6.40816E-1 6.36158E-1 6.38237E-1 6.35297E-1 6.30276E-1 6.24856E-1 6.19492E-1 6.08827E-1 6.07875E-1 6.11396E-1 6.21251E-1 6.25186E-1 6.33614E-1 6.34424E-1 6.32641E-1 6.25235E-1 6.16255E-1 6.19579E-1 6.20555E-1 6.17602E-1 6.29408E-1 6.41256E-1 6.33622E-1 6.89633E-1 6.74766E-1
7.08069E-1 7.07905E-1 7.06744E-1 7.05149E-1 7.04317E-1 7.03792E-1 7.0123E-1 7.01193E-1 6.99503E-1 6.98902E-1 6.98076E-1 6.97817E-1 6.97203E-1 6.9619E-1 6.93689E-1 6.94899E-1 6.94903E-1 6.95112E-1 6.94595E-1 6.9453E-1 6.52556E-1 6.79689E-1 -9999 6.36696E-1 6.60206E-1 6.70954E-1 6.67139E-1 6.60264E-1 6.4078E-1 6.66824E-1 6.67297E-1 6.65917E-1 6.63937E-1 6.63904E-1 6.64639E-1 6.61357E-1 6.57762E-1 6.56149E-1 6.5415E-1 6.5037E-1 6.48449E-1 6.46638E-1 6.45374E-1 6.45946E-1 6.47399E-1 6.48352E-1 6.4775E-1 6.4664E-1 6.46709E-1 6.46499E-1 6.45196E-1 6.44576E-1 6.43776E-1 6.35451E-1 6.06536E-1 5.84779E-1 5.65597E-1 5.7999E-1 6.26332E-1
7.0538E-1 7.05529E-1 7.04767E-1 7.04039E-1 7.04243E-1 7.04281E-1 7.04165E-1 7.03908E-1 7.02996E-1 7.01574E-1 7.00949E-1 7.001E-1 6.96343E-1 7.01298E-1 7.00027E-1 6.98984E-1 6.99111E-1 6.99437E-1 6.97596E-1 6.99905E-1 6.77656E-1 6.38673E-1 6.771E-1 6.98218E-1 6.26751E-1 6.61256E-1 6.7158E-1 6.92104E-1 6.96029E-1 6.95681E-1 6.94892E-1 6.93567E-1 6.94783E-1 6.92325E-1 6.93606E-1 6.92409E-1 6.90581E-1 6.87335E-1 6.80931E-1 6.73574E-1 6.7045E-1 6.67764E-1 6.6625E-1 6.68779E-1 6.71553E-1 6.71534E-1 6.69954E-1 6.6821E-1 6.67616E-1 6.68263E-1 6.66757E-1 6.62285E-1 6.55513E-1 6.50822E-1 6.4309E-1 6.25751E-1 6.20985E-1 6.30782E-1 6.41614E-1
6.97154E-1 6.9694E-1 6.96443E-1 6.96569E-1 6.9579E-1 6.95131E-1 6.95743E-1 6.98129E-1 6.94987E-1 6.86765E-1 6.9174E-1 6.95778E-1 6.97235E-1 6.8776E-1 6.91272E-1 6.94331E-1 6.94969E-1 6.95432E-1 6.97895E-1 6.98555E-1 6.98544E-1 -9999 6.33578E-1 6.76809E-1 6.93089E-1 6.75725E-1 6.72006E-1 6.8142E-1 6.93652E-1 6.96257E-1 6.94656E-1 6.91587E-1 6.93193E-1 6.79351E-1 6.72815E-1 6.89961E-1 6.92693E-1 6.91338E-1 6.90726E-1 6.90332E-1 6.89934E-1 6.8864E-1 6.8759E-1 6.88494E-1 6.89311E-1 6.88507E-1 6.87772E-1 6.8806E-1 6.87222E-1 6.80707E-1 6.73844E-1 6.68876E-1 6.64703E-1 6.56782E-1 6.54616E-1 6.2334E-1 6.57452E-1 6.51167E-1 6.63054E-1
6.90629E-1 6.90238E-1 6.90029E-1 6.90203E-1 6.90747E-1 6.91324E-1 6.91545E-1 6.88768E-1 6.7718E-1 6.82134E-1 6.91933E-1 6.92674E-1 6.92719E-1 6.92964E-1 6.91105E-1 6.92805E-1 6.94234E-1 6.94426E-1 6.93783E-1 6.88913E-1 6.83661E-1 -9999 -9999 6.81061E-1 6.79475E-1 -9999 6.89214E-1 6.87473E-1 6.79209E-1 6.73001E-1 6.83387E-1 6.76057E-1 6.92958E-1 6.84012E-1 6.7175E-1 6.89991E-1 6.91751E-1 6.8723E-1 6.88887E-1 6.91377E-1 6.92555E-1 6.91586E-1 6.90489E-1 6.90605E-1 6.91432E-1 6.91472E-1 6.91244E-1 6.90891E-1 6.9117E-1 6.89949E-1 6.8726E-1 6.85668E-1 6.86786E-1 6.88189E-1 6.85987E-1 6.85575E-1 6.88983E-1 6.88826E-1 6.86749E-1
6.85692E-1 6.85964E-1 6.85676E-1 6.85967E-1 6.86549E-1 6.87057E-1 6.71041E-1 -9999 -9999 -9999 6.83051E-1 6.8945E-1 6.89538E-1 6.89228E-1 6.90693E-1 6.91781E-1 6.91528E-1 6.90149E-1 6.9009E-1 6.91744E-1 6.91686E-1 6.92391E-1 6.92145E-1 6.87845E-1 6.92008E-1 6.91693E-1 6.89129E-1 6.80875E-1 6.87869E-1 6.88156E-1 6.83379E-1 6.90078E-1 6.89116E-1 6.74166E-1 6.89672E-1 6.86901E-1 6.8803E-1 6.9058E-1 6.85762E-1 6.90535E-1 6.93354E-1 6.93159E-1 6.9289E-1 6.92896E-1 6.93419E-1 6.94321E-1 6.94667E-1 6.94709E-1 6.95373E-1 6.94667E-1 6.93706E-1 6.93527E-1 6.93995E-1 6.9421E-1 6.94782E-1 6.7291E-1 6.89985E-1 6.90627E-1 6.88749E-1
6.79264E-1 6.79474E-1 6.80719E-1 6.81399E-1 6.8036E-1 6.79945E-1 -9999 -9999 -9999 -9999 5.92093E-1 6.82742E-1 6.83965E-1 6.84349E-1 6.84473E-1 6.8482E-1 6.85176E-1 6.85417E-1 6.86181E-1 6.87363E-1 6.8745E-1 6.87354E-1 6.87717E-1 6.8637E-1 6.88075E-1 6.87608E-1 6.84842E-1 6.89131E-1 6.88888E-1 6.89849E-1 6.91018E-1 6.9106E-1 6.89504E-1 6.90618E-1 6.89207E-1 6.90112E-1 6.91459E-1 6.90274E-1 6.92292E-1 6.93664E-1 6.94358E-1 6.94028E-1 6.92973E-1 6.95121E-1 6.92235E-1 6.97098E-1 6.97529E-1 6.89678E-1 6.99798E-1 6.98659E-1 6.97867E-1 6.97852E-1 6.97774E-1 6.97845E-1 6.96394E-1 6.83979E-1 6.93009E-1 6.91122E-1 6.90304E-1
6.69465E-1 6.72802E-1 6.73786E-1 6.75029E-1 6.7564E-1 -9999 6.74251E-1 6.79692E-1 6.782E-1 6.68958E-1 5.68283E-1 -9999 6.77704E-1 6.78229E-1 6.77786E-1 6.77923E-1 6.78777E-1 6.7924E-1 6.79943E-1 6.81263E-1 6.81132E-1 6.79519E-1 6.79247E-1 6.79665E-1 6.79374E-1 6.81487E-1 6.81196E-1 6.82514E-1 6.84152E-1 6.85224E-1 6.86117E-1 6.86582E-1 6.87478E-1 6.88598E-1 6.88264E-1 6.87429E-1 6.77337E-1 6.83427E-1 6.85505E-1 6.91523E-1 6.89092E-1 6.91777E-1 6.81817E-1 6.86864E-1 6.90669E-1 6.84481E-1 6.93098E-1 6.95334E-1 6.96218E-1 6.93626E-1 6.93708E-1 6.96616E-1 6.97105E-1 6.97894E-1 6.97429E-1 6.92588E-1 6.89031E-1 6.91421E-1 6.89758E-1
6.38725E-1 6.46569E-1 6.5627E-1 6.65842E-1 6.70606E-1 6.25332E-1 -9999 6.79083E-1 6.88983E-1 6.8096E-1 -9999 -9999 -9999 6.7203E-1 6.71938E-1 6.73004E-1 6.74869E-1 6.75846E-1 6.7561E-1 6.75151E-1 6.74836E-1 6.73789E-1 6.73265E-1 6.75279E-1 6.76157E-1 6.76641E-1 6.77604E-1 6.77326E-1 6.78376E-1 6.80534E-1 6.80296E-1 6.79646E-1 6.78113E-1 6.77854E-1 6.79144E-1 6.82068E-1 6.80754E-1 6.78022E-1 6.81125E-1 6.7867E-1 6.83444E-1 6.83851E-1 6.8574E-1 6.75395E-1 6.42302E-1 6.14708E-1 6.72167E-1 6.90387E-1 6.9076E-1 6.90654E-1 6.86013E-1 6.8E-1 6.82341E-1 6.93604E-1 6.92561E-1 6.91152E-1 6.90427E-1 6.89303E-1 6.89652E-1
3.7935E-1 4.29671E-1 4.8891E-1 5.67264E-1 6.36369E-1 6.45941E-1 6.61761E-1 6.71211E-1 6.84913E-1 6.85422E-1 6.79009E-1 6.5333E-1 -9999 6.69179E-1 6.69234E-1 6.70942E-1 6.72592E-1 6.73695E-1 6.7262E-1 6.72634E-1 6.71733E-1 6.71179E-1 6.70599E-1 6.71626E-1 6.72942E-1 6.73671E-1 6.72385E-1 6.71599E-1 6.74423E-1 6.74996E-1 6.73916E-1 6.7233E-1 6.70115E-1 6.71117E-1 6.73028E-1 6.74957E-1 6.74732E-1 6.74232E-1 6.7475E-1 6.74435E-1 6.76791E-1 6.68897E-1 6.77993E-1 6.71237E-1 6.65676E-1 6.83399E-1 6.82167E-1 6.82577E-1 6.6471E-1 6.85428E-1 6.77341E-1 6.85273E-1 6.86431E-1 6.77536E-1 6.76906E-1 6.82928E-1 6.8577E-1 6.85071E-1 6.86445E-1
1.66556E-1 1.96693E-1 2.19987E-1 2.6235E-1 3.46254E-1 4.32473E-1 5.56467E-1 6.54501E-1 6.66243E-1 6.75775E-1 6.70557E-1 6.48427E-1 -9999 -9999 6.6139E-1 6.6662E-1 6.69543E-1 6.70327E-1 6.70396E-1 6.70988E-1 6.71307E-1 6.70976E-1 6.69824E-1 6.70831E-1 6.70989E-1 6.70874E-1 6.71086E-1 6.71587E-1 6.72357E-1 6.72029E-1 6.71351E-1 6.70332E-1 6.68868E-1 6.66738E-1 6.69642E-1 6.67857E-1 6.70639E-1 6.68551E-1 6.67651E-1 6.68531E-1 6.69617E-1 6.71056E-1 6.72979E-1 6.7433E-1 6.6951E-1 6.77282E-1 6.74832E-1 6.68615E-1 6.76383E-1 6.76493E-1 6.80862E-1 6.75465E-1 6.72563E-1 6.79099E-1 6.69397E-1 6.81391E-1 6.56179E-1 6.77356E-1 6.81933E-1
9.34512E-2 1.08208E-1 1.18528E-1 1.33794E-1 1.67482E-1 2.16674E-1 2.8115E-1 3.71628E-1 5.12416E-1 6.02082E-1 5.65223E-1 4.26E-1 -9999 5.00234E-1 5.57971E-1 6.09441E-1 6.47664E-1 6.56126E-1 6.61174E-1 6.6628E-1 6.6697E-1 6.67743E-1 6.68074E-1 6.67976E-1 6.67778E-1 6.67126E-1 6.67642E-1 6.67817E-1 6.67953E-1 6.68201E-1 6.66784E-1 6.67914E-1 6.6619E-1 6.66871E-1 6.66128E-1 6.64432E-1 6.65052E-1 6.64228E-1 6.62228E-1 6.60133E-1 6.62241E-1 6.65878E-1 6.63669E-1 6.66534E-1 6.68909E-1 6.69703E-1 6.61235E-1 6.58098E-1 6.69129E-1 6.63422E-1 6.59093E-1 6.70906E-1 6.73439E-1 6.71139E-1 6.73477E-1 6.73512E-1 6.75303E-1 6.76041E-1 6.71202E-1
4.50228E-2 5.37227E-2 6.28523E-2 7.58733E-2 9.49933E-2 1.08493E-1 1.32776E-1 1.62696E-1 1.98352E-1 2.29882E-1 2.45101E-1 2.30205E-1 2.39684E-1 2.66785E-1 2.99357E-1 3.40801E-1 3.87341E-1 4.66655E-1 5.65578E-1 6.3063E-1 6.48606E-1 6.54152E-1 6.559E-1 6.5716E-1 6.57977E-1 6.58473E-1 6.58853E-1 6.56472E-1 6.54743E-1 6.54897E-1 6.56794E-1 6.58858E-1 6.56725E-1 6.57293E-1 6.56145E-1 6.57717E-1 6.54413E-1 6.55011E-1 6.50877E-1 6.50192E-1 6.53347E-1 6.54166E-1 6.52227E-1 6.53166E-1 6.54348E-1 6.54074E-1 6.45557E-1 6.55644E-1 6.55287E-1 6.57124E-1 6.59428E-1 6.63682E-1 6.64747E-1 6.64538E-1 6.5907E-1 6.61541E-1 6.66788E-1 6.67203E-1 6.62261E-1
3.58755E-2 3.81927E-2 4.13276E-2 4.05934E-2 3.96768E-2 4.12145E-2 4.85943E-2 6.2498E-2 8.63457E-2 1.10656E-1 1.2468E-1 -9999 1.13434E-1 1.41627E-1 1.51157E-1 1.68214E-1 1.94855E-1 2.27386E-1 2.87783E-1 3.60171E-1 4.16374E-1 4.71573E-1 5.07334E-1 5.33935E-1 5.48155E-1 5.51095E-1 5.48173E-1 4.6687E-1 4.11965E-1 4.36634E-1 4.87849E-1 5.08677E-1 4.78032E-1 5.45192E-1 5.97445E-1 6.23178E-1 6.37176E-1 6.40069E-1 6.3944E-1 6.29691E-1 6.43712E-1 6.43787E-1 6.39603E-1 6.35227E-1 6.4295E-1 6.455E-1 6.40338E-1 6.3125E-1 6.27105E-1 6.30041E-1 6.3218E-1 6.36922E-1 6.30292E-1 6.09233E-1 6.08174E-1 6.28563E-1 6.37583E-1 6.37302E-1 6.31991E-1
5.51413E-2 5.70657E-2 5.08998E-2 4.24099E-2 2.90399E-2 2.41812E-2 2.53037E-2 2.8648E-2 3.32959E-2 4.31518E-2 5.22497E-2 -9999 -9999 6.65402E-2 8.38358E-2 9.74995E-2 1.05172E-1 1.19613E-1 1.48849E-1 1.85249E-1 2.0957E-1 2.42199E-1 2.58083E-1 2.60552E-1 2.62301E-1 2.54336E-1 2.45052E-1 2.14681E-1 2.01308E-1 2.12299E-1 2.17329E-1 2.13913E-1 2.10228E-1 2.49713E-1 3.08238E-1 3.52806E-1 4.00369E-1 4.55053E-1 4.96498E-1 5.31008E-1 5.54353E-1 5.73499E-1 5.63226E-1 5.52548E-1 5.48515E-1 5.49991E-1 5.56563E-1 5.68757E-1 5.64728E-1 5.60917E-1 5.47865E-1 5.44892E-1 5.28738E-1 5.15005E-1 5.15531E-1 5.2617E-1 5.41074E-1 5.4888E-1 5.60006E-1
1.31724E-1 1.75276E-1 1.36024E-1 7.92948E-2 3.89683E-2 2.58804E-2 2.53495E-2 2.22599E-2 2.10778E-2 2.26614E-2 2.65807E-2 -9999 -9999 2.98224E-2 3.36359E-2 3.62674E-2 3.75181E-2 4.30352E-2 6.44869E-2 9.34294E-2 1.05728E-1 1.18561E-1 1.29377E-1 1.21743E-1 1.21545E-1 1.1636E-1 1.12777E-1 1.13592E-1 1.1012E-1 9.48979E-2 8.44222E-2 8.3069E-2 9.90236E-2 1.06719E-1 1.19568E-1 1.46553E-1 1.81133E-1 2.15339E-1 2.46539E-1 2.74584E-1 3.12292E-1 3.23466E-1 2.91951E-1 3.02809E-1 3.40925E-1 3.61358E-1 3.7977E-1 4.03885E-1 3.94781E-1 4.06422E-1 4.1355E-1 4.22207E-1 3.97212E-1 3.93233E-1 4.07599E-1 4.22956E-1 4.40318E-1 4.45029E-1 4.40054E-1
1.47909E-1 2.31014E-1 2.93295E-1 2.4477E-1 1.39939E-1 7.33984E-2 3.32341E-2 2.26882E-2 1.87404E-2 1.83101E-2 1.87902E-2 1.85204E-2 1.82857E-2 -9999 -9999 1.89706E-2 1.90234E-2 2.0482E-2 2.64264E-2 3.29427E-2 3.80761E-2 4.39072E-2 4.91211E-2 5.00614E-2 4.70356E-2 4.13288E-2 4.1323E-2 4.35381E-2 4.00078E-2 3.077E-2 2.65114E-2 2.88069E-2 3.26675E-2 3.375E-2 3.59693E-2 4.29629E-2 5.41159E-2 7.23927E-2 9.43091E-2 1.10981E-1 1.27794E-1 1.14757E-1 1.09337E-1 1.2391E-1 1.50031E-1 1.68131E-1 1.68786E-1 1.80561E-1 1.82498E-1 1.92311E-1 1.90682E-1 2.05925E-1 2.07165E-1 2.36023E-1 2.67343E-1 2.79184E-1 3.06825E-1 3.05994E-1 2.80848E-1
1.03176E-1 1.54533E-1 2.4446E-1 2.43512E-1 1.48831E-1 -9999 3.60783E-2 2.37821E-2 1.98409E-2 -9999 -9999 -9999 1.52943E-2 1.39143E-2 -9999 1.28752E-2 1.31061E-2 1.34005E-2 1.4409E-2 1.53301E-2 1.70078E-2 1.9202E-2 1.86284E-2 2.04142E-2 1.98808E-2 1.75219E-2 1.70936E-2 1.76037E-2 1.669E-2 1.47608E-2 1.40968E-2 1.50059E-2 1.50498E-2 1.45958E-2 1.39371E-2 1.49713E-2 1.78968E-2 2.04137E-2 2.37099E-2 3.21952E-2 3.69402E-2 3.36443E-2 3.32416E-2 3.43676E-2 4.43095E-2 6.0254E-2 6.92948E-2 7.09298E-2 6.78394E-2 7.7638E-2 8.91213E-2 1.02327E-1 9.61604E-2 1.11372E-1 1.38597E-1 1.41588E-1 1.42374E-1 1.44984E-1 1.46791E-1
5.49969E-2 8.08521E-2 1.07519E-1 1.18822E-1 7.21845E-2 5.22071E-2 -9999 3.09861E-2 2.32091E-2 1.73957E-2 -9999 -9999 -9999 1.20323E-2 1.1262E-2 -9999 1.10248E-2 1.07757E-2 1.0868E-2 1.07762E-2 1.1003E-2 1.14448E-2 1.22258E-2 1.29218E-2 1.2523E-2 1.18282E-2 1.1271E-2 1.10016E-2 1.06668E-2 1.03032E-2 9.91731E-3 9.65913E-3 9.41478E-3 9.18705E-3 8.93047E-3 9.12996E-3 9.20467E-3 9.05939E-3 9.78566E-3 1.1904E-2 1.32821E-2 1.35895E-2 1.49006E-2 1.57571E-2 1.69239E-2 2.0075E-2 2.37841E-2 2.30506E-2 2.5705E-2 3.11098E-2 3.68672E-2 3.9715E-2 3.7332E-2 4.32928E-2 6.0891E-2 5.04237E-2 4.80702E-2 5.52124E-2 6.31317E-2
