data/Modelo 2/FALn_min.asc
ncols         78
nrows         61
xllcorner     -149.5
yllcorner     -28.5
cellsize      1.0
NODATA_value  -9999
[rows 0 to 25 of 61, columns 0 to 58 of 78]
1.23408E-2 1.02668E-2 8.73111E-3 7.66283E-3 8.34683E-3 7.93465E-3 6.92101E-3 6.16012E-3 -9999 4.49989E-3 4.0848E-3 3.74659E-3 3.80532E-3 3.73651E-3 3.46075E-3 -9999 4.2429E-3 -9999 -9999 -9999 -9999 -9999 -9999 -9999 6.20841E-2 -9999 -9999 -9999 -9999 8.17971E-2 1.03665E-1 1.30976E-1 -9999 -9999 -9999 -9999 -9999 -9999 -9999 -9999 -9999 -9999 -9999 -9999 -9999 -9999 -9999 -9999 -9999 -9999 -9999 -9999 -9999 -9999 -9999 -9999 -9999 -9999 -9999
1.64555E-2 1.47786E-2 1.22778E-2 8.58365E-3 7.21685E-3 6.23775E-3 6.05803E-3 5.99894E-3 5.46793E-3 4.9517E-3 4.75743E-3 4.45755E-3 4.37326E-3 4.31511E-3 3.93767E-3 3.93782E-3 3.98171E-3 4.11483E-3 -9999 -9999 -9999 -9999 -9999 1.32415E-2 2.5381E-2 -9999 5.62832E-2 8.43591E-2 8.29299E-2 9.13739E-2 9.15747E-2 1.32072E-1 -9999 -9999 -9999 -9999 -9999 -9999 -9999 -9999 -9999 -9999 -9999 -9999 -9999 -9999 -9999 -9999 -9999 -9999 -9999 -9999 -9999 -9999 -9999 -9999 -9999 -9999 -9999
1.68971E-2 1.66844E-2 1.45149E-2 -9999 8.43421E-3 6.40579E-3 -9999 -9999 5.90298E-3 5.42042E-3 5.15236E-3 4.87888E-3 4.46256E-3 4.22521E-3 3.64664E-3 3.57315E-3 3.41791E-3 3.14943E-3 -9999 3.05572E-3 -9999 -9999 2.80799E-3 -9999 5.45714E-3 6.26835E-3 1.17143E-2 -9999 5.51524E-2 1.0471E-1 1.20193E-1 1.25525E-1 1.3756E-1 -9999 6.97302E-1 7.06448E-1 -9999 -9999 -9999 -9999 -9999 -9999 -9999 -9999 -9999 -9999 -9999 -9999 -9999 -9999 -9999 -9999 -9999 -9999 -9999 -9999 -9999 -9999 -9999
1.72826E-2 1.64339E-2 -9999 1.20901E-2 9.60375E-3 -9999 6.99402E-3 6.40115E-3 5.79431E-3 -9999 -9999 -9999 4.18024E-3 4.20746E-3 3.75604E-3 3.30042E-3 2.37599E-3 2.85946E-3 2.91832E-3 2.75516E-3 2.31246E-3 2.02493E-3 2.0453E-3 2.02853E-3 2.46973E-3 -9999 -9999 -9999 1.25437E-2 -9999 5.73974E-2 -9999 1.31919E-1 1.54664E-1 -9999 -9999 6.97636E-1 -9999 -9999 -9999 -9999 -9999 -9999 -9999 -9999 -9999 -9999 -9999 -9999 -9999 -9999 -9999 -9999 -9999 -9999 -9999 -9999 -9999 -9999
1.29007E-2 1.29289E-2 1.1137E-2 9.28757E-3 8.92231E-3 8.25639E-3 7.5248E-3 6.57572E-3 -9999 4.07321E-3 4.50722E-3 3.41961E-3 3.97372E-3 2.91302E-3 3.52021E-3 3.2845E-3 3.01014E-3 2.90961E-3 2.79108E-3 2.52588E-3 2.2309E-3 2.01004E-3 1.85317E-3 1.82836E-3 -9999 -9999 3.00937E-3 -9999 -9999 -9999 2.44133E-2 -9999 1.86803E-1 1.66929E-1 1.94642E-1 -9999 -9999 -9999 -9999 -9999 -9999 -9999 -9999 -9999 -9999 -9999 -9999 -9999 -9999 -9999 -9999 -9999 -9999 -9999 -9999 -9999 -9999 -9999 -9999
1.1008E-2 1.06535E-2 9.88074E-3 8.86702E-3 -9999 8.11178E-3 7.83786E-3 7.23628E-3 6.42646E-3 5.91832E-3 4.47717E-3 3.63303E-3 4.00678E-3 3.70425E-3 3.37579E-3 3.29311E-3 3.0966E-3 2.90996E-3 2.69376E-3 2.52825E-3 2.33407E-3 2.16677E-3 2.08537E-3 -9999 -9999 -9999 -9999 -9999 -9999 -9999 -9999 -9999 -9999 2.41161E-1 -9999 -9999 -9999 -9999 -9999 -9999 -9999 -9999 -9999 -9999 -9999 -9999 -9999 -9999 -9999 -9999 -9999 -9999 -9999 -9999 -9999 -9999 -9999 -9999 -9999
1.04847E-2 1.00745E-2 9.44045E-3 8.77747E-3 8.30288E-3 7.90542E-3 7.70841E-3 7.44358E-3 6.86506E-3 6.20323E-3 5.47479E-3 4.54916E-3 4.1612E-3 4.00866E-3 3.67518E-3 3.49325E-3 3.31091E-3 2.57101E-3 2.9227E-3 2.72261E-3 2.50345E-3 2.37768E-3 2.34385E-3 2.32008E-3 -9999 -9999 -9999 1.93754E-3 -9999 -9999 -9999 -9999 -9999 -9999 3.26918E-1 3.77735E-1 -9999 -9999 6.75834E-1 -9999 -9999 -9999 -9999 -9999 -9999 -9999 -9999 -9999 -9999 -9999 -9999 -9999 -9999 -9999 -9999 -9999 -9999 -9999 -9999
1.0086E-2 9.51098E-3 8.29121E-3 8.06457E-3 8.3062E-3 8.0227E-3 7.82393E-3 7.54277E-3 6.68766E-3 6.60155E-3 6.00644E-3 5.32441E-3 4.8811E-3 4.50598E-3 3.95552E-3 3.82068E-3 3.581E-3 3.36671E-3 3.1583E-3 2.9894E-3 2.85491E-3 -9999 -9999 -9999 -9999 -9999 -9999 -9999 -9999 -9999 -9999 -9999 -9999 5.9769E-2 -9999 4.33078E-1 5.20632E-1 -9999 6.96919E-1 6.7386E-1 -9999 -9999 -9999 -9999 -9999 -9999 -9999 -9999 -9999 -9999 -9999 -9999 -9999 -9999 -9999 -9999 -9999 -9999 -9999
1.01137E-2 9.66619E-3 9.12028E-3 8.67168E-3 8.44044E-3 8.24666E-3 7.74451E-3 7.76649E-3 7.52197E-3 7.0971E-3 6.52503E-3 6.12471E-3 5.61574E-3 4.87367E-3 4.68978E-3 3.6044E-3 4.01231E-3 3.81205E-3 3.60068E-3 3.50606E-3 -9999 -9999 -9999 -9999 -9999 -9999 -9999 -9999 -9999 -9999 -9999 -9999 -9999 4.42943E-2 -9999 3.50054E-1 6.06861E-1 -9999 6.9017E-1 6.83539E-1 6.64939E-1 -9999 -9999 -9999 -9999 -9999 -9999 -9999 -9999 -9999 -9999 -9999 -9999 -9999 -9999 -9999 -9999 -9999 -9999
1.03834E-2 9.89493E-3 9.27503E-3 8.8685E-3 8.67666E-3 8.37271E-3 8.06053E-3 7.84957E-3 7.74427E-3 7.62457E-3 7.32763E-3 6.8722E-3 6.29854E-3 5.71881E-3 5.37016E-3 5.0384E-3 4.67485E-3 4.42395E-3 4.44032E-3 4.47922E-3 3.20639E-3 -9999 -9999 -9999 -9999 -9999 -9999 -9999 3.53178E-3 -9999 -9999 -9999 -9999 -9999 -9999 -9999 6.46418E-1 6.84058E-1 6.86441E-1 -9999 6.67224E-1 6.61123E-1 -9999 -9999 -9999 -9999 -9999 -9999 -9999 -9999 -9999 -9999 -9999 -9999 -9999 -9999 -9999 -9999 -9999
1.04558E-2 1.00613E-2 9.37657E-3 8.9446E-3 8.78373E-3 8.54447E-3 8.3868E-3 8.30912E-3 6.85285E-3 8.44791E-3 8.29894E-3 7.78229E-3 7.35003E-3 6.73188E-3 6.42369E-3 6.17792E-3 5.83321E-3 5.72646E-3 -9999 -9999 -9999 -9999 -9999 -9999 -9999 -9999 -9999 -9999 -9999 -9999 -9999 -9999 -9999 -9999 -9999 1.7594E-1 5.72474E-1 6.63333E-1 6.6922E-1 6.67602E-1 6.66653E-1 6.63923E-1 6.39764E-1 -9999 -9999 -9999 -9999 -9999 -9999 -9999 -9999 -9999 -9999 -9999 -9999 -9999 -9999 -9999 -9999
1.08215E-2 1.0095E-2 9.49197E-3 9.21433E-3 8.92981E-3 8.77122E-3 8.56704E-3 8.76946E-3 9.12235E-3 9.52403E-3 9.98497E-3 9.69376E-3 8.55645E-3 7.90979E-3 8.04211E-3 -9999 8.36353E-3 8.14826E-3 8.72438E-3 -9999 -9999 -9999 -9999 -9999 -9999 -9999 -9999 8.54996E-3 -9999 -9999 -9999 -9999 2.06495E-2 4.19988E-2 -9999 -9999 3.81339E-1 6.40203E-1 6.54894E-1 6.59944E-1 6.58292E-1 6.55571E-1 6.42443E-1 5.41328E-1 -9999 -9999 -9999 -9999 -9999 -9999 -9999 -9999 -9999 -9999 -9999 -9999 -9999 -9999 -9999
1.13224E-2 1.06636E-2 1.03316E-2 1.04306E-2 9.80077E-3 9.16279E-3 9.15216E-3 9.59605E-3 1.04974E-2 1.13545E-2 1.30997E-2 1.46599E-2 -9999 -9999 1.08616E-2 1.09454E-2 1.12874E-2 -9999 -9999 -9999 1.34366E-2 -9999 -9999 -9999 -9999 -9999 -9999 -9999 -9999 -9999 -9999 -9999 -9999 9.2846E-2 1.50088E-1 3.01574E-1 4.52944E-1 6.11317E-1 6.38452E-1 6.47601E-1 6.52576E-1 6.55655E-1 6.50892E-1 -9999 -9999 -9999 -9999 -9999 -9999 -9999 -9999 -9999 -9999 -9999 -9999 -9999 -9999 -9999 -9999
1.21741E-2 1.24746E-2 1.27993E-2 1.24815E-2 1.12351E-2 -9999 1.00688E-2 1.07217E-2 1.25589E-2 -9999 -9999 1.25965E-2 2.46624E-2 -9999 2.42757E-2 1.82281E-2 1.60448E-2 -9999 -9999 -9999 -9999 -9999 -9999 -9999 -9999 9.50614E-2 -9999 -9999 -9999 -9999 -9999 -9999 -9999 8.4709E-2 -9999 -9999 -9999 -9999 -9999 6.36189E-1 6.48909E-1 6.51937E-1 6.63986E-1 6.62488E-1 -9999 -9999 -9999 -9999 -9999 -9999 -9999 -9999 -9999 -9999 -9999 -9999 -9999 -9999 -9999
1.37563E-2 1.43488E-2 1.56639E-2 -9999 1.60153E-2 1.29731E-2 1.25011E-2 1.50204E-2 1.86318E-2 2.05169E-2 -9999 2.85799E-2 -9999 -9999 -9999 -9999 -9999 5.20984E-2 -9999 -9999 -9999 -9999 -9999 -9999 -9999 2.90103E-1 -9999 -9999 -9999 -9999 -9999 -9999 1.00234E-1 9.41112E-2 -9999 -9999 -9999 -9999 -9999 6.46373E-1 6.43766E-1 6.47011E-1 6.55738E-1 6.58542E-1 6.33978E-1 -9999 -9999 -9999 -9999 -9999 -9999 -9999 -9999 -9999 -9999 -9999 -9999 -9999 -9999
1.87096E-2 1.89344E-2 2.06704E-2 -9999 -9999 2.64469E-2 -9999 2.71317E-2 3.8659E-2 4.28932E-2 4.59198E-2 -9999 9.64375E-2 -9999 -9999 -9999 -9999 -9999 -9999 -9999 -9999 -9999 3.79437E-1 -9999 -9999 -9999 -9999 -9999 5.02995E-1 4.5424E-1 3.72713E-1 3.2049E-1 2.4163E-1 1.60672E-1 1.54255E-1 2.9207E-1 4.54164E-1 5.60432E-1 6.48472E-1 6.113E-1 6.42112E-1 6.43729E-1 6.48203E-1 6.44426E-1 6.1917E-1 5.48659E-1 5.3435E-1 4.61747E-1 -9999 -9999 -9999 -9999 -9999 -9999 -9999 -9999 -9999 -9999 -9999
-9999 2.80115E-2 2.92877E-2 -9999 -9999 -9999 -9999 -9999 8.78728E-2 1.07733E-1 -9999 -9999 1.81274E-1 -9999 -9999 -9999 -9999 -9999 -9999 -9999 -9999 -9999 -9999 -9999 -9999 -9999 -9999 -9999 6.50374E-1 6.28343E-1 6.12453E-1 6.1128E-1 5.68422E-1 3.93678E-1 3.50783E-1 4.47235E-1 5.84775E-1 5.69648E-1 5.86001E-1 5.92032E-1 6.14039E-1 6.29173E-1 6.25161E-1 6.05564E-1 -9999 5.16293E-1 -9999 -9999 4.57928E-1 4.17198E-1 -9999 -9999 -9999 -9999 -9999 -9999 -9999 -9999 -9999
-9999 4.85409E-2 4.63325E-2 5.89549E-2 -9999 -9999 -9999 -9999 -9999 -9999 2.33665E-1 2.99097E-1 -9999 -9999 -9999 -9999 -9999 -9999 -9999 6.59307E-1 6.62518E-1 -9999 -9999 -9999 -9999 -9999 -9999 6.4138E-1 6.57443E-1 6.54979E-1 6.53313E-1 6.50808E-1 6.36298E-1 6.49582E-1 6.4835E-1 6.46089E-1 6.4126E-1 6.17606E-1 6.06736E-1 6.1303E-1 6.26963E-1 6.19357E-1 5.793E-1 5.49564E-1 -9999 -9999 -9999 -9999 -9999 3.93195E-1 -9999 -9999 4.9735E-1 -9999 -9999 4.13776E-1 -9999 -9999 -9999
7.25637E-2 1.0307E-1 1.08567E-1 1.02532E-1 -9999 1.4218E-1 1.64431E-1 -9999 2.47881E-1 -9999 -9999 4.1966E-1 4.3932E-1 5.63187E-1 -9999 -9999 6.56428E-1 6.58119E-1 -9999 6.64958E-1 6.66934E-1 6.68821E-1 -9999 -9999 -9999 -9999 -9999 6.52935E-1 6.6491E-1 6.61158E-1 6.58374E-1 6.55319E-1 6.53692E-1 6.54094E-1 6.54076E-1 6.54807E-1 6.53197E-1 6.46628E-1 6.33591E-1 6.2309E-1 6.03197E-1 5.78262E-1 5.49603E-1 5.27913E-1 4.87699E-1 -9999 4.14894E-1 -9999 4.52574E-1 4.3319E-1 -9999 -9999 -9999 -9999 6.00683E-1 4.59045E-1 3.54289E-1 -9999 -9999
1.13855E-1 1.11412E-1 1.30129E-1 1.74835E-1 2.31785E-1 -9999 2.76131E-1 -9999 -9999 -9999 -9999 5.12794E-1 -9999 6.1496E-1 6.50327E-1 6.54323E-1 6.29495E-1 6.58688E-1 6.60885E-1 6.63177E-1 6.65316E-1 6.67041E-1 6.68366E-1 6.68207E-1 -9999 6.22045E-1 6.59508E-1 6.65386E-1 6.64635E-1 6.64092E-1 6.60326E-1 6.55873E-1 6.54216E-1 6.55009E-1 6.5541E-1 6.56694E-1 6.31293E-1 6.42192E-1 6.28568E-1 6.08769E-1 5.90161E-1 5.60831E-1 5.49668E-1 5.31633E-1 5.05805E-1 -9999 4.92825E-1 -9999 -9999 -9999 4.67379E-1 -9999 -9999 5.85203E-1 5.40373E-1 4.65123E-1 4.21709E-1 -9999 4.11698E-1
1.64496E-1 1.72108E-1 -9999 2.84645E-1 4.34962E-1 5.46044E-1 5.72891E-1 6.04586E-1 5.41138E-1 5.12068E-1 -9999 -9999 6.49349E-1 6.50037E-1 6.40757E-1 6.56204E-1 6.56983E-1 6.57426E-1 6.5914E-1 6.60728E-1 6.62056E-1 6.62004E-1 6.61837E-1 6.60848E-1 6.60386E-1 6.61223E-1 6.61158E-1 6.61267E-1 6.61141E-1 6.61138E-1 6.59125E-1 6.56805E-1 6.55236E-1 6.55132E-1 6.54434E-1 6.4528E-1 6.4064E-1 6.30841E-1 6.25956E-1 6.08048E-1 5.97498E-1 5.76401E-1 5.65249E-1 5.50422E-1 5.38195E-1 5.28673E-1 5.19452E-1 4.83801E-1 5.02261E-1 4.83546E-1 5.0652E-1 -9999 -9999 5.58153E-1 5.00544E-1 -9999 4.66057E-1 -9999 -9999
2.50414E-1 3.22159E-1 4.54859E-1 5.87988E-1 6.22113E-1 6.29995E-1 6.36832E-1 6.52782E-1 6.53555E-1 6.50936E-1 6.55409E-1 6.27487E-1 6.45845E-1 6.49928E-1 6.56157E-1 6.58446E-1 6.58738E-1 6.58139E-1 6.57472E-1 6.58031E-1 6.58612E-1 6.57901E-1 6.5795E-1 6.58361E-1 6.58465E-1 6.58155E-1 6.57628E-1 6.58657E-1 6.59839E-1 6.59104E-1 6.58281E-1 6.57345E-1 6.55264E-1 6.54363E-1 6.48675E-1 6.42106E-1 6.36868E-1 6.34667E-1 6.28054E-1 6.19207E-1 5.44448E-1 5.96002E-1 5.55156E-1 5.58077E-1 5.56545E-1 -9999 5.18717E-1 -9999 -9999 5.3671E-1 -9999 -9999 -9999 5.07514E-1 5.18938E-1 -9999 -9999 -9999 4.50846E-1
3.6247E-1 4.03188E-1 5.55089E-1 6.22022E-1 6.53013E-1 6.52441E-1 6.53165E-1 6.55776E-1 6.57879E-1 6.57986E-1 6.49919E-1 6.60002E-1 6.58392E-1 6.60007E-1 6.59191E-1 6.58365E-1 6.57387E-1 6.5506E-1 6.56574E-1 6.52883E-1 6.56088E-1 6.53927E-1 6.57366E-1 6.56578E-1 6.58026E-1 6.58085E-1 6.55442E-1 6.54652E-1 6.57148E-1 6.55498E-1 6.53072E-1 6.521E-1 6.52335E-1 6.53008E-1 6.48195E-1 6.43925E-1 6.03423E-1 6.28483E-1 5.96911E-1 6.26976E-1 6.20323E-1 5.98376E-1 -9999 5.98787E-1 5.8623E-1 5.7574E-1 -9999 5.6694E-1 5.7785E-1 5.67182E-1 5.79441E-1 5.78865E-1 5.70689E-1 5.38706E-1 5.54909E-1 5.53342E-1 5.63689E-1 5.91184E-1 6.30163E-1
4.64639E-1 5.47554E-1 5.96954E-1 5.93607E-1 6.26706E-1 6.50616E-1 6.51902E-1 6.53176E-1 6.53669E-1 6.5409E-1 6.47963E-1 6.52993E-1 6.5259E-1 6.52809E-1 6.52173E-1 6.49853E-1 6.49944E-1 6.48193E-1 6.47911E-1 6.48808E-1 6.50251E-1 6.46208E-1 6.45627E-1 6.49291E-1 6.43441E-1 6.56526E-1 6.52947E-1 6.50469E-1 6.42006E-1 6.4316E-1 6.49535E-1 6.47536E-1 6.4757E-1 6.48287E-1 6.46136E-1 6.41421E-1 6.34651E-1 6.1552E-1 6.35537E-1 6.35288E-1 6.29988E-1 -9999 5.95591E-1 -9999 -9999 6.08023E-1 6.02707E-1 5.90183E-1 6.05068E-1 5.19982E-1 6.07531E-1 6.03367E-1 5.95003E-1 5.92097E-1 5.97528E-1 6.03793E-1 6.04645E-1 6.04826E-1 5.69441E-1
5.69595E-1 5.68963E-1 5.95153E-1 5.6525E-1 6.10162E-1 6.18693E-1 6.28535E-1 6.31247E-1 6.33877E-1 6.19971E-1 6.3513E-1 6.23726E-1 6.11528E-1 6.20329E-1 6.31434E-1 6.24909E-1 6.22007E-1 6.20484E-1 6.22961E-1 6.27409E-1 6.03906E-1 6.37407E-1 6.44627E-1 6.46403E-1 6.49082E-1 6.5236E-1 6.53525E-1 6.42001E-1 6.53692E-1 6.49929E-1 6.52181E-1 6.53469E-1 6.50757E-1 6.49225E-1 6.47864E-1 6.31716E-1 6.44318E-1 6.41182E-1 6.4108E-1 6.05582E-1 6.40289E-1 6.36619E-1 6.36847E-1 6.37459E-1 6.39209E-1 6.3541E-1 6.2865E-1 6.29872E-1 6.27649E-1 6.22652E-1 6.06705E-1 6.21758E-1 6.17164E-1 6.1203E-1 5.87952E-1 5.82336E-1 5.72466E-1 5.53955E-1 5.20615E-1
6.41421E-1 6.42416E-1 6.53988E-1 6.50823E-1 6.47256E-1 6.39058E-1 6.50521E-1 6.24925E-1 6.52997E-1 6.4796E-1 6.52052E-1 6.16256E-1 6.24515E-1 6.38444E-1 6.36946E-1 6.39024E-1 6.22711E-1 6.29036E-1 6.3528E-1 6.42882E-1 6.3988E-1 6.48246E-1 6.48158E-1 6.49659E-1 6.51532E-1 6.52369E-1 6.42959E-1 6.52623E-1 6.43194E-1 6.12169E-1 6.57774E-1 6.58085E-1 6.52766E-1 6.55544E-1 6.45385E-1 6.51555E-1 6.45635E-1 6.48681E-1 6.49653E-1 6.30028E-1 6.48512E-1 6.47641E-1 6.49843E-1 6.5241E-1 6.52965E-1 6.54761E-1 6.52548E-1 6.50786E-1 6.50488E-1 6.42406E-1 6.26645E-1 6.2662E-1 6.28944E-1 6.1465E-1 6.15929E-1 6.04453E-1 5.76964E-1 5.51948E-1 5.29134E-1
