data/Modelo 2/FALn_stddev.asc
ncols         78
nrows         61
xllcorner     -149.5
yllcorner     -28.5
cellsize      1.0
NODATA_value  -9999
[rows 0 to 25 of 61, columns 0 to 58 of 78]
8.08788E-4 6.34444E-4 5.22529E-4 4.49065E-4 4.95194E-4 4.69522E-4 3.98082E-4 3.37589E-4 -9999 2.54211E-4 2.28746E-4 2.10032E-4 2.15003E-4 2.14848E-4 2.34581E-4 -9999 3.3343E-4 -9999 -9999 -9999 -9999 -9999 -9999 -9999 6.36983E-3 -9999 -9999 -9999 -9999 7.62863E-3 7.90682E-3 8.57813E-3 -9999 -9999 -9999 -9999 -9999 -9999 -9999 -9999 -9999 -9999 -9999 -9999 -9999 -9999 -9999 -9999 -9999 -9999 -9999 -9999 -9999 -9999 -9999 -9999 -9999 -9999 -9999
1.11103E-3 9.79767E-4 8.05678E-4 5.19155E-4 4.20016E-4 3.50329E-4 3.37679E-4 3.28113E-4 2.93873E-4 2.54387E-4 2.44246E-4 2.30105E-4 2.2839E-4 2.2806E-4 2.23757E-4 2.46405E-4 2.7087E-4 3.19928E-4 -9999 -9999 -9999 -9999 -9999 1.95548E-3 3.03119E-3 -9999 5.44827E-3 8.29303E-3 8.24319E-3 8.63609E-3 9.73515E-3 8.41346E-3 -9999 -9999 -9999 -9999 -9999 -9999 -9999 -9999 -9999 -9999 -9999 -9999 -9999 -9999 -9999 -9999 -9999 -9999 -9999 -9999 -9999 -9999 -9999 -9999 -9999 -9999 -9999
1.05683E-3 1.10699E-3 9.4267E-4 -9999 4.76734E-4 3.71838E-4 -9999 -9999 3.27588E-4 2.93307E-4 2.75953E-4 2.55887E-4 2.32421E-4 2.1324E-4 1.9478E-4 2.0189E-4 2.06056E-4 2.02084E-4 -9999 3.1689E-4 -9999 -9999 2.89612E-4 -9999 6.77454E-4 8.97038E-4 1.7747E-3 -9999 6.55214E-3 1.06756E-2 9.24486E-3 9.84297E-3 8.06606E-3 -9999 3.02435E-3 4.70261E-3 -9999 -9999 -9999 -9999 -9999 -9999 -9999 -9999 -9999 -9999 -9999 -9999 -9999 -9999 -9999 -9999 -9999 -9999 -9999 -9999 -9999 -9999 -9999
1.03616E-3 1.01731E-3 -9999 6.64349E-4 5.47773E-4 -9999 3.77586E-4 3.56961E-4 3.21548E-4 -9999 -9999 -9999 2.18715E-4 2.11906E-4 1.9427E-4 1.74787E-4 2.05825E-4 1.60059E-4 1.71749E-4 1.73178E-4 1.54754E-4 1.4887E-4 1.50902E-4 1.70443E-4 2.19321E-4 -9999 -9999 -9999 2.09323E-3 -9999 5.13266E-3 -9999 1.25314E-2 7.3994E-3 -9999 -9999 5.5149E-3 -9999 -9999 -9999 -9999 -9999 -9999 -9999 -9999 -9999 -9999 -9999 -9999 -9999 -9999 -9999 -9999 -9999 -9999 -9999 -9999 -9999 -9999
6.43512E-4 6.66536E-4 5.94004E-4 4.7506E-4 4.36937E-4 4.2204E-4 3.80312E-4 3.70875E-4 -9999 4.19464E-4 2.86268E-4 3.19142E-4 2.14813E-4 3.19549E-4 1.84324E-4 1.76255E-4 1.61979E-4 1.59825E-4 1.64425E-4 1.4663E-4 1.29747E-4 1.36999E-4 1.26613E-4 1.24034E-4 -9999 -9999 2.58126E-4 -9999 -9999 -9999 2.82856E-3 -9999 9.87962E-3 9.38185E-3 7.73148E-3 -9999 -9999 -9999 -9999 -9999 -9999 -9999 -9999 -9999 -9999 -9999 -9999 -9999 -9999 -9999 -9999 -9999 -9999 -9999 -9999 -9999 -9999 -9999 -9999
4.42127E-4 4.57464E-4 4.62532E-4 4.20228E-4 -9999 3.94025E-4 3.93955E-4 3.87777E-4 3.62306E-4 3.48562E-4 3.42796E-4 3.36388E-4 2.07598E-4 1.95637E-4 1.71884E-4 1.72626E-4 1.65042E-4 1.56209E-4 1.43014E-4 1.38779E-4 1.30331E-4 1.29516E-4 1.21399E-4 -9999 -9999 -9999 -9999 -9999 -9999 -9999 -9999 -9999 -9999 9.66129E-3 -9999 -9999 -9999 -9999 -9999 -9999 -9999 -9999 -9999 -9999 -9999 -9999 -9999 -9999 -9999 -9999 -9999 -9999 -9999 -9999 -9999 -9999 -9999 -9999 -9999
4.27452E-4 4.26225E-4 4.11404E-4 4.1421E-4 4.14485E-4 4.21285E-4 3.96228E-4 3.80389E-4 3.5583E-4 3.31643E-4 3.09209E-4 2.87013E-4 2.43909E-4 2.17086E-4 1.89254E-4 1.7244E-4 1.6219E-4 2.19532E-4 1.52343E-4 1.4199E-4 1.3571E-4 1.32595E-4 1.29943E-4 1.29873E-4 -9999 -9999 -9999 3.13484E-4 -9999 -9999 -9999 -9999 -9999 -9999 1.02735E-2 1.00252E-2 -9999 -9999 6.21875E-3 -9999 -9999 -9999 -9999 -9999 -9999 -9999 -9999 -9999 -9999 -9999 -9999 -9999 -9999 -9999 -9999 -9999 -9999 -9999 -9999
3.95334E-4 3.99823E-4 4.39251E-4 4.31197E-4 4.01402E-4 3.96735E-4 3.74959E-4 3.5082E-4 3.5118E-4 3.14049E-4 3.0925E-4 2.96392E-4 2.6711E-4 2.56202E-4 2.38463E-4 2.01881E-4 1.83757E-4 1.69152E-4 1.62165E-4 1.55759E-4 1.49244E-4 -9999 -9999 -9999 -9999 -9999 -9999 -9999 -9999 -9999 -9999 -9999 -9999 6.12456E-3 -9999 1.48841E-2 1.83673E-2 -9999 3.87505E-3 4.76281E-3 -9999 -9999 -9999 -9999 -9999 -9999 -9999 -9999 -9999 -9999 -9999 -9999 -9999 -9999 -9999 -9999 -9999 -9999 -9999
4.00669E-4 3.91531E-4 3.9083E-4 3.70259E-4 3.6916E-4 3.6596E-4 3.92346E-4 3.50145E-4 3.24375E-4 2.99851E-4 2.9966E-4 3.06898E-4 3.04832E-4 2.99841E-4 2.46927E-4 3.11928E-4 2.17703E-4 2.0002E-4 1.84993E-4 1.73547E-4 -9999 -9999 -9999 -9999 -9999 -9999 -9999 -9999 -9999 -9999 -9999 -9999 -9999 5.43854E-3 -9999 2.0701E-2 1.71922E-2 -9999 2.9846E-3 2.94379E-3 4.56898E-3 -9999 -9999 -9999 -9999 -9999 -9999 -9999 -9999 -9999 -9999 -9999 -9999 -9999 -9999 -9999 -9999 -9999 -9999
4.05595E-4 3.84699E-4 3.6567E-4 3.61297E-4 3.65032E-4 3.55132E-4 3.53431E-4 3.53678E-4 3.32213E-4 3.18781E-4 3.03932E-4 3.06331E-4 2.94956E-4 3.05288E-4 3.07931E-4 2.7608E-4 2.63359E-4 2.36724E-4 2.49189E-4 2.40801E-4 3.8218E-4 -9999 -9999 -9999 -9999 -9999 -9999 -9999 6.22594E-4 -9999 -9999 -9999 -9999 -9999 -9999 -9999 8.63369E-3 3.40255E-3 3.5504E-3 -9999 4.26248E-3 4.52232E-3 -9999 -9999 -9999 -9999 -9999 -9999 -9999 -9999 -9999 -9999 -9999 -9999 -9999 -9999 -9999 -9999 -9999
4.10309E-4 3.9138E-4 3.71616E-4 3.63635E-4 3.67817E-4 3.63896E-4 3.55776E-4 3.5682E-4 4.69269E-4 3.4887E-4 3.36694E-4 3.19085E-4 3.09968E-4 3.3177E-4 3.05165E-4 3.10882E-4 3.20786E-4 3.28568E-4 -9999 -9999 -9999 -9999 -9999 -9999 -9999 -9999 -9999 -9999 -9999 -9999 -9999 -9999 -9999 -9999 -9999 1.24571E-2 1.11252E-2 5.55245E-3 4.76193E-3 4.78417E-3 4.80798E-3 4.32103E-3 6.46978E-3 -9999 -9999 -9999 -9999 -9999 -9999 -9999 -9999 -9999 -9999 -9999 -9999 -9999 -9999 -9999 -9999
4.3186E-4 4.08747E-4 3.84589E-4 3.73602E-4 3.61219E-4 3.58656E-4 3.83164E-4 3.83894E-4 3.67795E-4 3.83682E-4 4.10166E-4 3.98116E-4 3.6361E-4 3.6284E-4 3.37203E-4 -9999 3.77421E-4 3.72031E-4 4.32132E-4 -9999 -9999 -9999 -9999 -9999 -9999 -9999 -9999 7.45431E-4 -9999 -9999 -9999 -9999 1.48635E-3 2.93739E-3 -9999 -9999 1.3971E-2 7.81835E-3 5.53783E-3 5.32688E-3 5.32917E-3 5.28923E-3 5.6061E-3 1.9918E-2 -9999 -9999 -9999 -9999 -9999 -9999 -9999 -9999 -9999 -9999 -9999 -9999 -9999 -9999 -9999
4.51001E-4 4.42515E-4 4.36922E-4 4.37764E-4 4.08108E-4 3.88827E-4 3.88277E-4 3.91444E-4 4.2424E-4 4.83451E-4 5.60825E-4 6.0098E-4 -9999 -9999 6.1147E-4 4.69082E-4 4.88386E-4 -9999 -9999 -9999 9.12509E-4 -9999 -9999 -9999 -9999 -9999 -9999 -9999 -9999 -9999 -9999 -9999 -9999 6.94187E-3 8.55169E-3 1.23117E-2 1.23679E-2 1.46907E-2 8.26149E-3 5.15241E-3 6.21452E-3 6.03116E-3 4.85144E-3 -9999 -9999 -9999 -9999 -9999 -9999 -9999 -9999 -9999 -9999 -9999 -9999 -9999 -9999 -9999 -9999
4.91715E-4 4.9946E-4 5.1535E-4 5.73754E-4 5.4509E-4 -9999 4.30656E-4 4.633E-4 5.2439E-4 -9999 -9999 1.58133E-3 1.19269E-3 -9999 1.15017E-3 1.09767E-3 1.38886E-3 -9999 -9999 -9999 -9999 -9999 -9999 -9999 -9999 6.81507E-3 -9999 -9999 -9999 -9999 -9999 -9999 -9999 7.53396E-3 -9999 -9999 -9999 -9999 -9999 8.46965E-3 5.81964E-3 6.14494E-3 4.1784E-3 8.22119E-3 -9999 -9999 -9999 -9999 -9999 -9999 -9999 -9999 -9999 -9999 -9999 -9999 -9999 -9999 -9999
5.527E-4 5.72382E-4 6.54275E-4 -9999 6.53273E-4 6.89096E-4 7.28412E-4 7.69424E-4 8.34899E-4 1.00423E-3 -9999 1.9416E-3 -9999 -9999 -9999 -9999 -9999 3.61671E-3 -9999 -9999 -9999 -9999 -9999 -9999 -9999 1.17867E-2 -9999 -9999 -9999 -9999 -9999 -9999 7.13488E-3 7.07682E-3 -9999 -9999 -9999 -9999 -9999 6.04255E-3 5.19857E-3 6.4221E-3 4.42413E-3 4.25838E-3 6.18077E-3 -9999 -9999 -9999 -9999 -9999 -9999 -9999 -9999 -9999 -9999 -9999 -9999 -9999 -9999
8.36089E-4 7.95807E-4 9.3423E-4 -9999 -9999 1.27287E-3 -9999 2.88019E-3 2.23535E-3 2.67364E-3 4.75149E-3 -9999 6.51409E-3 -9999 -9999 -9999 -9999 -9999 -9999 -9999 -9999 -9999 1.79046E-2 -9999 -9999 -9999 -9999 -9999 9.00337E-3 1.22359E-2 1.4908E-2 1.29615E-2 1.09766E-2 8.87305E-3 8.91066E-3 1.24772E-2 1.42804E-2 1.68769E-2 5.9985E-3 8.77289E-3 5.53383E-3 7.00148E-3 5.78242E-3 5.95133E-3 7.35163E-3 1.3253E-2 2.02633E-2 2.67225E-2 -9999 -9999 -9999 -9999 -9999 -9999 -9999 -9999 -9999 -9999 -9999
-9999 1.41231E-3 1.64848E-3 -9999 -9999 -9999 -9999 -9999 6.45025E-3 6.59394E-3 -9999 -9999 8.58053E-3 -9999 -9999 -9999 -9999 -9999 -9999 -9999 -9999 -9999 -9999 -9999 -9999 -9999 -9999 -9999 6.15683E-3 1.05611E-2 1.46193E-2 1.47344E-2 1.0815E-2 1.42373E-2 1.40252E-2 1.24085E-2 1.46017E-2 1.15802E-2 1.58448E-2 1.83045E-2 1.22037E-2 5.03652E-3 8.99534E-3 1.09145E-2 -9999 1.80473E-2 -9999 -9999 2.93431E-2 3.15483E-2 -9999 -9999 -9999 -9999 -9999 -9999 -9999 -9999 -9999
-9999 3.76029E-3 4.62747E-3 4.0658E-3 -9999 -9999 -9999 -9999 -9999 -9999 1.08169E-2 1.18335E-2 -9999 -9999 -9999 -9999 -9999 -9999 -9999 4.04708E-3 4.16551E-3 -9999 -9999 -9999 -9999 -9999 -9999 6.09146E-3 4.92502E-3 5.07877E-3 5.25889E-3 5.55069E-3 6.21743E-3 5.73824E-3 5.39063E-3 6.21874E-3 6.76728E-3 1.20693E-2 1.48475E-2 1.27842E-2 9.2164E-3 8.17112E-3 1.45889E-2 1.89921E-2 -9999 -9999 -9999 -9999 -9999 3.34323E-2 -9999 -9999 2.68931E-2 -9999 -9999 2.87322E-2 -9999 -9999 -9999
7.96196E-3 6.7835E-3 6.82596E-3 6.96683E-3 -9999 7.74141E-3 9.48885E-3 -9999 1.08373E-2 -9999 -9999 1.34603E-2 1.21329E-2 1.20387E-2 -9999 -9999 4.84978E-3 4.73656E-3 -9999 4.30779E-3 4.28181E-3 4.20587E-3 -9999 -9999 -9999 -9999 -9999 5.28725E-3 4.64185E-3 4.89586E-3 4.87518E-3 5.40435E-3 5.61457E-3 5.6378E-3 5.61135E-3 5.50231E-3 5.61331E-3 6.43644E-3 7.17634E-3 9.05232E-3 1.1374E-2 1.49956E-2 1.92936E-2 2.25571E-2 2.48394E-2 -9999 3.58815E-2 -9999 3.01634E-2 3.12882E-2 -9999 -9999 -9999 -9999 1.18207E-2 2.70092E-2 3.4487E-2 -9999 -9999
7.16302E-3 9.11899E-3 9.54379E-3 8.85742E-3 1.02307E-2 -9999 2.49042E-2 -9999 -9999 -9999 -9999 1.60739E-2 -9999 1.40022E-2 5.66774E-3 5.09668E-3 7.47124E-3 5.15761E-3 4.98701E-3 4.81625E-3 4.70674E-3 4.52118E-3 4.44117E-3 4.4415E-3 -9999 9.57797E-3 5.48013E-3 4.77343E-3 4.83584E-3 4.86457E-3 5.09268E-3 5.49984E-3 5.5688E-3 5.37599E-3 5.42187E-3 5.23534E-3 7.00705E-3 6.64067E-3 8.57461E-3 1.10057E-2 1.34569E-2 1.61837E-2 1.99004E-2 2.25007E-2 2.43247E-2 -9999 2.78548E-2 -9999 -9999 -9999 2.85029E-2 -9999 -9999 1.57475E-2 1.90615E-2 2.88977E-2 3.31836E-2 -9999 3.45393E-2
8.71396E-3 1.04496E-2 -9999 1.21923E-2 1.37313E-2 9.96601E-3 1.30603E-2 1.70263E-2 2.2143E-2 2.77116E-2 -9999 -9999 5.77964E-3 5.69357E-3 5.61954E-3 5.40051E-3 4.79453E-3 5.20466E-3 5.31744E-3 5.21035E-3 5.07846E-3 5.15623E-3 5.17857E-3 5.23321E-3 5.26375E-3 5.09776E-3 4.53984E-3 5.03021E-3 5.05378E-3 5.08562E-3 5.22801E-3 5.37193E-3 5.51247E-3 5.53417E-3 5.60667E-3 6.30227E-3 6.6071E-3 7.43787E-3 8.3341E-3 1.0439E-2 1.25888E-2 1.49789E-2 1.79759E-2 2.06179E-2 2.27932E-2 2.49964E-2 2.59306E-2 2.76553E-2 2.84931E-2 2.70946E-2 2.52886E-2 -9999 -9999 1.64405E-2 2.13043E-2 -9999 2.9615E-2 -9999 -9999
1.13563E-2 1.3346E-2 1.26525E-2 1.44336E-2 1.20554E-2 1.02969E-2 8.225E-3 5.46363E-3 4.69928E-3 5.38227E-3 5.31186E-3 8.18745E-3 5.45962E-3 5.4037E-3 4.95842E-3 5.09932E-3 5.00778E-3 5.46077E-3 5.51476E-3 5.07987E-3 5.45565E-3 4.97548E-3 5.28434E-3 5.42865E-3 5.08528E-3 5.42327E-3 5.4927E-3 5.33529E-3 5.10703E-3 5.15643E-3 5.28092E-3 5.18757E-3 5.62027E-3 5.66258E-3 6.1407E-3 5.93072E-3 6.24163E-3 6.9477E-3 8.23691E-3 9.38298E-3 1.91167E-2 1.34352E-2 1.67647E-2 1.77541E-2 2.07626E-2 -9999 2.28222E-2 -9999 -9999 2.1068E-2 -9999 -9999 -9999 2.01638E-2 2.08123E-2 -9999 -9999 -9999 3.43329E-2
1.69834E-2 2.14599E-2 1.74851E-2 8.12641E-3 4.81504E-3 4.94665E-3 5.25387E-3 4.70377E-3 4.69768E-3 5.21135E-3 5.3044E-3 4.90295E-3 5.10605E-3 4.7326E-3 4.82067E-3 5.1542E-3 4.93144E-3 5.29164E-3 5.22263E-3 5.42476E-3 5.65702E-3 5.37346E-3 5.50564E-3 4.82304E-3 5.366E-3 5.35733E-3 5.37156E-3 5.05042E-3 4.23294E-3 4.34472E-3 5.11097E-3 5.2602E-3 5.60021E-3 5.82893E-3 6.10702E-3 5.90069E-3 9.73637E-3 6.35758E-3 1.04198E-2 8.31493E-3 9.36126E-3 1.03971E-2 -9999 1.34996E-2 1.59283E-2 1.75642E-2 -9999 1.5376E-2 1.34936E-2 1.22283E-2 1.2225E-2 1.23316E-2 1.34127E-2 1.51803E-2 1.56048E-2 1.62714E-2 1.53926E-2 1.24306E-2 8.75099E-3
1.21417E-2 9.2188E-3 1.77052E-2 1.30339E-2 7.81114E-3 5.10752E-3 4.82771E-3 4.67654E-3 5.06641E-3 5.3435E-3 5.36731E-3 4.96287E-3 5.61239E-3 5.39151E-3 5.1831E-3 5.51723E-3 5.76309E-3 5.55137E-3 5.57966E-3 5.51899E-3 5.78035E-3 5.65191E-3 5.53476E-3 5.48185E-3 5.19919E-3 5.05272E-3 5.33989E-3 5.14954E-3 4.38078E-3 4.38306E-3 5.20459E-3 5.32397E-3 5.47691E-3 5.71141E-3 6.14803E-3 6.04227E-3 6.20912E-3 7.17204E-3 7.14625E-3 7.71372E-3 8.26144E-3 -9999 1.01162E-2 -9999 -9999 9.55682E-3 9.64842E-3 8.79873E-3 8.56512E-3 2.11787E-2 7.6653E-3 8.45447E-3 9.44752E-3 9.7681E-3 9.42586E-3 9.15818E-3 1.00333E-2 1.18941E-2 1.54286E-2
1.06114E-2 1.27965E-2 1.75263E-2 1.66108E-2 1.53384E-2 1.28429E-2 1.02562E-2 9.54214E-3 8.82698E-3 8.61251E-3 8.7951E-3 1.12176E-2 1.26245E-2 1.13828E-2 9.20288E-3 1.06872E-2 1.14819E-2 1.19903E-2 1.05586E-2 1.01504E-2 1.00704E-2 7.98594E-3 5.60232E-3 5.10958E-3 5.47142E-3 5.32087E-3 5.73484E-3 5.07985E-3 5.64352E-3 5.06866E-3 4.95957E-3 4.95527E-3 5.07061E-3 5.29395E-3 5.43855E-3 5.71866E-3 6.11075E-3 6.11925E-3 6.10145E-3 9.60578E-3 6.50534E-3 6.53195E-3 6.14766E-3 5.75874E-3 5.39104E-3 5.38553E-3 5.87552E-3 5.72202E-3 6.27208E-3 6.64746E-3 6.94568E-3 6.74047E-3 6.67329E-3 7.35125E-3 1.178E-2 1.46457E-2 1.52883E-2 1.61791E-2 1.89788E-2
7.46246E-3 5.66821E-3 4.5208E-3 5.30208E-3 5.10701E-3 5.23729E-3 5.52943E-3 7.41333E-3 4.82535E-3 5.31497E-3 5.62313E-3 9.25656E-3 7.64246E-3 7.82469E-3 8.20346E-3 7.79169E-3 7.98603E-3 8.63055E-3 8.81338E-3 6.86548E-3 6.54547E-3 6.09207E-3 5.85127E-3 5.55881E-3 5.51883E-3 5.25614E-3 5.58508E-3 5.61761E-3 5.57236E-3 1.04417E-2 5.18592E-3 4.92958E-3 5.44901E-3 4.85664E-3 5.36792E-3 5.96612E-3 6.04993E-3 6.05319E-3 6.06844E-3 6.93709E-3 5.87578E-3 5.61388E-3 5.48406E-3 5.29417E-3 4.89388E-3 4.98883E-3 5.80275E-3 5.84165E-3 5.6686E-3 5.60841E-3 5.422E-3 6.01748E-3 5.71988E-3 6.96296E-3 6.79514E-3 9.77713E-3 1.52489E-2 1.63348E-2 1.79878E-2
