data/Modelo 2/FALn_min.asc
ncols         78
nrows         61
xllcorner     -149.5
yllcorner     -28.5
cellsize      1.0
NODATA_value  -9999
[rows 26 to 51 of 61, columns 0 to 58 of 78]
6.61832E-1 6.64159E-1 6.6541E-1 6.64812E-1 6.64446E-1 6.65317E-1 6.62929E-1 6.51521E-1 6.6182E-1 6.62786E-1 6.62432E-1 6.60889E-1 6.60533E-1 6.59442E-1 6.57671E-1 6.58407E-1 6.60817E-1 6.59973E-1 6.59212E-1 6.58182E-1 6.59751E-1 6.42492E-1 6.58843E-1 6.59907E-1 6.60293E-1 6.60809E-1 6.5018E-1 6.62005E-1 6.62112E-1 6.62144E-1 6.63038E-1 6.62828E-1 6.62394E-1 6.59024E-1 6.57799E-1 6.55092E-1 6.53726E-1 6.44862E-1 6.56927E-1 6.58303E-1 6.59354E-1 6.59615E-1 6.59359E-1 6.61719E-1 6.58178E-1 6.64502E-1 6.60368E-1 6.6004E-1 6.62031E-1 6.64835E-1 6.55122E-1 6.47024E-1 6.06866E-1 6.4186E-1 6.36245E-1 6.31036E-1 6.16692E-1 6.09235E-1 6.0365E-1
6.72606E-1 6.71639E-1 6.69462E-1 6.71971E-1 6.7254E-1 6.72564E-1 6.71642E-1 6.70723E-1 6.70314E-1 6.65674E-1 6.71855E-1 6.70228E-1 6.6555E-1 6.68775E-1 6.6818E-1 6.59216E-1 6.6719E-1 6.68798E-1 6.68545E-1 6.68267E-1 6.68984E-1 6.68246E-1 6.64906E-1 6.69086E-1 6.68241E-1 6.68161E-1 6.67177E-1 6.68242E-1 6.69166E-1 6.60838E-1 6.68813E-1 6.69263E-1 6.6957E-1 6.696E-1 6.69103E-1 6.68288E-1 6.67044E-1 6.6135E-1 6.66983E-1 6.65739E-1 6.677E-1 6.6622E-1 6.62794E-1 6.70979E-1 6.69749E-1 6.7172E-1 6.76003E-1 6.79428E-1 6.75719E-1 6.79697E-1 6.79196E-1 6.77462E-1 6.74996E-1 6.69832E-1 6.62562E-1 6.6056E-1 6.54992E-1 6.41667E-1 6.34525E-1
6.7477E-1 6.73391E-1 6.72345E-1 6.74111E-1 6.75071E-1 6.69326E-1 6.66582E-1 6.73663E-1 6.74034E-1 6.70116E-1 6.74185E-1 6.72718E-1 6.71416E-1 6.67122E-1 6.70916E-1 6.69281E-1 6.64866E-1 6.72477E-1 6.72308E-1 6.70034E-1 6.70635E-1 6.72232E-1 6.73063E-1 6.73083E-1 6.71724E-1 6.7292E-1 6.70561E-1 6.7232E-1 6.68638E-1 6.63576E-1 6.72185E-1 6.73038E-1 6.67384E-1 6.7506E-1 6.7554E-1 6.7618E-1 6.76719E-1 6.76951E-1 6.74401E-1 6.7355E-1 6.74578E-1 6.76418E-1 6.77515E-1 6.77625E-1 6.78265E-1 6.8029E-1 6.82407E-1 6.83661E-1 6.8407E-1 6.84539E-1 6.84688E-1 6.84181E-1 6.83224E-1 6.81206E-1 6.76684E-1 6.79351E-1 6.79002E-1 6.78018E-1 6.76221E-1
6.78233E-1 6.73369E-1 6.76422E-1 6.74152E-1 6.74141E-1 6.7192E-1 6.7661E-1 6.75145E-1 6.74191E-1 6.77387E-1 6.76932E-1 6.76464E-1 6.76075E-1 6.75562E-1 6.76055E-1 6.761E-1 6.65684E-1 6.76788E-1 6.77014E-1 6.69802E-1 6.71134E-1 6.75382E-1 6.68296E-1 6.75727E-1 6.57895E-1 6.73134E-1 6.44953E-1 6.66313E-1 6.65379E-1 6.691E-1 6.71156E-1 6.70655E-1 6.75274E-1 6.7669E-1 6.78491E-1 6.8002E-1 6.76503E-1 6.69714E-1 6.78375E-1 6.79247E-1 6.79656E-1 6.80659E-1 6.8183E-1 6.82175E-1 6.82543E-1 6.83561E-1 6.80173E-1 6.8533E-1 6.82308E-1 6.86398E-1 6.85807E-1 6.85344E-1 6.84933E-1 6.84488E-1 6.82729E-1 6.8305E-1 6.82356E-1 6.81985E-1 6.81363E-1
6.83378E-1 6.75538E-1 6.81101E-1 6.7598E-1 6.72299E-1 6.77784E-1 6.76902E-1 6.65565E-1 6.65211E-1 6.68985E-1 6.73112E-1 6.80188E-1 6.80035E-1 6.80139E-1 6.80526E-1 6.80864E-1 6.72856E-1 6.82668E-1 6.58811E-1 6.65907E-1 6.71165E-1 6.69624E-1 6.79605E-1 6.8024E-1 6.78804E-1 6.79852E-1 6.79901E-1 6.66888E-1 6.68479E-1 6.70287E-1 6.77695E-1 6.77459E-1 6.77639E-1 6.79676E-1 6.81365E-1 6.78313E-1 6.80839E-1 6.80987E-1 6.80605E-1 6.80914E-1 6.76492E-1 6.65713E-1 6.80478E-1 6.82974E-1 6.83234E-1 6.81763E-1 6.84023E-1 6.83891E-1 6.84052E-1 6.82942E-1 6.83962E-1 6.81308E-1 6.83137E-1 6.82789E-1 6.82053E-1 6.82939E-1 6.83139E-1 6.83034E-1 6.83799E-1
6.88315E-1 6.88057E-1 6.87573E-1 6.4202E-1 6.095E-1 6.64222E-1 6.85655E-1 6.61012E-1 6.82796E-1 6.77292E-1 6.71999E-1 5.97516E-1 6.56351E-1 6.70826E-1 6.81521E-1 6.54034E-1 6.57231E-1 6.82346E-1 -9999 6.52113E-1 6.76829E-1 6.70113E-1 6.65321E-1 6.79863E-1 6.51614E-1 6.73797E-1 6.78814E-1 6.77711E-1 6.52177E-1 6.71735E-1 6.76961E-1 6.76731E-1 6.76021E-1 6.77528E-1 6.78027E-1 6.75596E-1 6.72803E-1 6.73769E-1 6.74436E-1 6.72201E-1 6.64404E-1 6.72313E-1 6.76097E-1 6.78669E-1 6.79443E-1 6.79771E-1 6.79311E-1 6.81291E-1 6.76523E-1 6.78962E-1 6.70798E-1 6.80559E-1 6.77711E-1 6.72919E-1 6.72379E-1 6.82785E-1 6.84736E-1 6.84922E-1 6.59144E-1
6.82251E-1 6.76997E-1 6.34339E-1 5.19759E-1 6.77495E-1 6.77034E-1 -9999 -9999 6.75012E-1 6.72956E-1 6.56337E-1 6.50371E-1 6.48803E-1 6.55893E-1 6.5824E-1 6.55851E-1 6.46055E-1 6.55197E-1 6.43493E-1 6.54863E-1 5.64184E-1 6.10384E-1 6.3961E-1 6.34035E-1 6.21629E-1 6.42474E-1 6.2849E-1 6.37694E-1 6.35975E-1 6.34801E-1 6.34727E-1 6.34748E-1 6.34658E-1 6.35273E-1 6.35046E-1 6.33221E-1 6.32346E-1 6.32506E-1 6.3223E-1 6.29836E-1 6.27695E-1 6.27854E-1 6.29584E-1 6.31047E-1 6.33062E-1 6.35662E-1 6.38288E-1 6.3933E-1 6.38797E-1 6.38367E-1 6.38719E-1 6.39441E-1 6.39843E-1 6.40783E-1 6.46217E-1 6.53188E-1 6.50183E-1 6.56277E-1 5.56517E-1
6.76426E-1 6.87449E-1 6.86416E-1 6.86721E-1 6.63768E-1 6.825E-1 6.80996E-1 6.78529E-1 6.63664E-1 6.59716E-1 6.66263E-1 5.03029E-1 6.43248E-1 6.54614E-1 6.54139E-1 6.46714E-1 6.50776E-1 6.49949E-1 6.4694E-1 6.10075E-1 -9999 5.85752E-1 6.23111E-1 6.42424E-1 -9999 5.76877E-1 6.3376E-1 5.94889E-1 6.14774E-1 6.25011E-1 6.23347E-1 6.23187E-1 6.23764E-1 6.2395E-1 6.23478E-1 6.18041E-1 6.21519E-1 6.19178E-1 6.12181E-1 6.05895E-1 6.00657E-1 5.87923E-1 5.84612E-1 5.89266E-1 6.02258E-1 6.03539E-1 6.16301E-1 6.17313E-1 6.15055E-1 6.06624E-1 5.95823E-1 6.0019E-1 6.0116E-1 5.96492E-1 6.11708E-1 6.26382E-1 6.05735E-1 6.68326E-1 6.54957E-1
7.02898E-1 7.02869E-1 7.02091E-1 7.01012E-1 7.00306E-1 6.99849E-1 6.94722E-1 6.9763E-1 6.96134E-1 6.95548E-1 6.94836E-1 6.94667E-1 6.94269E-1 6.93549E-1 6.90223E-1 6.91687E-1 6.9157E-1 6.91473E-1 6.90489E-1 6.90149E-1 6.30914E-1 6.74981E-1 -9999 6.0755E-1 6.48376E-1 6.64845E-1 6.59424E-1 6.52087E-1 6.28791E-1 6.56318E-1 6.59101E-1 6.57049E-1 6.52205E-1 6.52178E-1 6.54781E-1 6.50182E-1 6.45265E-1 6.4296E-1 6.40175E-1 6.34919E-1 6.32227E-1 6.29626E-1 6.28295E-1 6.28923E-1 6.30465E-1 6.31675E-1 6.30935E-1 6.29854E-1 6.29891E-1 6.29537E-1 6.28043E-1 6.27429E-1 6.26664E-1 6.18861E-1 5.79925E-1 5.48014E-1 5.18765E-1 5.35015E-1 6.03951E-1
6.98234E-1 6.98725E-1 6.98536E-1 6.98249E-1 6.98543E-1 6.9909E-1 6.99406E-1 6.99539E-1 6.97986E-1 6.94205E-1 6.94805E-1 6.94644E-1 6.88357E-1 6.97656E-1 6.96587E-1 6.95093E-1 6.957E-1 6.95996E-1 6.91739E-1 6.96407E-1 6.66465E-1 6.02645E-1 6.66499E-1 6.93935E-1 5.84149E-1 6.41874E-1 6.59466E-1 6.84395E-1 6.93197E-1 6.92714E-1 6.91327E-1 6.90676E-1 6.9128E-1 6.87596E-1 6.88742E-1 6.87312E-1 6.83897E-1 6.79227E-1 6.72722E-1 6.65469E-1 6.62293E-1 6.59663E-1 6.58156E-1 6.60659E-1 6.63289E-1 6.63194E-1 6.61624E-1 6.59963E-1 6.59366E-1 6.59827E-1 6.57584E-1 6.51107E-1 6.41785E-1 6.34537E-1 6.26309E-1 6.06561E-1 6.01006E-1 6.14167E-1 6.25037E-1
6.91114E-1 6.91219E-1 6.88275E-1 6.91575E-1 6.86483E-1 6.85017E-1 6.86113E-1 6.92383E-1 6.8419E-1 6.78571E-1 6.82381E-1 6.88155E-1 6.94755E-1 6.80719E-1 6.83544E-1 6.86923E-1 6.87389E-1 6.88444E-1 6.9508E-1 6.95472E-1 6.95502E-1 -9999 5.96927E-1 6.68057E-1 6.85956E-1 6.66281E-1 6.59601E-1 6.74729E-1 6.86641E-1 6.93043E-1 6.91356E-1 6.84125E-1 6.87163E-1 6.72972E-1 6.62556E-1 6.82543E-1 6.89212E-1 6.87182E-1 6.86092E-1 6.85401E-1 6.84796E-1 6.83331E-1 6.82143E-1 6.83034E-1 6.8401E-1 6.8302E-1 6.81479E-1 6.81573E-1 6.79451E-1 6.72422E-1 6.65724E-1 6.60837E-1 6.55486E-1 6.42339E-1 6.39449E-1 6.03514E-1 6.43245E-1 6.39455E-1 6.52597E-1
6.85492E-1 6.85541E-1 6.85703E-1 6.86069E-1 6.8665E-1 6.87316E-1 6.87694E-1 6.78763E-1 6.69975E-1 6.7366E-1 6.84986E-1 6.89416E-1 6.89718E-1 6.9014E-1 6.83002E-1 6.86043E-1 6.89505E-1 6.91709E-1 6.88164E-1 6.80776E-1 6.77607E-1 -9999 -9999 6.7522E-1 6.73871E-1 -9999 6.81768E-1 6.80162E-1 6.73254E-1 6.63791E-1 6.76391E-1 6.69141E-1 6.90619E-1 6.76815E-1 6.62448E-1 6.85068E-1 6.89054E-1 6.80024E-1 6.85094E-1 6.88701E-1 6.89692E-1 6.88635E-1 6.88046E-1 6.88132E-1 6.88809E-1 6.88649E-1 6.87876E-1 6.87063E-1 6.8695E-1 6.84713E-1 6.81653E-1 6.78751E-1 6.79854E-1 6.82678E-1 6.80977E-1 6.79035E-1 6.85126E-1 6.84321E-1 6.82011E-1
6.8088E-1 6.81075E-1 6.81437E-1 6.81752E-1 6.82046E-1 6.82386E-1 6.6357E-1 -9999 -9999 -9999 6.71712E-1 6.84374E-1 6.84693E-1 6.80628E-1 6.83104E-1 6.85984E-1 6.81473E-1 6.78858E-1 6.80043E-1 6.87367E-1 6.86349E-1 6.88496E-1 6.88729E-1 6.77916E-1 6.84625E-1 6.82808E-1 6.79202E-1 6.73832E-1 6.79787E-1 6.79792E-1 6.76737E-1 6.83387E-1 6.82531E-1 6.66978E-1 6.83776E-1 6.79223E-1 6.80216E-1 6.85572E-1 6.77972E-1 6.84904E-1 6.90938E-1 6.90329E-1 6.90097E-1 6.90003E-1 6.90423E-1 6.91194E-1 6.91585E-1 6.91569E-1 6.92146E-1 6.91377E-1 6.89894E-1 6.89729E-1 6.90383E-1 6.90407E-1 6.91432E-1 6.6313E-1 6.8285E-1 6.87815E-1 6.85997E-1
6.72636E-1 6.72207E-1 6.74659E-1 6.75655E-1 6.72573E-1 6.71134E-1 -9999 -9999 -9999 -9999 5.43511E-1 6.73542E-1 6.77294E-1 6.77522E-1 6.77279E-1 6.77209E-1 6.77174E-1 6.77553E-1 6.78894E-1 6.80526E-1 6.77142E-1 6.76464E-1 6.80247E-1 6.74987E-1 6.80752E-1 6.76841E-1 6.7167E-1 6.79241E-1 6.80382E-1 6.81726E-1 6.8537E-1 6.84595E-1 6.80464E-1 6.82804E-1 6.79779E-1 6.81139E-1 6.8382E-1 6.81196E-1 6.84267E-1 6.86279E-1 6.883E-1 6.89501E-1 6.87778E-1 6.92461E-1 6.85155E-1 6.94505E-1 6.94674E-1 6.82275E-1 6.96289E-1 6.94993E-1 6.9425E-1 6.94314E-1 6.93594E-1 6.94371E-1 6.93159E-1 6.76891E-1 6.902E-1 6.8823E-1 6.87761E-1
6.56507E-1 6.66717E-1 6.67293E-1 6.68965E-1 6.69471E-1 -9999 6.6342E-1 6.72817E-1 6.65977E-1 6.52879E-1 5.09523E-1 -9999 6.69916E-1 6.70696E-1 6.68349E-1 6.67093E-1 6.68812E-1 6.6955E-1 6.71625E-1 6.73723E-1 6.72067E-1 6.6655E-1 6.66416E-1 6.67303E-1 6.68157E-1 6.73927E-1 6.72009E-1 6.7478E-1 6.7806E-1 6.79729E-1 6.78784E-1 6.77913E-1 6.79245E-1 6.80526E-1 6.78939E-1 6.77437E-1 6.6866E-1 6.7256E-1 6.7419E-1 6.83557E-1 6.78277E-1 6.87323E-1 6.73456E-1 6.77103E-1 6.80549E-1 6.75693E-1 6.83439E-1 6.85367E-1 6.86506E-1 6.85226E-1 6.86587E-1 6.94019E-1 6.945E-1 6.9522E-1 6.94668E-1 6.85562E-1 6.81856E-1 6.88466E-1 6.8554E-1
6.18043E-1 6.31478E-1 6.46535E-1 6.56206E-1 6.63585E-1 6.05407E-1 -9999 6.7038E-1 6.82013E-1 6.69331E-1 -9999 -9999 -9999 6.62569E-1 6.60659E-1 6.61747E-1 6.66158E-1 6.68112E-1 6.64688E-1 6.62931E-1 6.62042E-1 6.5787E-1 6.58038E-1 6.63047E-1 6.66623E-1 6.6901E-1 6.70592E-1 6.70344E-1 6.71055E-1 6.74356E-1 6.73138E-1 6.71816E-1 6.68853E-1 6.68048E-1 6.69775E-1 6.75662E-1 6.72734E-1 6.67887E-1 6.71909E-1 6.69096E-1 6.74492E-1 6.75553E-1 6.80433E-1 6.67994E-1 6.20321E-1 5.73841E-1 6.66144E-1 6.8042E-1 6.80735E-1 6.81823E-1 6.77645E-1 6.73507E-1 6.74839E-1 6.88575E-1 6.88209E-1 6.8779E-1 6.86793E-1 6.85888E-1 6.86157E-1
3.30551E-1 3.83657E-1 4.46907E-1 5.42057E-1 5.98971E-1 6.16231E-1 6.48498E-1 6.64179E-1 6.80175E-1 6.75452E-1 6.72782E-1 6.45851E-1 -9999 6.62626E-1 6.62785E-1 6.65288E-1 6.67185E-1 6.68061E-1 6.64508E-1 6.6692E-1 6.65266E-1 6.64625E-1 6.60887E-1 6.62874E-1 6.66087E-1 6.66762E-1 6.63895E-1 6.62295E-1 6.67733E-1 6.68687E-1 6.67388E-1 6.64037E-1 6.59307E-1 6.61494E-1 6.64288E-1 6.68297E-1 6.67911E-1 6.66686E-1 6.67147E-1 6.66641E-1 6.70494E-1 6.62233E-1 6.717E-1 6.64751E-1 6.61424E-1 6.77413E-1 6.73908E-1 6.74862E-1 6.58167E-1 6.77752E-1 6.71038E-1 6.77961E-1 6.78802E-1 6.71452E-1 6.71225E-1 6.7677E-1 6.82238E-1 6.81644E-1 6.82167E-1
1.38081E-1 1.65626E-1 1.87831E-1 2.28484E-1 3.08824E-1 3.95017E-1 5.32477E-1 6.24847E-1 6.59787E-1 6.69928E-1 6.65204E-1 6.16896E-1 -9999 -9999 6.38486E-1 6.52355E-1 6.62208E-1 6.64731E-1 6.65017E-1 6.6615E-1 6.66464E-1 6.65811E-1 6.6318E-1 6.65469E-1 6.65592E-1 6.65394E-1 6.65687E-1 6.64851E-1 6.66719E-1 6.66382E-1 6.64991E-1 6.61772E-1 6.58691E-1 6.55774E-1 6.60644E-1 6.56909E-1 6.62496E-1 6.5826E-1 6.56677E-1 6.58268E-1 6.61124E-1 6.65328E-1 6.66579E-1 6.67808E-1 6.62432E-1 6.70942E-1 6.68979E-1 6.64627E-1 6.72447E-1 6.71296E-1 6.76024E-1 6.69883E-1 6.67587E-1 6.7278E-1 6.65153E-1 6.76739E-1 6.46228E-1 6.71633E-1 6.77374E-1
7.65992E-2 8.93442E-2 9.91183E-2 1.14163E-1 1.45023E-1 1.91559E-1 2.54206E-1 3.40581E-1 4.84135E-1 5.82167E-1 5.4623E-1 4.02146E-1 -9999 4.72259E-1 5.37337E-1 5.87117E-1 6.09002E-1 6.25623E-1 6.3818E-1 6.52038E-1 6.53708E-1 6.55755E-1 6.57471E-1 6.5758E-1 6.56386E-1 6.54353E-1 6.56571E-1 6.58993E-1 6.60118E-1 6.5859E-1 6.57181E-1 6.5681E-1 6.54742E-1 6.54694E-1 6.52832E-1 6.52141E-1 6.52946E-1 6.5136E-1 6.50663E-1 6.4797E-1 6.4809E-1 6.51349E-1 6.49308E-1 6.56081E-1 6.5924E-1 6.62268E-1 6.53877E-1 6.50934E-1 6.62266E-1 6.57007E-1 6.55167E-1 6.64986E-1 6.69113E-1 6.66266E-1 6.68721E-1 6.68432E-1 6.70135E-1 6.71005E-1 6.66233E-1
3.98068E-2 4.72707E-2 5.51716E-2 6.63048E-2 8.16807E-2 9.43983E-2 1.17075E-1 1.44219E-1 1.77257E-1 2.06649E-1 2.23013E-1 2.08205E-1 2.16683E-1 2.41742E-1 2.72646E-1 3.12296E-1 3.57163E-1 4.37999E-1 5.48181E-1 5.97712E-1 6.10143E-1 6.20726E-1 6.24733E-1 6.2766E-1 6.29538E-1 6.30791E-1 6.32045E-1 6.26659E-1 6.24028E-1 6.22344E-1 6.31048E-1 6.33759E-1 6.29601E-1 6.303E-1 6.30624E-1 6.33829E-1 6.26825E-1 6.27253E-1 6.22002E-1 6.19782E-1 6.25391E-1 6.26985E-1 6.2088E-1 6.22066E-1 6.24915E-1 6.25701E-1 6.15178E-1 6.22514E-1 6.21461E-1 6.25178E-1 6.30749E-1 6.41002E-1 6.4376E-1 6.43064E-1 6.30573E-1 6.38212E-1 6.56331E-1 6.60851E-1 6.55359E-1
3.22847E-2 3.42814E-2 3.70651E-2 3.65973E-2 3.59384E-2 3.7292E-2 4.35889E-2 5.52894E-2 7.54804E-2 9.69369E-2 1.09692E-1 -9999 1.0216E-1 1.25466E-1 1.34288E-1 1.50035E-1 1.74762E-1 2.05157E-1 2.62185E-1 3.31449E-1 3.86642E-1 4.43977E-1 4.81649E-1 5.09937E-1 5.26564E-1 5.30375E-1 5.26943E-1 4.40034E-1 3.83471E-1 4.091E-1 4.62937E-1 4.84979E-1 4.52931E-1 5.24644E-1 5.79292E-1 5.94116E-1 6.0144E-1 6.03085E-1 6.01282E-1 5.90513E-1 6.0448E-1 6.06058E-1 6.02559E-1 5.96418E-1 6.05709E-1 6.07303E-1 6.02855E-1 5.98183E-1 5.96077E-1 5.98279E-1 6.003E-1 6.02197E-1 5.98194E-1 5.89207E-1 5.88253E-1 5.98244E-1 6.08289E-1 6.1615E-1 6.2223E-1
4.87733E-2 5.02803E-2 4.53957E-2 3.81233E-2 2.68244E-2 2.23989E-2 2.34067E-2 2.63289E-2 3.04787E-2 3.89219E-2 4.66843E-2 -9999 -9999 5.88275E-2 7.35209E-2 8.56806E-2 9.26593E-2 1.05666E-1 1.32457E-1 1.66098E-1 1.8887E-1 2.19648E-1 2.34798E-1 2.37249E-1 2.38933E-1 2.31461E-1 2.22918E-1 1.94529E-1 1.82078E-1 1.92538E-1 1.97431E-1 1.9421E-1 1.90842E-1 2.28181E-1 2.84265E-1 3.2758E-1 3.74028E-1 4.30534E-1 4.74773E-1 5.11203E-1 5.37768E-1 5.59614E-1 5.4919E-1 5.3524E-1 5.31097E-1 5.32252E-1 5.40872E-1 5.51905E-1 5.47768E-1 5.44639E-1 5.31022E-1 5.26745E-1 5.03362E-1 4.85169E-1 4.84597E-1 4.97965E-1 5.19285E-1 5.32504E-1 5.40201E-1
1.15728E-1 1.56122E-1 1.20297E-1 6.90142E-2 3.53917E-2 2.40224E-2 2.3552E-2 2.08342E-2 1.96119E-2 2.1065E-2 2.44693E-2 -9999 -9999 2.74935E-2 3.08209E-2 3.31015E-2 3.41543E-2 3.88727E-2 5.70392E-2 8.15953E-2 9.33308E-2 1.04941E-1 1.14914E-1 1.08003E-1 1.07882E-1 1.03194E-1 1.00031E-1 1.00904E-1 9.77472E-2 8.28618E-2 7.3964E-2 7.28373E-2 8.78671E-2 9.51258E-2 1.06909E-1 1.31907E-1 1.64361E-1 1.96744E-1 2.26335E-1 2.53116E-1 2.89205E-1 2.99581E-1 2.69311E-1 2.79903E-1 3.18885E-1 3.39326E-1 3.57382E-1 3.75596E-1 3.67209E-1 3.79295E-1 3.86622E-1 3.95099E-1 3.67054E-1 3.60402E-1 3.76611E-1 3.91893E-1 4.08919E-1 4.121E-1 4.04946E-1
1.3154E-1 2.07972E-1 2.66411E-1 2.22271E-1 1.23808E-1 6.40172E-2 3.01563E-2 2.12405E-2 1.75412E-2 1.71794E-2 1.75833E-2 1.75153E-2 1.71892E-2 -9999 -9999 1.79372E-2 1.79659E-2 1.92491E-2 2.45034E-2 3.01863E-2 3.46097E-2 3.96047E-2 4.40629E-2 4.48579E-2 4.23067E-2 3.74377E-2 3.74338E-2 3.93431E-2 3.63398E-2 2.83163E-2 2.45882E-2 2.66299E-2 3.00224E-2 3.09182E-2 3.28152E-2 3.88784E-2 4.83913E-2 6.3807E-2 8.25136E-2 9.95113E-2 1.15173E-1 1.03786E-1 9.91667E-2 1.12858E-1 1.38501E-1 1.5157E-1 1.49108E-1 1.5941E-1 1.61622E-1 1.71618E-1 1.73596E-1 1.8629E-1 1.89313E-1 2.13745E-1 2.43427E-1 2.54059E-1 2.77864E-1 2.75832E-1 2.52087E-1
9.0924E-2 1.37696E-1 2.2084E-1 2.22027E-1 1.33547E-1 -9999 3.30409E-2 2.20272E-2 1.86132E-2 -9999 -9999 -9999 1.43649E-2 1.31128E-2 -9999 1.20964E-2 1.22522E-2 1.25331E-2 1.3495E-2 1.43746E-2 1.59972E-2 1.80945E-2 1.75782E-2 1.91929E-2 1.87323E-2 1.65246E-2 1.61143E-2 1.66021E-2 1.57181E-2 1.38607E-2 1.32113E-2 1.41349E-2 1.42447E-2 1.38024E-2 1.32151E-2 1.41893E-2 1.68879E-2 1.90598E-2 2.18384E-2 2.90875E-2 3.30902E-2 3.02837E-2 2.98606E-2 3.02548E-2 3.67767E-2 4.9449E-2 5.78991E-2 5.86693E-2 5.61032E-2 6.48156E-2 7.69622E-2 8.92083E-2 8.45918E-2 9.815E-2 1.19718E-1 1.21334E-1 1.20902E-1 1.24736E-1 1.24954E-1
4.86936E-2 7.1155E-2 9.47147E-2 1.04936E-1 6.38076E-2 4.67805E-2 -9999 2.86396E-2 2.15653E-2 1.63962E-2 -9999 -9999 -9999 1.12846E-2 1.05165E-2 -9999 1.0349E-2 1.01081E-2 1.01379E-2 1.00132E-2 1.02221E-2 1.06415E-2 1.13946E-2 1.20896E-2 1.16994E-2 1.10216E-2 1.05103E-2 1.03186E-2 9.98062E-3 9.62385E-3 9.31198E-3 9.04787E-3 8.8197E-3 8.4471E-3 8.26841E-3 8.357E-3 8.24778E-3 7.74711E-3 8.2775E-3 1.0239E-2 1.145E-2 1.16452E-2 1.26412E-2 1.30083E-2 1.3331E-2 1.60036E-2 1.9112E-2 1.83937E-2 2.05329E-2 2.54603E-2 3.00879E-2 3.25894E-2 3.12334E-2 3.67693E-2 5.11695E-2 4.17089E-2 3.95011E-2 4.5364E-2 5.30669E-2
