data/Modelo 2/FALn_max.asc
ncols         78
nrows         61
xllcorner     -149.5
yllcorner     -28.5
cellsize      1.0
NODATA_value  -9999
[rows 26 to 51 of 61, columns 0 to 58 of 78]
6.77869E-1 6.78221E-1 6.78141E-1 6.77994E-1 6.78039E-1 6.78184E-1 6.78222E-1 6.69181E-1 6.78647E-1 6.78444E-1 6.78018E-1 6.77931E-1 6.77579E-1 6.77103E-1 6.74939E-1 6.75529E-1 6.7854E-1 6.77224E-1 6.77906E-1 6.76342E-1 6.78016E-1 6.61775E-1 6.76608E-1 6.76864E-1 6.77221E-1 6.77456E-1 6.68197E-1 6.78597E-1 6.78918E-1 6.79011E-1 6.79024E-1 6.78764E-1 6.7851E-1 6.78251E-1 6.77351E-1 6.76159E-1 6.74844E-1 6.63151E-1 6.75354E-1 6.76558E-1 6.78183E-1 6.78347E-1 6.7985E-1 6.8087E-1 6.78753E-1 6.80578E-1 6.78699E-1 6.7695E-1 6.77836E-1 6.78481E-1 6.72038E-1 6.5905E-1 6.37953E-1 6.55292E-1 6.50834E-1 6.45902E-1 6.36519E-1 6.3116E-1 6.2678E-1
6.85265E-1 6.85115E-1 6.84875E-1 6.84681E-1 6.84364E-1 6.843E-1 6.84287E-1 6.85087E-1 6.85209E-1 6.82345E-1 6.85447E-1 6.85613E-1 6.83608E-1 6.84356E-1 6.84011E-1 6.75757E-1 6.83982E-1 6.83988E-1 6.83878E-1 6.83935E-1 6.84008E-1 6.83702E-1 6.81084E-1 6.83346E-1 6.83232E-1 6.83155E-1 6.83178E-1 6.83138E-1 6.83373E-1 6.76971E-1 6.83781E-1 6.83735E-1 6.8432E-1 6.8413E-1 6.83688E-1 6.82841E-1 6.82065E-1 6.79748E-1 6.81446E-1 6.80412E-1 6.81962E-1 6.83249E-1 6.8258E-1 6.84757E-1 6.85923E-1 6.8811E-1 6.89601E-1 6.89979E-1 6.90681E-1 6.90763E-1 6.90322E-1 6.87345E-1 6.84572E-1 6.82876E-1 6.77154E-1 6.75429E-1 6.68842E-1 6.58554E-1 6.52664E-1
6.87699E-1 6.87615E-1 6.87602E-1 6.87338E-1 6.8719E-1 6.86034E-1 6.83408E-1 6.87314E-1 6.8753E-1 6.87626E-1 6.87612E-1 6.87088E-1 6.86316E-1 6.85273E-1 6.85906E-1 6.86102E-1 6.81883E-1 6.865E-1 6.86386E-1 6.86457E-1 6.86658E-1 6.86657E-1 6.86562E-1 6.86379E-1 6.86444E-1 6.86534E-1 6.8663E-1 6.86396E-1 6.86159E-1 6.79781E-1 6.86543E-1 6.86729E-1 6.84035E-1 6.86832E-1 6.86703E-1 6.86532E-1 6.86485E-1 6.86535E-1 6.86178E-1 6.86057E-1 6.86544E-1 6.87546E-1 6.87934E-1 6.88137E-1 6.8844E-1 6.89899E-1 6.91776E-1 6.92997E-1 6.94056E-1 6.95145E-1 6.95562E-1 6.95263E-1 6.94446E-1 6.92956E-1 6.91354E-1 6.8895E-1 6.88447E-1 6.88007E-1 6.86319E-1
6.90107E-1 6.89438E-1 6.89038E-1 6.89171E-1 6.89585E-1 6.89484E-1 6.8941E-1 6.89385E-1 6.89825E-1 6.89724E-1 6.89204E-1 6.88906E-1 6.88664E-1 6.88344E-1 6.88652E-1 6.88675E-1 6.81848E-1 6.89072E-1 6.89195E-1 6.87447E-1 6.88698E-1 6.88779E-1 6.8555E-1 6.88704E-1 6.72847E-1 6.88944E-1 6.64127E-1 6.83275E-1 6.82028E-1 6.8676E-1 6.87548E-1 6.87227E-1 6.87721E-1 6.887E-1 6.89771E-1 6.89867E-1 6.89979E-1 6.84282E-1 6.89762E-1 6.89666E-1 6.89766E-1 6.90181E-1 6.905E-1 6.90861E-1 6.91536E-1 6.92478E-1 6.9373E-1 6.94724E-1 6.95619E-1 6.96687E-1 6.96557E-1 6.96265E-1 6.95979E-1 6.95685E-1 6.95358E-1 6.9467E-1 6.94141E-1 6.93087E-1 6.92241E-1
6.93234E-1 6.92485E-1 6.91778E-1 6.91738E-1 6.89524E-1 6.92146E-1 6.91996E-1 6.80569E-1 6.79997E-1 6.85073E-1 6.90856E-1 6.91087E-1 6.90991E-1 6.91063E-1 6.91306E-1 6.91508E-1 6.90236E-1 6.92602E-1 6.7487E-1 6.80745E-1 6.88006E-1 6.86107E-1 6.91115E-1 6.91011E-1 6.90966E-1 6.90839E-1 6.90811E-1 6.82969E-1 6.85236E-1 6.87797E-1 6.89401E-1 6.89161E-1 6.8948E-1 6.90315E-1 6.91317E-1 6.91579E-1 6.91027E-1 6.90802E-1 6.90471E-1 6.90579E-1 6.90633E-1 6.79789E-1 6.91798E-1 6.92351E-1 6.92757E-1 6.93265E-1 6.93845E-1 6.93875E-1 6.94202E-1 6.94516E-1 6.9442E-1 6.94232E-1 6.93903E-1 6.93695E-1 6.93591E-1 6.94146E-1 6.93885E-1 6.93263E-1 6.94817E-1
6.96278E-1 6.96072E-1 6.95793E-1 6.67531E-1 6.56247E-1 6.78908E-1 6.93668E-1 6.75049E-1 6.92557E-1 6.92466E-1 6.86357E-1 6.49103E-1 6.70178E-1 6.84308E-1 6.89231E-1 6.6802E-1 6.6978E-1 6.89412E-1 -9999 6.67838E-1 6.88655E-1 6.80392E-1 6.74956E-1 6.89856E-1 6.67811E-1 6.83729E-1 6.89505E-1 6.88498E-1 6.65981E-1 6.81364E-1 6.87567E-1 6.87446E-1 6.8708E-1 6.87984E-1 6.88362E-1 6.86776E-1 6.82006E-1 6.85074E-1 6.8566E-1 6.83443E-1 6.73135E-1 6.83641E-1 6.86996E-1 6.88138E-1 6.88641E-1 6.86747E-1 6.86484E-1 6.88917E-1 6.85121E-1 6.86495E-1 6.80327E-1 6.88306E-1 6.86303E-1 6.84741E-1 6.84093E-1 6.89116E-1 6.92021E-1 6.92354E-1 6.75296E-1
6.90933E-1 6.86609E-1 6.61691E-1 6.20614E-1 6.90096E-1 6.89627E-1 -9999 -9999 6.87577E-1 6.83287E-1 6.66501E-1 6.62719E-1 6.62946E-1 6.72739E-1 6.7188E-1 6.70022E-1 6.65633E-1 6.69805E-1 6.61206E-1 6.69803E-1 6.20676E-1 6.37896E-1 6.6045E-1 6.54611E-1 6.42599E-1 6.62369E-1 6.52481E-1 6.59275E-1 6.58198E-1 6.57493E-1 6.57467E-1 6.57467E-1 6.57435E-1 6.57994E-1 6.58175E-1 6.57287E-1 6.57036E-1 6.57381E-1 6.57357E-1 6.5595E-1 6.54657E-1 6.54792E-1 6.56023E-1 6.57031E-1 6.58165E-1 6.59446E-1 6.60623E-1 6.60926E-1 6.60468E-1 6.60215E-1 6.60449E-1 6.60929E-1 6.61369E-1 6.62108E-1 6.66819E-1 6.73937E-1 6.83709E-1 6.85507E-1 6.29883E-1
6.86014E-1 6.96841E-1 6.94382E-1 6.93005E-1 6.7472E-1 6.90296E-1 6.94123E-1 6.92279E-1 6.73041E-1 6.70516E-1 6.80618E-1 6.05334E-1 6.58525E-1 6.71606E-1 6.69546E-1 6.67051E-1 6.67478E-1 6.6705E-1 6.66498E-1 6.37662E-1 -9999 6.27868E-1 6.44123E-1 6.63806E-1 -9999 6.21397E-1 6.59131E-1 6.27055E-1 6.44385E-1 6.53979E-1 6.53313E-1 6.53524E-1 6.5433E-1 6.54896E-1 6.55048E-1 6.54076E-1 6.54388E-1 6.49439E-1 6.48276E-1 6.47531E-1 6.45714E-1 6.33815E-1 6.30748E-1 6.35152E-1 6.47255E-1 6.4507E-1 6.49903E-1 6.49773E-1 6.49305E-1 6.48214E-1 6.41269E-1 6.45376E-1 6.46348E-1 6.42085E-1 6.52909E-1 6.60235E-1 6.52692E-1 7.08804E-1 6.98617E-1
7.16447E-1 7.161E-1 7.14478E-1 7.12346E-1 7.11178E-1 7.10478E-1 7.07116E-1 7.07075E-1 7.04777E-1 7.03877E-1 7.0299E-1 7.02523E-1 7.01912E-1 7.00806E-1 6.97527E-1 6.99551E-1 6.99564E-1 6.99745E-1 6.99279E-1 6.99272E-1 6.65065E-1 6.83777E-1 -9999 6.55656E-1 6.69235E-1 6.75611E-1 6.71712E-1 6.65367E-1 6.50606E-1 6.73815E-1 6.73253E-1 6.72021E-1 6.72165E-1 6.72314E-1 6.71582E-1 6.69281E-1 6.66502E-1 6.65301E-1 6.63875E-1 6.61035E-1 6.59721E-1 6.5823E-1 6.5759E-1 6.58197E-1 6.59537E-1 6.60585E-1 6.60137E-1 6.59427E-1 6.59339E-1 6.59287E-1 6.58855E-1 6.59084E-1 6.59451E-1 6.52099E-1 6.2711E-1 6.09662E-1 5.9735E-1 6.08367E-1 6.51862E-1
7.15044E-1 7.14974E-1 7.13791E-1 7.12722E-1 7.12848E-1 7.12646E-1 7.12291E-1 7.11791E-1 7.10448E-1 7.07267E-1 7.06443E-1 7.05256E-1 7.04922E-1 7.07114E-1 7.05473E-1 7.0433E-1 7.04111E-1 7.04566E-1 7.04191E-1 7.05197E-1 6.85182E-1 6.63374E-1 6.84128E-1 7.03781E-1 6.55917E-1 6.7388E-1 6.78997E-1 6.99756E-1 7.00264E-1 6.99937E-1 6.99085E-1 6.97037E-1 6.9941E-1 6.95397E-1 6.98129E-1 6.97177E-1 6.96278E-1 6.93587E-1 6.86653E-1 6.78853E-1 6.75961E-1 6.736E-1 6.72344E-1 6.74544E-1 6.76974E-1 6.7699E-1 6.75533E-1 6.7405E-1 6.73639E-1 6.74369E-1 6.73783E-1 6.70722E-1 6.67132E-1 6.63281E-1 6.59964E-1 6.51135E-1 6.46592E-1 6.50294E-1 6.56177E-1
7.04805E-1 7.04331E-1 7.0393E-1 7.03543E-1 7.01526E-1 7.00101E-1 7.00487E-1 7.0524E-1 7.016E-1 6.9207E-1 6.97663E-1 6.9988E-1 7.02913E-1 6.93315E-1 6.9794E-1 6.99962E-1 7.00429E-1 7.00727E-1 7.03159E-1 7.0376E-1 7.03807E-1 -9999 6.58836E-1 6.842E-1 7.01643E-1 6.82987E-1 6.80308E-1 6.88981E-1 7.01923E-1 7.01145E-1 7.00637E-1 7.00405E-1 7.00639E-1 6.87066E-1 6.79989E-1 6.98068E-1 6.95944E-1 6.94641E-1 6.94075E-1 6.93964E-1 6.93847E-1 6.93291E-1 6.92676E-1 6.93411E-1 6.94073E-1 6.92882E-1 6.92248E-1 6.92868E-1 6.93065E-1 6.85894E-1 6.78978E-1 6.74682E-1 6.70925E-1 6.67319E-1 6.65978E-1 6.35874E-1 6.67715E-1 6.57936E-1 6.71239E-1
6.96669E-1 6.95966E-1 6.95518E-1 6.95624E-1 6.96327E-1 6.96982E-1 6.97086E-1 6.92925E-1 6.81654E-1 6.8593E-1 6.96986E-1 6.98012E-1 6.97928E-1 6.98107E-1 6.94096E-1 6.97352E-1 6.99906E-1 6.99774E-1 6.9873E-1 6.942E-1 6.89052E-1 -9999 -9999 6.87017E-1 6.85468E-1 -9999 6.96707E-1 6.9501E-1 6.86314E-1 6.80069E-1 6.91909E-1 6.83919E-1 6.9865E-1 6.92576E-1 6.7925E-1 6.97339E-1 6.97039E-1 6.96381E-1 6.95883E-1 6.96675E-1 6.97696E-1 6.96991E-1 6.95795E-1 6.95678E-1 6.96397E-1 6.95797E-1 6.94632E-1 6.9452E-1 6.94921E-1 6.94426E-1 6.92381E-1 6.90403E-1 6.91532E-1 6.92551E-1 6.91232E-1 6.90371E-1 6.93735E-1 6.93913E-1 6.924E-1
6.91035E-1 6.91349E-1 6.90594E-1 6.90839E-1 6.91637E-1 6.92376E-1 6.75077E-1 -9999 -9999 -9999 6.89129E-1 6.95188E-1 6.95158E-1 6.94321E-1 6.96919E-1 6.98159E-1 6.9743E-1 6.9467E-1 6.94092E-1 6.97428E-1 6.97295E-1 6.97937E-1 6.9777E-1 6.92868E-1 6.97128E-1 6.95816E-1 6.94081E-1 6.8419E-1 6.91692E-1 6.92545E-1 6.87308E-1 6.94114E-1 6.94961E-1 6.79246E-1 6.95957E-1 6.95171E-1 6.96495E-1 6.9737E-1 6.94887E-1 6.97843E-1 6.98026E-1 6.98072E-1 6.98113E-1 6.98016E-1 6.98448E-1 6.99376E-1 6.99645E-1 6.99628E-1 7.00222E-1 6.99611E-1 6.98803E-1 6.98646E-1 6.99023E-1 6.99202E-1 6.99488E-1 6.79967E-1 6.98169E-1 6.95763E-1 6.94119E-1
6.85425E-1 6.85863E-1 6.85616E-1 6.86725E-1 6.85304E-1 6.85864E-1 -9999 -9999 -9999 -9999 6.23496E-1 6.88016E-1 6.88953E-1 6.89301E-1 6.89305E-1 6.90176E-1 6.91086E-1 6.91E-1 6.91126E-1 6.92807E-1 6.92871E-1 6.92846E-1 6.9308E-1 6.91464E-1 6.93402E-1 6.92945E-1 6.91696E-1 6.95073E-1 6.93941E-1 6.95486E-1 6.96763E-1 6.96657E-1 6.9293E-1 6.94695E-1 6.93645E-1 6.94054E-1 6.94977E-1 6.94685E-1 6.96021E-1 6.98438E-1 6.99801E-1 6.99028E-1 6.96307E-1 6.99499E-1 6.97104E-1 7.02275E-1 7.02534E-1 6.95544E-1 7.05015E-1 7.03024E-1 7.02282E-1 7.02149E-1 7.02032E-1 7.02069E-1 7.00414E-1 6.90804E-1 6.9778E-1 6.9619E-1 6.95708E-1
6.78739E-1 6.7916E-1 6.79846E-1 6.80458E-1 6.81451E-1 -9999 6.82373E-1 6.85902E-1 6.87059E-1 6.79024E-1 6.06727E-1 -9999 6.85716E-1 6.857E-1 6.86058E-1 6.8675E-1 6.87029E-1 6.87283E-1 6.87471E-1 6.87443E-1 6.88421E-1 6.88827E-1 6.88403E-1 6.88519E-1 6.87995E-1 6.87356E-1 6.87365E-1 6.87807E-1 6.89378E-1 6.89922E-1 6.90991E-1 6.90645E-1 6.92636E-1 6.94684E-1 6.93175E-1 6.91514E-1 6.82844E-1 6.89256E-1 6.91196E-1 6.97692E-1 6.94284E-1 6.97154E-1 6.86675E-1 6.92383E-1 6.96527E-1 6.90232E-1 6.98668E-1 7.01553E-1 7.02792E-1 6.99758E-1 6.98302E-1 7.01538E-1 7.02456E-1 7.03449E-1 7.02565E-1 6.97102E-1 6.94697E-1 6.95281E-1 6.94085E-1
6.5433E-1 6.61301E-1 6.68379E-1 6.74771E-1 6.78558E-1 6.40591E-1 -9999 6.84248E-1 6.95819E-1 6.87831E-1 -9999 -9999 -9999 6.79198E-1 6.7945E-1 6.81499E-1 6.83564E-1 6.8416E-1 6.85075E-1 6.85134E-1 6.85069E-1 6.85149E-1 6.84893E-1 6.8511E-1 6.84845E-1 6.84434E-1 6.83961E-1 6.84158E-1 6.84183E-1 6.85274E-1 6.84823E-1 6.85404E-1 6.85155E-1 6.85067E-1 6.85585E-1 6.86943E-1 6.86171E-1 6.84672E-1 6.85706E-1 6.84606E-1 6.88245E-1 6.88672E-1 6.90504E-1 6.81757E-1 6.5577E-1 6.41294E-1 6.79562E-1 6.95203E-1 6.96091E-1 6.95168E-1 6.91272E-1 6.8582E-1 6.87893E-1 6.98574E-1 6.9697E-1 6.95864E-1 6.95153E-1 6.94575E-1 6.94825E-1
4.07511E-1 4.46713E-1 5.07401E-1 5.84867E-1 6.56964E-1 6.64888E-1 6.72124E-1 6.76869E-1 6.89587E-1 6.88991E-1 6.8286E-1 6.58301E-1 -9999 6.75469E-1 6.75883E-1 6.76778E-1 6.77628E-1 6.78061E-1 6.77943E-1 6.77875E-1 6.78013E-1 6.77999E-1 6.7772E-1 6.78114E-1 6.78728E-1 6.78532E-1 6.77754E-1 6.78388E-1 6.80587E-1 6.80284E-1 6.80255E-1 6.80136E-1 6.79006E-1 6.79098E-1 6.79207E-1 6.81189E-1 6.80991E-1 6.80079E-1 6.7956E-1 6.79746E-1 6.82507E-1 6.74998E-1 6.82915E-1 6.77109E-1 6.72864E-1 6.88885E-1 6.87905E-1 6.88552E-1 6.73783E-1 6.91736E-1 6.84779E-1 6.91853E-1 6.92955E-1 6.85243E-1 6.84537E-1 6.88999E-1 6.92306E-1 6.91737E-1 6.92744E-1
1.82801E-1 2.15157E-1 2.39037E-1 2.83322E-1 3.70832E-1 4.51046E-1 5.74622E-1 6.6676E-1 6.71421E-1 6.79584E-1 6.73959E-1 6.64527E-1 -9999 -9999 6.7216E-1 6.75567E-1 6.768E-1 6.77239E-1 6.76979E-1 6.77472E-1 6.77358E-1 6.77523E-1 6.7579E-1 6.77503E-1 6.77978E-1 6.77906E-1 6.77841E-1 6.78639E-1 6.7883E-1 6.78552E-1 6.78292E-1 6.7526E-1 6.75264E-1 6.75154E-1 6.76509E-1 6.75403E-1 6.77281E-1 6.76314E-1 6.75826E-1 6.77588E-1 6.7926E-1 6.79659E-1 6.7981E-1 6.80661E-1 6.75789E-1 6.8299E-1 6.80406E-1 6.75383E-1 6.82466E-1 6.82505E-1 6.8702E-1 6.8213E-1 6.80251E-1 6.85133E-1 6.77386E-1 6.87682E-1 6.66385E-1 6.83407E-1 6.88374E-1
1.03752E-1 1.18954E-1 1.29752E-1 1.4733E-1 1.81511E-1 2.33253E-1 2.98704E-1 3.91119E-1 5.29424E-1 6.18603E-1 5.82781E-1 4.4768E-1 -9999 5.17191E-1 5.76447E-1 6.25204E-1 6.66667E-1 6.68198E-1 6.71304E-1 6.74424E-1 6.74533E-1 6.75457E-1 6.75665E-1 6.75248E-1 6.75519E-1 6.75058E-1 6.74939E-1 6.74407E-1 6.73481E-1 6.75516E-1 6.72248E-1 6.75795E-1 6.72411E-1 6.7363E-1 6.73077E-1 6.73177E-1 6.73164E-1 6.73081E-1 6.73325E-1 6.73111E-1 6.72898E-1 6.75634E-1 6.73068E-1 6.74699E-1 6.7681E-1 6.77503E-1 6.69791E-1 6.6709E-1 6.76534E-1 6.71475E-1 6.67792E-1 6.77205E-1 6.79864E-1 6.76879E-1 6.79959E-1 6.79891E-1 6.81238E-1 6.82015E-1 6.77015E-1
4.97717E-2 5.93624E-2 6.91673E-2 8.36064E-2 1.05719E-1 1.17374E-1 1.42901E-1 1.7424E-1 2.11109E-1 2.44625E-1 2.65451E-1 2.46918E-1 2.55337E-1 2.82271E-1 3.16035E-1 3.5882E-1 4.06691E-1 4.8355E-1 5.83435E-1 6.49543E-1 6.67049E-1 6.67989E-1 6.6782E-1 6.68443E-1 6.69045E-1 6.69268E-1 6.69044E-1 6.67714E-1 6.67818E-1 6.6744E-1 6.68396E-1 6.68799E-1 6.68276E-1 6.68609E-1 6.68955E-1 6.69563E-1 6.69328E-1 6.69591E-1 6.65904E-1 6.65901E-1 6.68804E-1 6.68416E-1 6.69029E-1 6.6868E-1 6.68989E-1 6.6781E-1 6.56373E-1 6.67757E-1 6.68025E-1 6.68562E-1 6.69896E-1 6.72989E-1 6.73808E-1 6.73714E-1 6.692E-1 6.71218E-1 6.75035E-1 6.72755E-1 6.67833E-1
3.93567E-2 4.1893E-2 4.52186E-2 4.41389E-2 4.28916E-2 4.41713E-2 5.28493E-2 6.886E-2 9.60576E-2 1.22199E-1 1.36376E-1 -9999 1.28241E-1 1.52833E-1 1.62161E-1 1.79142E-1 2.06843E-1 2.40914E-1 3.03867E-1 3.78754E-1 4.35307E-1 4.88472E-1 5.26272E-1 5.54407E-1 5.67079E-1 5.70047E-1 5.66975E-1 4.83603E-1 4.31105E-1 4.5533E-1 5.06492E-1 5.28711E-1 4.95628E-1 5.64398E-1 6.12712E-1 6.39967E-1 6.57234E-1 6.6077E-1 6.63757E-1 6.44782E-1 6.64372E-1 6.66135E-1 6.61929E-1 6.55117E-1 6.6672E-1 6.65967E-1 6.59923E-1 6.49328E-1 6.44221E-1 6.48193E-1 6.51168E-1 6.56726E-1 6.49044E-1 6.26417E-1 6.24087E-1 6.4588E-1 6.53335E-1 6.57396E-1 6.53631E-1
6.04484E-2 6.26342E-2 5.54509E-2 4.59153E-2 3.0949E-2 2.56837E-2 2.68872E-2 3.04945E-2 3.57251E-2 4.69886E-2 5.7225E-2 -9999 -9999 7.31057E-2 9.29378E-2 1.08913E-1 1.16286E-1 1.30729E-1 1.59969E-1 1.96761E-1 2.22134E-1 2.5599E-1 2.72367E-1 2.7491E-1 2.76822E-1 2.68589E-1 2.58724E-1 2.26937E-1 2.12989E-1 2.2452E-1 2.29791E-1 2.26025E-1 2.22196E-1 2.63345E-1 3.23402E-1 3.6865E-1 4.19719E-1 4.73574E-1 5.1674E-1 5.53948E-1 5.7302E-1 5.90197E-1 5.8075E-1 5.71166E-1 5.7019E-1 5.68893E-1 5.7527E-1 5.86426E-1 5.82823E-1 5.80429E-1 5.71174E-1 5.69403E-1 5.56671E-1 5.41765E-1 5.39565E-1 5.44262E-1 5.60327E-1 5.7648E-1 5.89643E-1
1.4221E-1 1.87046E-1 1.46025E-1 8.7012E-2 4.20071E-2 2.76337E-2 2.7061E-2 2.35741E-2 2.24726E-2 2.43812E-2 2.82141E-2 -9999 -9999 3.19439E-2 3.6145E-2 3.90602E-2 4.05169E-2 4.67294E-2 7.08685E-2 1.04343E-1 1.1702E-1 1.29883E-1 1.40662E-1 1.32947E-1 1.32732E-1 1.27501E-1 1.23642E-1 1.24251E-1 1.21026E-1 1.05989E-1 9.34913E-2 9.20225E-2 1.10125E-1 1.17359E-1 1.30268E-1 1.57264E-1 1.91029E-1 2.2645E-1 2.58787E-1 2.87768E-1 3.26726E-1 3.38939E-1 3.06457E-1 3.17051E-1 3.55431E-1 3.75541E-1 3.94706E-1 4.21876E-1 4.13564E-1 4.27111E-1 4.3674E-1 4.45605E-1 4.18189E-1 4.13901E-1 4.29421E-1 4.48692E-1 4.72189E-1 4.84305E-1 4.8237E-1
1.58719E-1 2.45048E-1 3.10017E-1 2.62943E-1 1.50022E-1 7.95096E-2 3.54639E-2 2.39522E-2 1.97902E-2 1.92779E-2 1.9811E-2 1.9488E-2 1.94338E-2 -9999 -9999 1.99574E-2 2.0058E-2 2.1693E-2 2.82156E-2 3.54338E-2 4.11787E-2 4.77202E-2 5.35479E-2 5.46111E-2 5.11443E-2 4.4729E-2 4.47195E-2 4.71467E-2 4.30444E-2 3.2953E-2 2.82255E-2 3.07298E-2 3.49399E-2 3.61094E-2 3.8557E-2 4.63346E-2 5.87821E-2 7.93262E-2 1.04748E-1 1.21467E-1 1.38378E-1 1.25039E-1 1.19435E-1 1.34068E-1 1.59404E-1 1.76571E-1 1.76692E-1 1.89215E-1 1.92269E-1 2.03871E-1 2.03533E-1 2.2359E-1 2.269E-1 2.56262E-1 2.9325E-1 3.1078E-1 3.44357E-1 3.40601E-1 3.10763E-1
1.12426E-1 1.65303E-1 2.58657E-1 2.6312E-1 1.61791E-1 -9999 3.84453E-2 2.524E-2 2.125E-2 -9999 -9999 -9999 1.6003E-2 1.4573E-2 -9999 1.34428E-2 1.36594E-2 1.39731E-2 1.50542E-2 1.60833E-2 1.79196E-2 2.03131E-2 1.96762E-2 2.15982E-2 2.09765E-2 1.8393E-2 1.79158E-2 1.84829E-2 1.74809E-2 1.53739E-2 1.4664E-2 1.56338E-2 1.56678E-2 1.51597E-2 1.44614E-2 1.55848E-2 1.87523E-2 2.14581E-2 2.49924E-2 3.42254E-2 3.94248E-2 3.58146E-2 3.53422E-2 3.64896E-2 4.71593E-2 6.46588E-2 7.51656E-2 7.75875E-2 7.45883E-2 8.67971E-2 1.01078E-1 1.16074E-1 1.10264E-1 1.29213E-1 1.6246E-1 1.67743E-1 1.65858E-1 1.68109E-1 1.68591E-1
5.87864E-2 8.81335E-2 1.17363E-1 1.29057E-1 7.87634E-2 5.63658E-2 -9999 3.28251E-2 2.47028E-2 1.82577E-2 -9999 -9999 -9999 1.25683E-2 1.1691E-2 -9999 1.14127E-2 1.11538E-2 1.12292E-2 1.11544E-2 1.14163E-2 1.18921E-2 1.27133E-2 1.33924E-2 1.2972E-2 1.22456E-2 1.16411E-2 1.13961E-2 1.10588E-2 1.07022E-2 1.03908E-2 1.01276E-2 9.9206E-3 9.76384E-3 9.48523E-3 9.73561E-3 9.89961E-3 9.90613E-3 1.07058E-2 1.2837E-2 1.42409E-2 1.45894E-2 1.5989E-2 1.70252E-2 1.85251E-2 2.17323E-2 2.57916E-2 2.51521E-2 2.8008E-2 3.41602E-2 4.15013E-2 4.51984E-2 4.29216E-2 5.10152E-2 7.40334E-2 6.07115E-2 5.71951E-2 6.59802E-2 7.48324E-2
