data/Modelo 2/FALn_median.asc
ncols         78
nrows         61
xllcorner     -149.5
yllcorner     -28.5
cellsize      1.0
NODATA_value  -9999
[rows 26 to 51 of 61, columns 0 to 58 of 78]
6.73437E-1 6.7419E-1 6.7432E-1 6.72092E-1 6.69249E-1 6.73661E-1 6.69704E-1 6.6113E-1 6.70611E-1 6.7245E-1 6.72187E-1 6.69909E-1 6.69675E-1 6.6829E-1 6.66399E-1 6.66814E-1 6.71099E-1 6.69637E-1 6.70063E-1 6.68161E-1 6.70415E-1 6.54297E-1 6.68506E-1 6.70053E-1 6.70891E-1 6.70951E-1 6.59317E-1 6.71206E-1 6.7122E-1 6.70991E-1 6.72138E-1 6.71672E-1 6.71387E-1 6.69409E-1 6.68542E-1 6.65956E-1 6.65017E-1 6.53924E-1 6.6806E-1 6.68556E-1 6.69559E-1 6.70432E-1 6.70381E-1 6.74035E-1 6.66544E-1 6.72049E-1 6.6961E-1 6.69116E-1 6.70926E-1 6.71568E-1 6.60098E-1 6.50834E-1 6.20756E-1 6.47645E-1 6.41602E-1 6.3934E-1 6.22959E-1 6.17661E-1 6.15873E-1
6.77404E-1 6.76712E-1 6.75411E-1 6.77105E-1 6.77424E-1 6.77568E-1 6.76593E-1 6.77899E-1 6.7565E-1 6.71581E-1 6.78609E-1 6.75869E-1 6.71771E-1 6.75151E-1 6.74255E-1 6.6518E-1 6.73814E-1 6.76717E-1 6.76557E-1 6.76233E-1 6.76786E-1 6.75343E-1 6.70945E-1 6.76859E-1 6.76281E-1 6.75545E-1 6.73502E-1 6.74393E-1 6.76488E-1 6.67071E-1 6.75551E-1 6.7598E-1 6.75842E-1 6.75959E-1 6.75575E-1 6.7492E-1 6.73745E-1 6.6886E-1 6.7393E-1 6.72625E-1 6.73446E-1 6.74113E-1 6.71458E-1 6.76975E-1 6.77354E-1 6.78747E-1 6.81082E-1 6.83818E-1 6.81988E-1 6.84516E-1 6.85012E-1 6.83102E-1 6.81071E-1 6.76439E-1 6.68191E-1 6.66364E-1 6.60383E-1 6.49673E-1 6.43073E-1
6.80494E-1 6.78046E-1 6.78008E-1 6.78408E-1 6.8052E-1 6.75391E-1 6.72264E-1 6.79613E-1 6.79823E-1 6.76518E-1 6.79902E-1 6.77364E-1 6.764E-1 6.73418E-1 6.76415E-1 6.75865E-1 6.70622E-1 6.78823E-1 6.78712E-1 6.76576E-1 6.76828E-1 6.77297E-1 6.79196E-1 6.79143E-1 6.7683E-1 6.78882E-1 6.77002E-1 6.78498E-1 6.74832E-1 6.69053E-1 6.77285E-1 6.77889E-1 6.72834E-1 6.79576E-1 6.79857E-1 6.80129E-1 6.80341E-1 6.8033E-1 6.78875E-1 6.77787E-1 6.7848E-1 6.79877E-1 6.80739E-1 6.80846E-1 6.81345E-1 6.83257E-1 6.86124E-1 6.87067E-1 6.88583E-1 6.90319E-1 6.91417E-1 6.91329E-1 6.9033E-1 6.86591E-1 6.84831E-1 6.86444E-1 6.86215E-1 6.84753E-1 6.80961E-1
6.83369E-1 6.79628E-1 6.81252E-1 6.79969E-1 6.8031E-1 6.78159E-1 6.80267E-1 6.80236E-1 6.80523E-1 6.80906E-1 6.81913E-1 6.81668E-1 6.81272E-1 6.80878E-1 6.80912E-1 6.81373E-1 6.7108E-1 6.81967E-1 6.82152E-1 6.7575E-1 6.77434E-1 6.79478E-1 6.74016E-1 6.79384E-1 6.62651E-1 6.79685E-1 6.55283E-1 6.72244E-1 6.71579E-1 6.74869E-1 6.77206E-1 6.76542E-1 6.79702E-1 6.8016E-1 6.81489E-1 6.82652E-1 6.81888E-1 6.74247E-1 6.81966E-1 6.81958E-1 6.82188E-1 6.83093E-1 6.84185E-1 6.84898E-1 6.85647E-1 6.87224E-1 6.85134E-1 6.90005E-1 6.87547E-1 6.92775E-1 6.92593E-1 6.9248E-1 6.92314E-1 6.89971E-1 6.88442E-1 6.91552E-1 6.90758E-1 6.90385E-1 6.89838E-1
6.86542E-1 6.81749E-1 6.85175E-1 6.82256E-1 6.78347E-1 6.83588E-1 6.83036E-1 6.70318E-1 6.69671E-1 6.74435E-1 6.79385E-1 6.83344E-1 6.83617E-1 6.84403E-1 6.83568E-1 6.84344E-1 6.791E-1 6.86093E-1 6.66671E-1 6.70546E-1 6.776E-1 6.76181E-1 6.82397E-1 6.84421E-1 6.82212E-1 6.83106E-1 6.84151E-1 6.72201E-1 6.74821E-1 6.76046E-1 6.81502E-1 6.81139E-1 6.80801E-1 6.82647E-1 6.84104E-1 6.83029E-1 6.83032E-1 6.83085E-1 6.82681E-1 6.82934E-1 6.81653E-1 6.7017E-1 6.83627E-1 6.85765E-1 6.86462E-1 6.85765E-1 6.8765E-1 6.88463E-1 6.88373E-1 6.87816E-1 6.89205E-1 6.87387E-1 6.88982E-1 6.89407E-1 6.88051E-1 6.89713E-1 6.8973E-1 6.90342E-1 6.92098E-1
6.89657E-1 6.8939E-1 6.89414E-1 6.61178E-1 6.4205E-1 6.70971E-1 6.86923E-1 6.69445E-1 6.86264E-1 6.83744E-1 6.77574E-1 6.31575E-1 6.65265E-1 6.75606E-1 6.85576E-1 6.64056E-1 6.65865E-1 6.85159E-1 -9999 6.64689E-1 6.82462E-1 6.75048E-1 6.69399E-1 6.84937E-1 6.61212E-1 6.79397E-1 6.84549E-1 6.83894E-1 6.59284E-1 6.75611E-1 6.83319E-1 6.83238E-1 6.82988E-1 6.83628E-1 6.83898E-1 6.83125E-1 6.77728E-1 6.82012E-1 6.82217E-1 6.80458E-1 6.68737E-1 6.80425E-1 6.83629E-1 6.83873E-1 6.83958E-1 6.82555E-1 6.82761E-1 6.8552E-1 6.81571E-1 6.81799E-1 6.74076E-1 6.82623E-1 6.81058E-1 6.78526E-1 6.77558E-1 6.85297E-1 6.89945E-1 6.90757E-1 6.70901E-1
6.88457E-1 6.83862E-1 6.52053E-1 5.94165E-1 6.85861E-1 6.85298E-1 -9999 -9999 6.83484E-1 6.7815E-1 6.62441E-1 6.58252E-1 6.58759E-1 6.65412E-1 6.66876E-1 6.65187E-1 6.57573E-1 6.65671E-1 6.5576E-1 6.64157E-1 6.03055E-1 6.33423E-1 6.53418E-1 6.4864E-1 6.39069E-1 6.58944E-1 6.44318E-1 6.55127E-1 6.53053E-1 6.53031E-1 6.53024E-1 6.5301E-1 6.53E-1 6.53687E-1 6.53682E-1 6.52346E-1 6.51805E-1 6.52072E-1 6.51928E-1 6.4962E-1 6.48022E-1 6.47934E-1 6.49162E-1 6.50123E-1 6.51419E-1 6.53083E-1 6.54676E-1 6.55028E-1 6.54589E-1 6.54249E-1 6.54437E-1 6.54866E-1 6.5502E-1 6.52951E-1 6.59142E-1 6.64792E-1 6.66439E-1 6.68525E-1 6.03331E-1
6.82627E-1 6.93728E-1 6.92616E-1 6.91339E-1 6.69507E-1 6.86707E-1 6.88574E-1 6.86908E-1 6.6943E-1 6.66398E-1 6.72855E-1 5.70989E-1 6.54968E-1 6.64154E-1 6.66775E-1 6.59354E-1 6.64789E-1 6.64354E-1 6.59086E-1 6.33283E-1 -9999 6.17992E-1 6.41107E-1 6.599E-1 -9999 6.12654E-1 6.52869E-1 6.24026E-1 6.3466E-1 6.44967E-1 6.43511E-1 6.42895E-1 6.43301E-1 6.4308E-1 6.41798E-1 6.37223E-1 6.39808E-1 6.34842E-1 6.27713E-1 6.20471E-1 6.15138E-1 6.08932E-1 6.07897E-1 6.10249E-1 6.16981E-1 6.25151E-1 6.32243E-1 6.33561E-1 6.31041E-1 6.20927E-1 6.12835E-1 6.15508E-1 6.16579E-1 6.15196E-1 6.25765E-1 6.39189E-1 6.40063E-1 6.99639E-1 6.76021E-1
7.08157E-1 7.07938E-1 7.06601E-1 7.04844E-1 7.03882E-1 7.03306E-1 7.02038E-1 7.00503E-1 6.98612E-1 6.98151E-1 6.97236E-1 6.97018E-1 6.9651E-1 6.96057E-1 6.94226E-1 6.9552E-1 6.95542E-1 6.95707E-1 6.95076E-1 6.94955E-1 6.52711E-1 6.79746E-1 -9999 6.41462E-1 6.61767E-1 6.72366E-1 6.68507E-1 6.62892E-1 6.46432E-1 6.67865E-1 6.70407E-1 6.69179E-1 6.65244E-1 6.65353E-1 6.68024E-1 6.65201E-1 6.62117E-1 6.60658E-1 6.58876E-1 6.55065E-1 6.53089E-1 6.51052E-1 6.49382E-1 6.49871E-1 6.52174E-1 6.53325E-1 6.52736E-1 6.50783E-1 6.50971E-1 6.50386E-1 6.48164E-1 6.46381E-1 6.44228E-1 6.33549E-1 6.10536E-1 5.89631E-1 5.70375E-1 5.88116E-1 6.24504E-1
7.0393E-1 7.04346E-1 7.04057E-1 7.03626E-1 7.03948E-1 7.03913E-1 7.03651E-1 7.03273E-1 7.02607E-1 7.02145E-1 7.0136E-1 7.00436E-1 6.97068E-1 7.00535E-1 6.99185E-1 6.98465E-1 6.98347E-1 6.98438E-1 6.97887E-1 6.99107E-1 6.7926E-1 6.41483E-1 6.78641E-1 6.97942E-1 6.31224E-1 6.65888E-1 6.7268E-1 6.92738E-1 6.96823E-1 6.96461E-1 6.95397E-1 6.93911E-1 6.94634E-1 6.942E-1 6.93727E-1 6.92548E-1 6.91298E-1 6.87775E-1 6.81929E-1 6.75895E-1 6.73113E-1 6.70791E-1 6.69554E-1 6.71706E-1 6.74076E-1 6.74021E-1 6.72645E-1 6.71184E-1 6.70771E-1 6.71316E-1 6.69856E-1 6.65917E-1 6.58334E-1 6.55408E-1 6.4426E-1 6.21886E-1 6.196E-1 6.33734E-1 6.42099E-1
6.96884E-1 6.96559E-1 6.96285E-1 6.96021E-1 6.95972E-1 6.96601E-1 6.96764E-1 6.97784E-1 6.96936E-1 6.88879E-1 6.92476E-1 6.95946E-1 6.9718E-1 6.8885E-1 6.92464E-1 6.9465E-1 6.95276E-1 6.9574E-1 6.97388E-1 6.97674E-1 6.97891E-1 -9999 6.36611E-1 6.77746E-1 6.93527E-1 6.76424E-1 6.72549E-1 6.82962E-1 6.93799E-1 6.96206E-1 6.94296E-1 6.91791E-1 6.9387E-1 6.80664E-1 6.73324E-1 6.91099E-1 6.92216E-1 6.90592E-1 6.89876E-1 6.8959E-1 6.895E-1 6.87806E-1 6.87228E-1 6.88121E-1 6.88539E-1 6.88543E-1 6.88428E-1 6.88486E-1 6.88068E-1 6.81905E-1 6.76087E-1 6.71848E-1 6.68115E-1 6.58E-1 6.55852E-1 6.30601E-1 6.58682E-1 6.53116E-1 6.64137E-1
6.91319E-1 6.90839E-1 6.90533E-1 6.90605E-1 6.91086E-1 6.91533E-1 6.91605E-1 6.9065E-1 6.78939E-1 6.83158E-1 6.92241E-1 6.92465E-1 6.92528E-1 6.92977E-1 6.92587E-1 6.92993E-1 6.94309E-1 6.94715E-1 6.93756E-1 6.90166E-1 6.84802E-1 -9999 -9999 6.82799E-1 6.81255E-1 -9999 6.89505E-1 6.87885E-1 6.80465E-1 6.7312E-1 6.84652E-1 6.76266E-1 6.91818E-1 6.84958E-1 6.72426E-1 6.90017E-1 6.90795E-1 6.88415E-1 6.88292E-1 6.9037E-1 6.91998E-1 6.90786E-1 6.89074E-1 6.8925E-1 6.903E-1 6.90459E-1 6.9029E-1 6.8999E-1 6.90391E-1 6.89331E-1 6.87173E-1 6.86162E-1 6.87041E-1 6.89048E-1 6.86571E-1 6.86895E-1 6.89519E-1 6.88383E-1 6.86309E-1
6.86985E-1 6.87255E-1 6.86854E-1 6.87073E-1 6.87591E-1 6.88352E-1 6.72465E-1 -9999 -9999 -9999 6.84491E-1 6.90659E-1 6.90768E-1 6.90574E-1 6.91971E-1 6.92777E-1 6.92681E-1 6.92406E-1 6.91741E-1 6.92757E-1 6.92647E-1 6.93184E-1 6.92072E-1 6.89526E-1 6.92428E-1 6.92945E-1 6.90952E-1 6.83224E-1 6.89238E-1 6.89261E-1 6.84849E-1 6.91238E-1 6.90206E-1 6.74727E-1 6.90166E-1 6.88198E-1 6.89058E-1 6.90827E-1 6.86352E-1 6.90513E-1 6.92225E-1 6.93006E-1 6.92659E-1 6.92546E-1 6.93274E-1 6.94799E-1 6.9527E-1 6.95283E-1 6.96284E-1 6.95351E-1 6.94018E-1 6.93671E-1 6.94351E-1 6.94799E-1 6.95281E-1 6.73787E-1 6.90151E-1 6.89314E-1 6.87525E-1
6.81161E-1 6.8157E-1 6.82172E-1 6.82929E-1 6.82217E-1 6.824E-1 -9999 -9999 -9999 -9999 5.9904E-1 6.85274E-1 6.85786E-1 6.86626E-1 6.87661E-1 6.88949E-1 6.89543E-1 6.89899E-1 6.89755E-1 6.90213E-1 6.91152E-1 6.91817E-1 6.91453E-1 6.90307E-1 6.91437E-1 6.91733E-1 6.88983E-1 6.9116E-1 6.90286E-1 6.91519E-1 6.92202E-1 6.92113E-1 6.9136E-1 6.91538E-1 6.91239E-1 6.92108E-1 6.9223E-1 6.92009E-1 6.93035E-1 6.93734E-1 6.94843E-1 6.94096E-1 6.93494E-1 6.94688E-1 6.93404E-1 6.96811E-1 6.97028E-1 6.91396E-1 6.99104E-1 6.98981E-1 6.9845E-1 6.98545E-1 6.98574E-1 6.98396E-1 6.95859E-1 6.84967E-1 6.92132E-1 6.90042E-1 6.89426E-1
6.72415E-1 6.75711E-1 6.76226E-1 6.77144E-1 6.77572E-1 -9999 6.76656E-1 6.81519E-1 6.82525E-1 6.72951E-1 5.78391E-1 -9999 6.7966E-1 6.80057E-1 6.80245E-1 6.8078E-1 6.81866E-1 6.82371E-1 6.83259E-1 6.83892E-1 6.8455E-1 6.822E-1 6.81999E-1 6.82511E-1 6.82179E-1 6.84085E-1 6.8422E-1 6.84732E-1 6.85967E-1 6.86486E-1 6.87748E-1 6.8866E-1 6.89334E-1 6.9025E-1 6.90178E-1 6.89985E-1 6.77915E-1 6.84997E-1 6.872E-1 6.92978E-1 6.91698E-1 6.92529E-1 6.82141E-1 6.88311E-1 6.93006E-1 6.84384E-1 6.94377E-1 6.96501E-1 6.9745E-1 6.95416E-1 6.95374E-1 6.96194E-1 6.96962E-1 6.97761E-1 6.97054E-1 6.93874E-1 6.90695E-1 6.91379E-1 6.89879E-1
6.40834E-1 6.46551E-1 6.58891E-1 6.66866E-1 6.71752E-1 6.28143E-1 -9999 6.80205E-1 6.90812E-1 6.83393E-1 -9999 -9999 -9999 6.74717E-1 6.74499E-1 6.75259E-1 6.76782E-1 6.7765E-1 6.77936E-1 6.77215E-1 6.76774E-1 6.75878E-1 6.76179E-1 6.77249E-1 6.78259E-1 6.78778E-1 6.79104E-1 6.79047E-1 6.80431E-1 6.8298E-1 6.82101E-1 6.81732E-1 6.8034E-1 6.80806E-1 6.81484E-1 6.83521E-1 6.8292E-1 6.81942E-1 6.83007E-1 6.80289E-1 6.85865E-1 6.86113E-1 6.86448E-1 6.76109E-1 6.44473E-1 6.22439E-1 6.72368E-1 6.92442E-1 6.92511E-1 6.92349E-1 6.87447E-1 6.80703E-1 6.82536E-1 6.93716E-1 6.92312E-1 6.91337E-1 6.90625E-1 6.89474E-1 6.89592E-1
3.78888E-1 4.30947E-1 4.91837E-1 5.69873E-1 6.41947E-1 6.47541E-1 6.63858E-1 6.71033E-1 6.86206E-1 6.87372E-1 6.81173E-1 6.53411E-1 -9999 6.69656E-1 6.6855E-1 6.71336E-1 6.74015E-1 6.75429E-1 6.75049E-1 6.74745E-1 6.74335E-1 6.73888E-1 6.72656E-1 6.74338E-1 6.75335E-1 6.75406E-1 6.74508E-1 6.7309E-1 6.76253E-1 6.76903E-1 6.75964E-1 6.74469E-1 6.73073E-1 6.73212E-1 6.73691E-1 6.77089E-1 6.76991E-1 6.76074E-1 6.75834E-1 6.75001E-1 6.7865E-1 6.70052E-1 6.80013E-1 6.71866E-1 6.66075E-1 6.84489E-1 6.84284E-1 6.84584E-1 6.6454E-1 6.8738E-1 6.77826E-1 6.87156E-1 6.88009E-1 6.77995E-1 6.76512E-1 6.84797E-1 6.85397E-1 6.84922E-1 6.8632E-1
1.68292E-1 1.98886E-1 2.21674E-1 2.65263E-1 3.48992E-1 4.35765E-1 5.59937E-1 6.56394E-1 6.66786E-1 6.76589E-1 6.71082E-1 6.53826E-1 -9999 -9999 6.61463E-1 6.70127E-1 6.72187E-1 6.72705E-1 6.72831E-1 6.73202E-1 6.73653E-1 6.73372E-1 6.72771E-1 6.73082E-1 6.73451E-1 6.73354E-1 6.7336E-1 6.74168E-1 6.74468E-1 6.74166E-1 6.73755E-1 6.73941E-1 6.70349E-1 6.66909E-1 6.71387E-1 6.67895E-1 6.7368E-1 6.68394E-1 6.68413E-1 6.69319E-1 6.69791E-1 6.70528E-1 6.74787E-1 6.75961E-1 6.69298E-1 6.78972E-1 6.7437E-1 6.67748E-1 6.75906E-1 6.76322E-1 6.81849E-1 6.76331E-1 6.72732E-1 6.80145E-1 6.68752E-1 6.81724E-1 6.5676E-1 6.77867E-1 6.81756E-1
9.52209E-2 1.09778E-1 1.19614E-1 1.3366E-1 1.66896E-1 2.17165E-1 2.83372E-1 3.75194E-1 5.09565E-1 6.06814E-1 5.66331E-1 4.27723E-1 -9999 4.99426E-1 5.62052E-1 6.14072E-1 6.55042E-1 6.58618E-1 6.61174E-1 6.70388E-1 6.70994E-1 6.71378E-1 6.71105E-1 6.70824E-1 6.70825E-1 6.70353E-1 6.70339E-1 6.70956E-1 6.71388E-1 6.70852E-1 6.69762E-1 6.70986E-1 6.68994E-1 6.70626E-1 6.69284E-1 6.66347E-1 6.67318E-1 6.66094E-1 6.62484E-1 6.59813E-1 6.6322E-1 6.6949E-1 6.64807E-1 6.68675E-1 6.71575E-1 6.72369E-1 6.61306E-1 6.58735E-1 6.70082E-1 6.62672E-1 6.5864E-1 6.70028E-1 6.73421E-1 6.70347E-1 6.74498E-1 6.74221E-1 6.75228E-1 6.76697E-1 6.7231E-1
4.55801E-2 5.42914E-2 6.36983E-2 7.68603E-2 9.60774E-2 1.0933E-1 1.32822E-1 1.61833E-1 1.98295E-1 2.31811E-1 2.46549E-1 2.3237E-1 2.43003E-1 2.70927E-1 3.04054E-1 3.44081E-1 3.89236E-1 4.69843E-1 5.67816E-1 6.36618E-1 6.55668E-1 6.57678E-1 6.58449E-1 6.59083E-1 6.59691E-1 6.60092E-1 6.6096E-1 6.59191E-1 6.58608E-1 6.58396E-1 6.60154E-1 6.60401E-1 6.59896E-1 6.60132E-1 6.60135E-1 6.61412E-1 6.58545E-1 6.59995E-1 6.54632E-1 6.54503E-1 6.57014E-1 6.57211E-1 6.56753E-1 6.58289E-1 6.59204E-1 6.57968E-1 6.50562E-1 6.59943E-1 6.60411E-1 6.61242E-1 6.61986E-1 6.63933E-1 6.66186E-1 6.65686E-1 6.61562E-1 6.63452E-1 6.66832E-1 6.67446E-1 6.62817E-1
3.62424E-2 3.83824E-2 4.14926E-2 4.05687E-2 3.9537E-2 4.12125E-2 4.87532E-2 6.27183E-2 8.63495E-2 1.10659E-1 1.24458E-1 -9999 1.12806E-1 1.41321E-1 1.50706E-1 1.67676E-1 1.95197E-1 2.28933E-1 2.91966E-1 3.62873E-1 4.17646E-1 4.73541E-1 5.04724E-1 5.3279E-1 5.49188E-1 5.52813E-1 5.49057E-1 4.68985E-1 4.11847E-1 4.36639E-1 4.89301E-1 5.0622E-1 4.79005E-1 5.45409E-1 5.98623E-1 6.29232E-1 6.42296E-1 6.45948E-1 6.42518E-1 6.36088E-1 6.44849E-1 6.43874E-1 6.4032E-1 6.38793E-1 6.44506E-1 6.5084E-1 6.47242E-1 6.37848E-1 6.33527E-1 6.35742E-1 6.34857E-1 6.41147E-1 6.37405E-1 6.15223E-1 6.0985E-1 6.30896E-1 6.393E-1 6.4014E-1 6.26312E-1
5.5567E-2 5.70193E-2 5.08498E-2 4.22998E-2 2.87608E-2 2.40306E-2 2.50987E-2 2.83974E-2 3.30442E-2 4.31087E-2 5.25143E-2 -9999 -9999 6.69982E-2 8.38656E-2 9.83352E-2 1.05576E-1 1.19625E-1 1.48304E-1 1.8518E-1 2.10574E-1 2.44906E-1 2.61758E-1 2.64363E-1 2.66E-1 2.57546E-1 2.47964E-1 2.16623E-1 2.02638E-1 2.14198E-1 2.19582E-1 2.15921E-1 2.12047E-1 2.52896E-1 3.12526E-1 3.53745E-1 3.98237E-1 4.54089E-1 4.93602E-1 5.30055E-1 5.55592E-1 5.7363E-1 5.64545E-1 5.54226E-1 5.52864E-1 5.51202E-1 5.57947E-1 5.6907E-1 5.65934E-1 5.62394E-1 5.50925E-1 5.46697E-1 5.32908E-1 5.14097E-1 5.17604E-1 5.28529E-1 5.37542E-1 5.40918E-1 5.56684E-1
1.31931E-1 1.75544E-1 1.35743E-1 7.93828E-2 3.88693E-2 2.55693E-2 2.50521E-2 2.20675E-2 2.10101E-2 2.23786E-2 2.63973E-2 -9999 -9999 2.9522E-2 3.34217E-2 3.61158E-2 3.73738E-2 4.30213E-2 6.49552E-2 9.36422E-2 1.06007E-1 1.18502E-1 1.29175E-1 1.21672E-1 1.21479E-1 1.16364E-1 1.12899E-1 1.13772E-1 1.10261E-1 9.5169E-2 8.44205E-2 8.32077E-2 9.9918E-2 1.07085E-1 1.19648E-1 1.46271E-1 1.82214E-1 2.16911E-1 2.49777E-1 2.80164E-1 3.16206E-1 3.27315E-1 2.97802E-1 3.07524E-1 3.41006E-1 3.61298E-1 3.79165E-1 4.04007E-1 3.96197E-1 4.09774E-1 4.21353E-1 4.27882E-1 4.02286E-1 3.99368E-1 4.15211E-1 4.24055E-1 4.38373E-1 4.46116E-1 4.39704E-1
1.47736E-1 2.34124E-1 2.98287E-1 2.48194E-1 1.39841E-1 7.42764E-2 3.32121E-2 2.2521E-2 1.88648E-2 1.8381E-2 1.88442E-2 1.84546E-2 1.82848E-2 -9999 -9999 1.8896E-2 1.89291E-2 2.03311E-2 2.60948E-2 3.26781E-2 3.79172E-2 4.38985E-2 4.92831E-2 5.02487E-2 4.71436E-2 4.12773E-2 4.1271E-2 4.35555E-2 3.99503E-2 3.04681E-2 2.61829E-2 2.84923E-2 3.24534E-2 3.35735E-2 3.58544E-2 4.30243E-2 5.4554E-2 7.34203E-2 9.48562E-2 1.11483E-1 1.28209E-1 1.16089E-1 1.11156E-1 1.25795E-1 1.53344E-1 1.73029E-1 1.74441E-1 1.87203E-1 1.88113E-1 1.95985E-1 1.91152E-1 2.04645E-1 2.07149E-1 2.36722E-1 2.6972E-1 2.86479E-1 3.08251E-1 3.05219E-1 2.807E-1
1.03612E-1 1.54842E-1 2.47413E-1 2.46018E-1 1.48679E-1 -9999 3.60212E-2 2.37934E-2 1.96898E-2 -9999 -9999 -9999 1.53055E-2 1.40308E-2 -9999 1.30391E-2 1.32512E-2 1.35397E-2 1.45034E-2 1.53821E-2 1.69865E-2 1.90777E-2 1.85492E-2 2.02676E-2 1.97803E-2 1.75555E-2 1.71673E-2 1.76578E-2 1.68003E-2 1.49734E-2 1.43388E-2 1.52707E-2 1.53914E-2 1.5033E-2 1.43531E-2 1.5376E-2 1.81999E-2 2.07518E-2 2.4144E-2 3.24837E-2 3.71168E-2 3.39434E-2 3.36884E-2 3.50894E-2 4.56551E-2 6.17835E-2 7.15726E-2 7.32512E-2 7.01602E-2 8.00149E-2 9.09173E-2 1.03776E-1 9.80756E-2 1.14108E-1 1.41646E-1 1.44869E-1 1.45734E-1 1.47763E-1 1.50364E-1
5.60837E-2 8.11767E-2 1.08099E-1 1.19198E-1 7.30305E-2 5.27892E-2 -9999 3.08293E-2 2.31461E-2 1.75102E-2 -9999 -9999 -9999 1.22017E-2 1.14852E-2 -9999 1.13318E-2 1.10681E-2 1.11476E-2 1.10298E-2 1.12498E-2 1.16806E-2 1.24466E-2 1.3153E-2 1.27701E-2 1.2094E-2 1.15836E-2 1.13187E-2 1.09724E-2 1.0589E-2 1.01545E-2 9.89165E-3 9.61907E-3 9.37905E-3 9.11527E-3 9.31739E-3 9.34087E-3 9.18827E-3 9.94096E-3 1.21919E-2 1.36587E-2 1.3978E-2 1.53586E-2 1.62282E-2 1.73814E-2 2.07472E-2 2.48399E-2 2.41631E-2 2.6601E-2 3.19745E-2 3.80139E-2 4.05926E-2 3.81039E-2 4.48144E-2 6.26961E-2 5.23259E-2 4.99712E-2 5.65947E-2 6.38457E-2
