data/Modelo 2/FALn_max.asc
ncols         78
nrows         61
xllcorner     -149.5
yllcorner     -28.5
cellsize      1.0
NODATA_value  -9999
[rows 0 to 25 of 61, columns 0 to 58 of 78]
1.48238E-2 1.22866E-2 1.04811E-2 9.22454E-3 1.00119E-2 9.50178E-3 8.28696E-3 7.34023E-3 -9999 5.39353E-3 4.88455E-3 4.47236E-3 4.52388E-3 4.47492E-3 4.28939E-3 -9999 5.47834E-3 -9999 -9999 -9999 -9999 -9999 -9999 -9999 8.38987E-2 -9999 -9999 -9999 -9999 1.05328E-1 1.29876E-1 1.59742E-1 -9999 -9999 -9999 -9999 -9999 -9999 -9999 -9999 -9999 -9999 -9999 -9999 -9999 -9999 -9999 -9999 -9999 -9999 -9999 -9999 -9999 -9999 -9999 -9999 -9999 -9999 -9999
2.01652E-2 1.80391E-2 1.49128E-2 1.03819E-2 8.6971E-3 7.52177E-3 7.27052E-3 7.19205E-3 6.56578E-3 5.91612E-3 5.67238E-3 5.28975E-3 5.15665E-3 5.07007E-3 4.69955E-3 4.82237E-3 4.99433E-3 5.29342E-3 -9999 -9999 -9999 -9999 -9999 1.98165E-2 3.55535E-2 -9999 7.24811E-2 1.11416E-1 1.09653E-1 1.19133E-1 1.23533E-1 1.60783E-1 -9999 -9999 -9999 -9999 -9999 -9999 -9999 -9999 -9999 -9999 -9999 -9999 -9999 -9999 -9999 -9999 -9999 -9999 -9999 -9999 -9999 -9999 -9999 -9999 -9999 -9999 -9999
2.02238E-2 2.00157E-2 1.74681E-2 -9999 1.01691E-2 7.73107E-3 -9999 -9999 7.09632E-3 6.47271E-3 6.11216E-3 5.77804E-3 5.25912E-3 4.99834E-3 4.35052E-3 4.24871E-3 4.16122E-3 3.87234E-3 -9999 4.10249E-3 -9999 -9999 3.87228E-3 -9999 7.97981E-3 9.60879E-3 1.78414E-2 -9999 8.04545E-2 1.38759E-1 1.52837E-1 1.59008E-1 1.66142E-1 -9999 7.06571E-1 7.20579E-1 -9999 -9999 -9999 -9999 -9999 -9999 -9999 -9999 -9999 -9999 -9999 -9999 -9999 -9999 -9999 -9999 -9999 -9999 -9999 -9999 -9999 -9999 -9999
2.04866E-2 1.96277E-2 -9999 1.40591E-2 1.12533E-2 -9999 8.4109E-3 7.69659E-3 6.9574E-3 -9999 -9999 -9999 4.96795E-3 5.00019E-3 4.49936E-3 3.95993E-3 3.18784E-3 3.40709E-3 3.51388E-3 3.38177E-3 2.86546E-3 2.54644E-3 2.59276E-3 2.64418E-3 3.28975E-3 -9999 -9999 -9999 1.99482E-2 -9999 7.33125E-2 -9999 1.72992E-1 1.83304E-1 -9999 -9999 7.17646E-1 -9999 -9999 -9999 -9999 -9999 -9999 -9999 -9999 -9999 -9999 -9999 -9999 -9999 -9999 -9999 -9999 -9999 -9999 -9999 -9999 -9999 -9999
1.47802E-2 1.49318E-2 1.29983E-2 1.07579E-2 1.02089E-2 9.38691E-3 8.89205E-3 8.01399E-3 -9999 5.62211E-3 5.51321E-3 4.68449E-3 4.73202E-3 4.20667E-3 4.25918E-3 3.96158E-3 3.61997E-3 3.48992E-3 3.35114E-3 3.02328E-3 2.6718E-3 2.47412E-3 2.28401E-3 2.26008E-3 -9999 -9999 3.95406E-3 -9999 -9999 -9999 3.31426E-2 -9999 2.21446E-1 2.01184E-1 2.24623E-1 -9999 -9999 -9999 -9999 -9999 -9999 -9999 -9999 -9999 -9999 -9999 -9999 -9999 -9999 -9999 -9999 -9999 -9999 -9999 -9999 -9999 -9999 -9999 -9999
1.21786E-2 1.18665E-2 1.12512E-2 1.01192E-2 -9999 9.28935E-3 8.97121E-3 8.41529E-3 7.59753E-3 7.22738E-3 5.70053E-3 4.94449E-3 4.80783E-3 4.49918E-3 4.06244E-3 3.98254E-3 3.74336E-3 3.50824E-3 3.21819E-3 3.02703E-3 2.79054E-3 2.59205E-3 2.47547E-3 -9999 -9999 -9999 -9999 -9999 -9999 -9999 -9999 -9999 -9999 2.75033E-1 -9999 -9999 -9999 -9999 -9999 -9999 -9999 -9999 -9999 -9999 -9999 -9999 -9999 -9999 -9999 -9999 -9999 -9999 -9999 -9999 -9999 -9999 -9999 -9999 -9999
1.16442E-2 1.12237E-2 1.05714E-2 1.00162E-2 9.6077E-3 9.27268E-3 8.96981E-3 8.58872E-3 7.9572E-3 7.32354E-3 6.63166E-3 5.57364E-3 5.11849E-3 4.86132E-3 4.437E-3 4.178E-3 3.95285E-3 3.47785E-3 3.52422E-3 3.24487E-3 2.99354E-3 2.85142E-3 2.80439E-3 2.77339E-3 -9999 -9999 -9999 3.0968E-3 -9999 -9999 -9999 -9999 -9999 -9999 3.57921E-1 4.10252E-1 -9999 -9999 6.98387E-1 -9999 -9999 -9999 -9999 -9999 -9999 -9999 -9999 -9999 -9999 -9999 -9999 -9999 -9999 -9999 -9999 -9999 -9999 -9999 -9999
1.1227E-2 1.06443E-2 9.49812E-3 9.32912E-3 9.54352E-3 9.26204E-3 8.95182E-3 8.52481E-3 7.60476E-3 7.57602E-3 6.96459E-3 6.34368E-3 5.89155E-3 5.44644E-3 4.85921E-3 4.59075E-3 4.30826E-3 4.05158E-3 3.81072E-3 3.61609E-3 3.44469E-3 -9999 -9999 -9999 -9999 -9999 -9999 -9999 -9999 -9999 -9999 -9999 -9999 8.05302E-2 -9999 4.80048E-1 5.85866E-1 -9999 7.11025E-1 6.88575E-1 -9999 -9999 -9999 -9999 -9999 -9999 -9999 -9999 -9999 -9999 -9999 -9999 -9999 -9999 -9999 -9999 -9999 -9999 -9999
1.12859E-2 1.08044E-2 1.02409E-2 9.776E-3 9.53553E-3 9.33367E-3 8.88406E-3 8.74312E-3 8.36226E-3 7.93203E-3 7.45435E-3 7.23737E-3 6.79742E-3 6.01388E-3 5.54568E-3 4.85454E-3 4.86871E-3 4.6153E-3 4.36452E-3 4.20712E-3 -9999 -9999 -9999 -9999 -9999 -9999 -9999 -9999 -9999 -9999 -9999 -9999 -9999 6.09282E-2 -9999 4.1494E-1 6.60546E-1 -9999 7.00457E-1 6.92886E-1 6.78922E-1 -9999 -9999 -9999 -9999 -9999 -9999 -9999 -9999 -9999 -9999 -9999 -9999 -9999 -9999 -9999 -9999 -9999 -9999
1.15408E-2 1.10308E-2 1.03792E-2 9.9212E-3 9.78122E-3 9.46518E-3 9.1395E-3 8.89091E-3 8.6881E-3 8.50875E-3 8.17481E-3 7.88001E-3 7.29067E-3 6.90656E-3 6.59199E-3 6.11325E-3 5.64989E-3 5.3679E-3 5.42094E-3 5.4383E-3 4.73061E-3 -9999 -9999 -9999 -9999 -9999 -9999 -9999 5.89977E-3 -9999 -9999 -9999 -9999 -9999 -9999 -9999 6.8015E-1 6.93524E-1 6.97073E-1 -9999 6.80768E-1 6.74739E-1 -9999 -9999 -9999 -9999 -9999 -9999 -9999 -9999 -9999 -9999 -9999 -9999 -9999 -9999 -9999 -9999 -9999
1.1615E-2 1.12E-2 1.04614E-2 1.00593E-2 9.89236E-3 9.64383E-3 9.47984E-3 9.39889E-3 8.40005E-3 9.48337E-3 9.27099E-3 8.71179E-3 8.2946E-3 7.84627E-3 7.45497E-3 7.32629E-3 7.0581E-3 6.9735E-3 -9999 -9999 -9999 -9999 -9999 -9999 -9999 -9999 -9999 -9999 -9999 -9999 -9999 -9999 -9999 -9999 -9999 2.15418E-1 6.0592E-1 6.81964E-1 6.84864E-1 6.83328E-1 6.82721E-1 6.77169E-1 6.59727E-1 -9999 -9999 -9999 -9999 -9999 -9999 -9999 -9999 -9999 -9999 -9999 -9999 -9999 -9999 -9999 -9999
1.20934E-2 1.13018E-2 1.06335E-2 1.03387E-2 1.0044E-2 9.8797E-3 9.6756E-3 9.88099E-3 1.02434E-2 1.06603E-2 1.12006E-2 1.08721E-2 9.62431E-3 8.97716E-3 8.98723E-3 -9999 9.5491E-3 9.28573E-3 1.01513E-2 -9999 -9999 -9999 -9999 -9999 -9999 -9999 -9999 1.11758E-2 -9999 -9999 -9999 -9999 2.47241E-2 5.21138E-2 -9999 -9999 4.27779E-1 6.66897E-1 6.72992E-1 6.78049E-1 6.74862E-1 6.74255E-1 6.60745E-1 6.06726E-1 -9999 -9999 -9999 -9999 -9999 -9999 -9999 -9999 -9999 -9999 -9999 -9999 -9999 -9999 -9999
1.2668E-2 1.19731E-2 1.16249E-2 1.17255E-2 1.09906E-2 1.02887E-2 1.02804E-2 1.07538E-2 1.16981E-2 1.27654E-2 1.46967E-2 1.6484E-2 -9999 -9999 1.27528E-2 1.23157E-2 1.26833E-2 -9999 -9999 -9999 1.62752E-2 -9999 -9999 -9999 -9999 -9999 -9999 -9999 -9999 -9999 -9999 -9999 -9999 1.1609E-1 1.80717E-1 3.46141E-1 4.91284E-1 6.62225E-1 6.65253E-1 6.65317E-1 6.7628E-1 6.77E-1 6.65606E-1 -9999 -9999 -9999 -9999 -9999 -9999 -9999 -9999 -9999 -9999 -9999 -9999 -9999 -9999 -9999 -9999
1.36463E-2 1.39604E-2 1.43467E-2 1.41767E-2 1.28536E-2 -9999 1.13418E-2 1.20952E-2 1.41435E-2 -9999 -9999 1.81439E-2 2.8502E-2 -9999 2.79682E-2 2.15616E-2 2.07406E-2 -9999 -9999 -9999 -9999 -9999 -9999 -9999 -9999 1.19665E-1 -9999 -9999 -9999 -9999 -9999 -9999 -9999 1.1075E-1 -9999 -9999 -9999 -9999 -9999 6.63527E-1 6.71534E-1 6.75561E-1 6.76196E-1 6.86481E-1 -9999 -9999 -9999 -9999 -9999 -9999 -9999 -9999 -9999 -9999 -9999 -9999 -9999 -9999 -9999
1.52773E-2 1.59389E-2 1.74657E-2 -9999 1.79606E-2 1.50122E-2 1.47544E-2 1.72005E-2 2.1092E-2 2.3503E-2 -9999 3.44231E-2 -9999 -9999 -9999 -9999 -9999 6.48029E-2 -9999 -9999 -9999 -9999 -9999 -9999 -9999 3.32452E-1 -9999 -9999 -9999 -9999 -9999 -9999 1.26059E-1 1.19381E-1 -9999 -9999 -9999 -9999 -9999 6.65939E-1 6.61153E-1 6.7181E-1 6.71002E-1 6.71767E-1 6.53794E-1 -9999 -9999 -9999 -9999 -9999 -9999 -9999 -9999 -9999 -9999 -9999 -9999 -9999 -9999
2.11872E-2 2.12577E-2 2.35421E-2 -9999 -9999 3.07977E-2 -9999 3.65291E-2 4.6761E-2 5.20829E-2 5.9997E-2 -9999 1.18651E-1 -9999 -9999 -9999 -9999 -9999 -9999 -9999 -9999 -9999 4.37423E-1 -9999 -9999 -9999 -9999 -9999 5.28337E-1 4.9295E-1 4.22422E-1 3.6796E-1 2.81786E-1 1.9136E-1 1.86107E-1 3.38621E-1 4.99333E-1 6.21388E-1 6.67993E-1 6.38236E-1 6.6028E-1 6.70287E-1 6.69711E-1 6.6586E-1 6.42368E-1 6.00384E-1 6.08724E-1 5.64118E-1 -9999 -9999 -9999 -9999 -9999 -9999 -9999 -9999 -9999 -9999 -9999
-9999 3.26293E-2 3.46263E-2 -9999 -9999 -9999 -9999 -9999 1.09128E-1 1.30479E-1 -9999 -9999 2.12875E-1 -9999 -9999 -9999 -9999 -9999 -9999 -9999 -9999 -9999 -9999 -9999 -9999 -9999 -9999 -9999 6.68887E-1 6.64832E-1 6.61933E-1 6.61355E-1 6.00477E-1 4.39488E-1 4.01776E-1 4.86898E-1 6.31073E-1 6.03066E-1 6.37024E-1 6.53807E-1 6.56473E-1 6.47425E-1 6.54481E-1 6.41555E-1 -9999 5.85141E-1 -9999 -9999 5.65322E-1 5.38307E-1 -9999 -9999 -9999 -9999 -9999 -9999 -9999 -9999 -9999
-9999 6.06492E-2 5.98074E-2 7.33874E-2 -9999 -9999 -9999 -9999 -9999 -9999 2.74559E-1 3.42602E-1 -9999 -9999 -9999 -9999 -9999 -9999 -9999 6.73148E-1 6.78827E-1 -9999 -9999 -9999 -9999 -9999 -9999 6.58855E-1 6.74011E-1 6.72176E-1 6.70043E-1 6.69086E-1 6.55975E-1 6.67565E-1 6.67316E-1 6.65051E-1 6.62264E-1 6.5789E-1 6.55789E-1 6.55855E-1 6.56038E-1 6.41444E-1 6.31513E-1 6.19636E-1 -9999 -9999 -9999 -9999 -9999 5.18757E-1 -9999 -9999 6.00526E-1 -9999 -9999 5.08329E-1 -9999 -9999 -9999
9.46074E-2 1.28188E-1 1.32078E-1 1.26103E-1 -9999 1.69558E-1 1.98545E-1 -9999 2.88489E-1 -9999 -9999 4.59845E-1 4.74985E-1 5.97383E-1 -9999 -9999 6.72674E-1 6.75468E-1 -9999 6.81017E-1 6.81833E-1 6.82191E-1 -9999 -9999 -9999 -9999 -9999 6.71054E-1 6.7955E-1 6.77737E-1 6.74404E-1 6.74872E-1 6.74008E-1 6.73959E-1 6.73826E-1 6.73988E-1 6.73346E-1 6.70104E-1 6.55619E-1 6.50575E-1 6.41929E-1 6.32169E-1 6.21031E-1 6.10797E-1 5.80569E-1 -9999 5.36162E-1 -9999 5.62486E-1 5.4831E-1 -9999 -9999 -9999 -9999 6.43028E-1 5.44145E-1 4.72815E-1 -9999 -9999
1.38741E-1 1.3949E-1 1.61077E-1 2.07037E-1 2.70377E-1 -9999 3.60545E-1 -9999 -9999 -9999 -9999 5.63349E-1 -9999 6.63562E-1 6.68895E-1 6.71671E-1 6.50381E-1 6.78016E-1 6.78921E-1 6.79783E-1 6.80416E-1 6.81259E-1 6.8241E-1 6.82267E-1 -9999 6.51227E-1 6.80644E-1 6.80242E-1 6.79694E-1 6.79298E-1 6.76529E-1 6.74828E-1 6.74028E-1 6.73222E-1 6.74148E-1 6.73618E-1 6.54544E-1 6.61328E-1 6.54425E-1 6.46012E-1 6.38465E-1 6.19558E-1 6.23541E-1 6.14253E-1 5.97327E-1 -9999 5.94239E-1 -9999 -9999 -9999 5.74486E-1 -9999 -9999 6.4436E-1 6.09899E-1 5.69532E-1 5.32229E-1 -9999 5.31667E-1
1.96144E-1 2.09164E-1 -9999 3.30598E-1 4.77213E-1 5.73132E-1 6.1205E-1 6.62045E-1 6.06533E-1 6.0163E-1 -9999 -9999 6.67763E-1 6.68386E-1 6.59499E-1 6.76285E-1 6.73614E-1 6.75601E-1 6.77654E-1 6.78099E-1 6.78509E-1 6.78355E-1 6.7818E-1 6.77651E-1 6.77322E-1 6.77556E-1 6.75083E-1 6.77202E-1 6.76865E-1 6.76653E-1 6.75633E-1 6.74764E-1 6.74099E-1 6.73906E-1 6.7351E-1 6.67273E-1 6.61747E-1 6.53496E-1 6.51677E-1 6.4223E-1 6.44846E-1 6.30031E-1 6.3288E-1 6.28064E-1 6.23399E-1 6.23058E-1 6.14944E-1 5.90504E-1 6.08295E-1 5.88911E-1 6.02128E-1 -9999 -9999 6.18652E-1 5.8305E-1 -9999 5.72996E-1 -9999 -9999
2.9315E-1 3.71766E-1 4.95956E-1 6.34341E-1 6.64672E-1 6.65922E-1 6.66756E-1 6.69777E-1 6.70726E-1 6.69187E-1 6.75052E-1 6.50315E-1 6.63697E-1 6.68629E-1 6.73074E-1 6.75566E-1 6.75262E-1 6.76847E-1 6.76522E-1 6.73947E-1 6.76737E-1 6.73435E-1 6.7455E-1 6.76408E-1 6.74472E-1 6.76137E-1 6.75784E-1 6.76006E-1 6.7626E-1 6.75776E-1 6.75282E-1 6.73298E-1 6.73863E-1 6.73373E-1 6.69699E-1 6.61206E-1 6.55044E-1 6.53856E-1 6.5482E-1 6.52903E-1 6.09976E-1 6.46816E-1 6.18713E-1 6.26128E-1 6.35388E-1 -9999 6.07745E-1 -9999 -9999 6.15373E-1 -9999 -9999 -9999 5.81282E-1 5.95713E-1 -9999 -9999 -9999 5.70075E-1
4.18201E-1 4.71435E-1 6.17811E-1 6.49413E-1 6.70333E-1 6.70423E-1 6.70325E-1 6.72451E-1 6.74224E-1 6.76859E-1 6.68286E-1 6.76191E-1 6.76758E-1 6.76549E-1 6.75974E-1 6.75183E-1 6.73655E-1 6.72049E-1 6.73387E-1 6.6981E-1 6.75093E-1 6.71072E-1 6.75679E-1 6.72372E-1 6.75986E-1 6.75778E-1 6.73746E-1 6.71827E-1 6.68887E-1 6.67409E-1 6.70354E-1 6.69818E-1 6.71197E-1 6.72629E-1 6.69061E-1 6.65269E-1 6.362E-1 6.48421E-1 6.30987E-1 6.54998E-1 6.54079E-1 6.37042E-1 -9999 6.50473E-1 6.47537E-1 6.42817E-1 -9999 6.2543E-1 6.29057E-1 6.16502E-1 6.24349E-1 6.237E-1 6.19172E-1 5.97762E-1 6.11519E-1 6.12248E-1 6.19572E-1 6.35369E-1 6.56136E-1
4.98911E-1 5.79429E-1 6.55503E-1 6.40853E-1 6.54917E-1 6.69069E-1 6.70065E-1 6.71029E-1 6.71784E-1 6.73877E-1 6.66532E-1 6.71022E-1 6.7338E-1 6.71679E-1 6.6997E-1 6.68585E-1 6.71506E-1 6.65704E-1 6.65287E-1 6.65172E-1 6.71213E-1 6.63102E-1 6.61896E-1 6.65496E-1 6.61165E-1 6.72621E-1 6.71455E-1 6.67404E-1 6.55631E-1 6.56399E-1 6.66467E-1 6.64766E-1 6.65668E-1 6.68129E-1 6.67752E-1 6.62374E-1 6.54725E-1 6.4173E-1 6.57678E-1 6.59058E-1 6.57278E-1 -9999 6.30961E-1 -9999 -9999 6.43588E-1 6.38351E-1 6.2583E-1 6.35558E-1 5.94717E-1 6.32782E-1 6.31314E-1 6.2604E-1 6.23791E-1 6.26053E-1 6.29062E-1 6.34044E-1 6.45512E-1 6.15762E-1
6.00888E-1 6.10072E-1 6.52568E-1 6.239E-1 6.62686E-1 6.63826E-1 6.65283E-1 6.65648E-1 6.65968E-1 6.52085E-1 6.65765E-1 6.63547E-1 6.57062E-1 6.61125E-1 6.63748E-1 6.63174E-1 6.62322E-1 6.61737E-1 6.60615E-1 6.61361E-1 6.37003E-1 6.64033E-1 6.62831E-1 6.62928E-1 6.64925E-1 6.70113E-1 6.73784E-1 6.59107E-1 6.72749E-1 6.65677E-1 6.68106E-1 6.68805E-1 6.65811E-1 6.65725E-1 6.63864E-1 6.5171E-1 6.66491E-1 6.62242E-1 6.61374E-1 6.39213E-1 6.61469E-1 6.53935E-1 6.52602E-1 6.52614E-1 6.53692E-1 6.52093E-1 6.47455E-1 6.4981E-1 6.50293E-1 6.45822E-1 6.29896E-1 6.40714E-1 6.37016E-1 6.34697E-1 6.35459E-1 6.30048E-1 6.17918E-1 6.02888E-1 5.8349E-1
6.67382E-1 6.61478E-1 6.70385E-1 6.67557E-1 6.64015E-1 6.56861E-1 6.68361E-1 6.48998E-1 6.7159E-1 6.66814E-1 6.71193E-1 6.44665E-1 6.5067E-1 6.67032E-1 6.67076E-1 6.67567E-1 6.51642E-1 6.61397E-1 6.65619E-1 6.66396E-1 6.62292E-1 6.67262E-1 6.67289E-1 6.68479E-1 6.71723E-1 6.71364E-1 6.62488E-1 6.72985E-1 6.6224E-1 6.42599E-1 6.75599E-1 6.73655E-1 6.72532E-1 6.70582E-1 6.63251E-1 6.72812E-1 6.64185E-1 6.67696E-1 6.68902E-1 6.52165E-1 6.66367E-1 6.64659E-1 6.68952E-1 6.70575E-1 6.69209E-1 6.721E-1 6.7132E-1 6.67756E-1 6.66302E-1 6.61294E-1 6.4557E-1 6.42387E-1 6.44932E-1 6.36351E-1 6.39425E-1 6.37837E-1 6.2637E-1 5.99564E-1 5.85521E-1
