data/Modelo 2/FALn_avg.asc
ncols         78
nrows         61
xllcorner     -149.5
yllcorner     -28.5
cellsize      1.0
NODATA_value  -9999
[rows 0 to 25 of 61, columns 0 to 58 of 78]
1.36864E-2 1.13821E-2 9.69718E-3 8.53547E-3 9.2441E-3 8.73363E-3 7.62048E-3 6.76968E-3 -9999 4.93253E-3 4.46078E-3 4.07754E-3 4.11221E-3 4.0603E-3 3.80211E-3 -9999 4.8694E-3 -9999 -9999 -9999 -9999 -9999 -9999 -9999 7.3755E-2 -9999 -9999 -9999 -9999 9.59268E-2 1.19612E-1 1.48072E-1 -9999 -9999 -9999 -9999 -9999 -9999 -9999 -9999 -9999 -9999 -9999 -9999 -9999 -9999 -9999 -9999 -9999 -9999 -9999 -9999 -9999 -9999 -9999 -9999 -9999 -9999 -9999
1.81157E-2 1.63707E-2 1.37294E-2 9.67849E-3 8.15046E-3 7.03128E-3 6.81772E-3 6.70807E-3 6.1015E-3 5.46785E-3 5.24391E-3 4.89087E-3 4.76082E-3 4.66806E-3 4.26719E-3 4.34873E-3 4.46978E-3 4.70805E-3 -9999 -9999 -9999 -9999 -9999 1.57585E-2 2.98452E-2 -9999 6.33339E-2 1.00091E-1 9.87796E-2 1.0837E-1 1.05048E-1 1.49856E-1 -9999 -9999 -9999 -9999 -9999 -9999 -9999 -9999 -9999 -9999 -9999 -9999 -9999 -9999 -9999 -9999 -9999 -9999 -9999 -9999 -9999 -9999 -9999 -9999 -9999 -9999 -9999
1.85543E-2 1.84786E-2 1.58994E-2 -9999 9.43976E-3 7.27858E-3 -9999 -9999 6.64933E-3 6.06293E-3 5.69702E-3 5.39242E-3 4.88262E-3 4.61563E-3 3.96995E-3 3.86374E-3 3.75927E-3 3.47874E-3 -9999 3.43332E-3 -9999 -9999 3.2908E-3 -9999 6.86751E-3 8.14648E-3 1.51156E-2 -9999 6.52169E-2 1.24959E-1 1.37152E-1 1.41499E-1 1.547E-1 -9999 7.00871E-1 7.11851E-1 -9999 -9999 -9999 -9999 -9999 -9999 -9999 -9999 -9999 -9999 -9999 -9999 -9999 -9999 -9999 -9999 -9999 -9999 -9999 -9999 -9999 -9999 -9999
1.93064E-2 1.83973E-2 -9999 1.30411E-2 1.04691E-2 -9999 7.85546E-3 7.27175E-3 6.58355E-3 -9999 -9999 -9999 4.64615E-3 4.66802E-3 4.1547E-3 3.63102E-3 2.77209E-3 3.10296E-3 3.17518E-3 3.03886E-3 2.56735E-3 2.24799E-3 2.31572E-3 2.31095E-3 2.89376E-3 -9999 -9999 -9999 1.60847E-2 -9999 6.29951E-2 -9999 1.48897E-1 1.69162E-1 -9999 -9999 7.08847E-1 -9999 -9999 -9999 -9999 -9999 -9999 -9999 -9999 -9999 -9999 -9999 -9999 -9999 -9999 -9999 -9999 -9999 -9999 -9999 -9999 -9999 -9999
1.41219E-2 1.42103E-2 1.23077E-2 1.01686E-2 9.64694E-3 8.88479E-3 8.28645E-3 7.38728E-3 -9999 5.0832E-3 5.18012E-3 4.18485E-3 4.44682E-3 3.63524E-3 3.93347E-3 3.64809E-3 3.32451E-3 3.18776E-3 3.02925E-3 2.74155E-3 2.42461E-3 2.19375E-3 2.03456E-3 2.03188E-3 -9999 -9999 3.49258E-3 -9999 -9999 -9999 2.85291E-2 -9999 2.06792E-1 1.82021E-1 2.09938E-1 -9999 -9999 -9999 -9999 -9999 -9999 -9999 -9999 -9999 -9999 -9999 -9999 -9999 -9999 -9999 -9999 -9999 -9999 -9999 -9999 -9999 -9999 -9999 -9999
1.17321E-2 1.13396E-2 1.0669E-2 9.58058E-3 -9999 8.78371E-3 8.48571E-3 7.88513E-3 7.13473E-3 6.70462E-3 5.32832E-3 4.46527E-3 4.51718E-3 4.19951E-3 3.76178E-3 3.6666E-3 3.43786E-3 3.21966E-3 2.9446E-3 2.76826E-3 2.5447E-3 2.34696E-3 2.24668E-3 -9999 -9999 -9999 -9999 -9999 -9999 -9999 -9999 -9999 -9999 2.60259E-1 -9999 -9999 -9999 -9999 -9999 -9999 -9999 -9999 -9999 -9999 -9999 -9999 -9999 -9999 -9999 -9999 -9999 -9999 -9999 -9999 -9999 -9999 -9999 -9999 -9999
1.11793E-2 1.07187E-2 1.00544E-2 9.45484E-3 9.02666E-3 8.71141E-3 8.45352E-3 8.11004E-3 7.48362E-3 6.8711E-3 6.19681E-3 5.28533E-3 4.7976E-3 4.57729E-3 4.16167E-3 3.89677E-3 3.67051E-3 3.0612E-3 3.25321E-3 2.97946E-3 2.73545E-3 2.60605E-3 2.56138E-3 2.52716E-3 -9999 -9999 -9999 2.46666E-3 -9999 -9999 -9999 -9999 -9999 -9999 3.41793E-1 3.93599E-1 -9999 -9999 6.88121E-1 -9999 -9999 -9999 -9999 -9999 -9999 -9999 -9999 -9999 -9999 -9999 -9999 -9999 -9999 -9999 -9999 -9999 -9999 -9999 -9999
1.07989E-2 1.01645E-2 8.91912E-3 8.73962E-3 8.97856E-3 8.70393E-3 8.45033E-3 8.0953E-3 7.21588E-3 7.158E-3 6.59269E-3 5.97809E-3 5.57677E-3 5.18303E-3 4.54544E-3 4.31544E-3 4.04252E-3 3.77664E-3 3.54559E-3 3.32931E-3 3.16403E-3 -9999 -9999 -9999 -9999 -9999 -9999 -9999 -9999 -9999 -9999 -9999 -9999 6.96212E-2 -9999 4.55349E-1 5.52753E-1 -9999 7.03299E-1 6.80424E-1 -9999 -9999 -9999 -9999 -9999 -9999 -9999 -9999 -9999 -9999 -9999 -9999 -9999 -9999 -9999 -9999 -9999 -9999 -9999
1.09085E-2 1.03711E-2 9.77724E-3 9.31328E-3 9.05441E-3 8.84619E-3 8.37636E-3 8.27888E-3 7.97501E-3 7.55943E-3 7.08976E-3 6.75596E-3 6.31058E-3 5.62046E-3 5.33073E-3 4.38556E-3 4.58352E-3 4.3357E-3 4.06226E-3 3.92063E-3 -9999 -9999 -9999 -9999 -9999 -9999 -9999 -9999 -9999 -9999 -9999 -9999 -9999 5.23104E-2 -9999 3.85933E-1 6.33392E-1 -9999 6.95018E-1 6.88696E-1 6.72952E-1 -9999 -9999 -9999 -9999 -9999 -9999 -9999 -9999 -9999 -9999 -9999 -9999 -9999 -9999 -9999 -9999 -9999 -9999
1.11433E-2 1.06247E-2 9.99918E-3 9.52286E-3 9.3327E-3 9.02112E-3 8.67069E-3 8.39305E-3 8.26696E-3 8.15851E-3 7.77924E-3 7.42875E-3 6.90218E-3 6.41524E-3 6.11198E-3 5.7558E-3 5.37907E-3 5.04169E-3 5.09031E-3 5.09198E-3 4.09078E-3 -9999 -9999 -9999 -9999 -9999 -9999 -9999 4.78374E-3 -9999 -9999 -9999 -9999 -9999 -9999 -9999 6.62463E-1 6.87923E-1 6.91586E-1 -9999 6.74389E-1 6.68656E-1 -9999 -9999 -9999 -9999 -9999 -9999 -9999 -9999 -9999 -9999 -9999 -9999 -9999 -9999 -9999 -9999 -9999
1.12097E-2 1.07858E-2 1.00821E-2 9.65013E-3 9.4444E-3 9.18547E-3 9.03438E-3 8.94247E-3 7.72582E-3 9.08662E-3 8.92756E-3 8.34005E-3 7.84829E-3 7.35406E-3 7.03228E-3 6.85683E-3 6.57906E-3 6.49453E-3 -9999 -9999 -9999 -9999 -9999 -9999 -9999 -9999 -9999 -9999 -9999 -9999 -9999 -9999 -9999 -9999 -9999 1.90857E-1 5.9291E-1 6.72488E-1 6.76013E-1 6.7492E-1 6.74284E-1 6.70924E-1 6.51652E-1 -9999 -9999 -9999 -9999 -9999 -9999 -9999 -9999 -9999 -9999 -9999 -9999 -9999 -9999 -9999 -9999
1.16546E-2 1.08999E-2 1.02645E-2 9.97152E-3 9.65288E-3 9.50365E-3 9.28945E-3 9.4968E-3 9.85214E-3 1.0273E-2 1.07871E-2 1.04503E-2 9.24E-3 8.51339E-3 8.56266E-3 -9999 8.9333E-3 8.71879E-3 9.41928E-3 -9999 -9999 -9999 -9999 -9999 -9999 -9999 -9999 9.8755E-3 -9999 -9999 -9999 -9999 2.22644E-2 4.77763E-2 -9999 -9999 4.04745E-1 6.5904E-1 6.6503E-1 6.69602E-1 6.66227E-1 6.65831E-1 6.52721E-1 5.7728E-1 -9999 -9999 -9999 -9999 -9999 -9999 -9999 -9999 -9999 -9999 -9999 -9999 -9999 -9999 -9999
1.21788E-2 1.15057E-2 1.11663E-2 1.12644E-2 1.05545E-2 9.93323E-3 9.92467E-3 1.03774E-2 1.12444E-2 1.21913E-2 1.40146E-2 1.5652E-2 -9999 -9999 1.17893E-2 1.17835E-2 1.21097E-2 -9999 -9999 -9999 1.46985E-2 -9999 -9999 -9999 -9999 -9999 -9999 -9999 -9999 -9999 -9999 -9999 -9999 1.03529E-1 1.66723E-1 3.26933E-1 4.78549E-1 6.47649E-1 6.57671E-1 6.59092E-1 6.65123E-1 6.66631E-1 6.5812E-1 -9999 -9999 -9999 -9999 -9999 -9999 -9999 -9999 -9999 -9999 -9999 -9999 -9999 -9999 -9999 -9999
1.30704E-2 1.33807E-2 1.37204E-2 1.33676E-2 1.20792E-2 -9999 1.084E-2 1.15274E-2 1.34874E-2 -9999 -9999 1.53298E-2 2.69022E-2 -9999 2.64373E-2 1.96434E-2 1.82408E-2 -9999 -9999 -9999 -9999 -9999 -9999 -9999 -9999 1.06918E-1 -9999 -9999 -9999 -9999 -9999 -9999 -9999 9.74713E-2 -9999 -9999 -9999 -9999 -9999 6.5578E-1 6.6236E-1 6.64513E-1 6.70264E-1 6.72475E-1 -9999 -9999 -9999 -9999 -9999 -9999 -9999 -9999 -9999 -9999 -9999 -9999 -9999 -9999 -9999
1.46125E-2 1.52222E-2 1.66667E-2 -9999 1.70437E-2 1.39045E-2 1.35596E-2 1.60112E-2 2.00398E-2 2.22457E-2 -9999 3.09915E-2 -9999 -9999 -9999 -9999 -9999 5.95197E-2 -9999 -9999 -9999 -9999 -9999 -9999 -9999 3.14805E-1 -9999 -9999 -9999 -9999 -9999 -9999 1.13197E-1 1.06484E-1 -9999 -9999 -9999 -9999 -9999 6.59451E-1 6.55856E-1 6.60915E-1 6.65622E-1 6.64837E-1 6.44571E-1 -9999 -9999 -9999 -9999 -9999 -9999 -9999 -9999 -9999 -9999 -9999 -9999 -9999 -9999
2.01158E-2 2.01606E-2 2.22869E-2 -9999 -9999 2.87067E-2 -9999 3.12182E-2 4.29081E-2 4.84032E-2 5.13838E-2 -9999 1.07265E-1 -9999 -9999 -9999 -9999 -9999 -9999 -9999 -9999 -9999 4.0515E-1 -9999 -9999 -9999 -9999 -9999 5.14065E-1 4.80235E-1 4.0172E-1 3.47567E-1 2.65117E-1 1.79061E-1 1.72391E-1 3.18999E-1 4.81943E-1 5.99898E-1 6.60721E-1 6.27368E-1 6.54949E-1 6.5873E-1 6.60355E-1 6.57666E-1 6.33762E-1 5.77339E-1 5.87423E-1 5.19055E-1 -9999 -9999 -9999 -9999 -9999 -9999 -9999 -9999 -9999 -9999 -9999
-9999 3.07052E-2 3.22649E-2 -9999 -9999 -9999 -9999 -9999 9.80177E-2 1.20437E-1 -9999 -9999 2.00144E-1 -9999 -9999 -9999 -9999 -9999 -9999 -9999 -9999 -9999 -9999 -9999 -9999 -9999 -9999 -9999 6.62595E-1 6.54877E-1 6.48199E-1 6.47178E-1 5.87071E-1 4.2271E-1 3.79813E-1 4.74867E-1 6.14716E-1 5.86817E-1 6.16906E-1 6.29834E-1 6.4242E-1 6.41108E-1 6.42861E-1 6.28462E-1 -9999 5.56772E-1 -9999 -9999 5.35539E-1 4.9574E-1 -9999 -9999 -9999 -9999 -9999 -9999 -9999 -9999 -9999
-9999 5.42735E-2 5.1409E-2 6.71038E-2 -9999 -9999 -9999 -9999 -9999 -9999 2.54024E-1 3.24984E-1 -9999 -9999 -9999 -9999 -9999 -9999 -9999 6.67506E-1 6.70879E-1 -9999 -9999 -9999 -9999 -9999 -9999 6.50758E-1 6.65836E-1 6.65303E-1 6.63798E-1 6.58741E-1 6.46257E-1 6.60939E-1 6.58875E-1 6.56482E-1 6.5433E-1 6.44812E-1 6.40759E-1 6.41739E-1 6.44847E-1 6.3144E-1 6.13319E-1 5.96821E-1 -9999 -9999 -9999 -9999 -9999 4.66971E-1 -9999 -9999 5.64905E-1 -9999 -9999 4.71465E-1 -9999 -9999 -9999
8.01797E-2 1.1639E-1 1.22421E-1 1.1444E-1 -9999 1.58852E-1 1.80207E-1 -9999 2.71677E-1 -9999 -9999 4.47256E-1 4.62187E-1 5.79126E-1 -9999 -9999 6.66026E-1 6.67916E-1 -9999 6.7303E-1 6.74329E-1 6.75711E-1 -9999 -9999 -9999 -9999 -9999 6.60694E-1 6.72566E-1 6.7004E-1 6.68035E-1 6.66043E-1 6.65007E-1 6.65253E-1 6.65097E-1 6.65554E-1 6.64575E-1 6.62447E-1 6.47098E-1 6.36922E-1 6.26193E-1 6.13347E-1 5.97876E-1 5.8577E-1 5.47469E-1 -9999 4.75326E-1 -9999 5.32687E-1 5.15665E-1 -9999 -9999 -9999 -9999 6.26519E-1 5.17345E-1 4.30718E-1 -9999 -9999
1.28386E-1 1.22365E-1 1.42721E-1 1.94355E-1 2.55195E-1 -9999 3.10318E-1 -9999 -9999 -9999 -9999 5.36118E-1 -9999 6.47489E-1 6.6041E-1 6.61921E-1 6.41418E-1 6.69066E-1 6.7046E-1 6.71577E-1 6.72864E-1 6.74227E-1 6.75109E-1 6.74955E-1 -9999 6.39076E-1 6.69189E-1 6.72819E-1 6.72198E-1 6.71725E-1 6.6912E-1 6.66297E-1 6.65023E-1 6.65389E-1 6.65512E-1 6.66261E-1 6.45271E-1 6.53566E-1 6.43872E-1 6.32566E-1 6.21589E-1 6.00794E-1 6.00414E-1 5.90465E-1 5.68562E-1 -9999 5.67364E-1 -9999 -9999 -9999 5.43552E-1 -9999 -9999 6.25838E-1 5.89044E-1 5.36802E-1 4.98825E-1 -9999 4.9192E-1
1.83603E-1 1.88712E-1 -9999 3.11284E-1 4.63028E-1 5.58806E-1 5.96634E-1 6.42541E-1 5.75018E-1 5.6121E-1 -9999 -9999 6.59162E-1 6.58334E-1 6.5045E-1 6.67132E-1 6.66728E-1 6.67806E-1 6.68974E-1 6.70013E-1 6.70826E-1 6.70771E-1 6.70584E-1 6.69887E-1 6.69392E-1 6.6981E-1 6.68745E-1 6.69589E-1 6.69511E-1 6.69531E-1 6.67983E-1 6.66403E-1 6.65225E-1 6.65046E-1 6.64547E-1 6.60486E-1 6.53552E-1 6.44106E-1 6.42131E-1 6.31597E-1 6.2801E-1 6.14506E-1 6.11332E-1 6.04263E-1 5.98886E-1 5.95326E-1 5.89423E-1 5.50779E-1 5.792E-1 5.55444E-1 5.7535E-1 -9999 -9999 5.99783E-1 5.52209E-1 -9999 5.40638E-1 -9999 -9999
2.74889E-1 3.50839E-1 4.82791E-1 6.18376E-1 6.50481E-1 6.56073E-1 6.56601E-1 6.63263E-1 6.63417E-1 6.59177E-1 6.66387E-1 6.40007E-1 6.54813E-1 6.59224E-1 6.6565E-1 6.68252E-1 6.68365E-1 6.68113E-1 6.67517E-1 6.67465E-1 6.68115E-1 6.66401E-1 6.67348E-1 6.6776E-1 6.67575E-1 6.67338E-1 6.66554E-1 6.67145E-1 6.68141E-1 6.6757E-1 6.67004E-1 6.66169E-1 6.6469E-1 6.6403E-1 6.62858E-1 6.55088E-1 6.48928E-1 6.45786E-1 6.43154E-1 6.39212E-1 5.74393E-1 6.29468E-1 5.90097E-1 6.03853E-1 6.11572E-1 -9999 5.73924E-1 -9999 -9999 5.93264E-1 -9999 -9999 -9999 5.42974E-1 5.71891E-1 -9999 -9999 -9999 5.04849E-1
3.8449E-1 4.39129E-1 5.94843E-1 6.39677E-1 6.62856E-1 6.61228E-1 6.64005E-1 6.66322E-1 6.67945E-1 6.68321E-1 6.58601E-1 6.69408E-1 6.67331E-1 6.6832E-1 6.6789E-1 6.68207E-1 6.6699E-1 6.64586E-1 6.66428E-1 6.62894E-1 6.66006E-1 6.63666E-1 6.66713E-1 6.65316E-1 6.66971E-1 6.66776E-1 6.64998E-1 6.64004E-1 6.64322E-1 6.62852E-1 6.62521E-1 6.61912E-1 6.62551E-1 6.63901E-1 6.62051E-1 6.56561E-1 6.19158E-1 6.40001E-1 6.1128E-1 6.42472E-1 6.40202E-1 6.21519E-1 -9999 6.32866E-1 6.27507E-1 6.22252E-1 -9999 6.08105E-1 6.13119E-1 5.96228E-1 6.09549E-1 6.08794E-1 6.03327E-1 5.7057E-1 5.93438E-1 5.93571E-1 6.01505E-1 6.19303E-1 6.41488E-1
4.82963E-1 5.64735E-1 6.3573E-1 6.25948E-1 6.44373E-1 6.60386E-1 6.61709E-1 6.6318E-1 6.62501E-1 6.65439E-1 6.56912E-1 6.63492E-1 6.6448E-1 6.64646E-1 6.63369E-1 6.59427E-1 6.62261E-1 6.58054E-1 6.57922E-1 6.59233E-1 6.62215E-1 6.56926E-1 6.55995E-1 6.59758E-1 6.52223E-1 6.65309E-1 6.63126E-1 6.59522E-1 6.50058E-1 6.51396E-1 6.58594E-1 6.56669E-1 6.57387E-1 6.59672E-1 6.60558E-1 6.53139E-1 6.45716E-1 6.28432E-1 6.47509E-1 6.46437E-1 6.44414E-1 -9999 6.09886E-1 -9999 -9999 6.31653E-1 6.26499E-1 6.08364E-1 6.24146E-1 5.54253E-1 6.22198E-1 6.203E-1 6.14157E-1 6.11311E-1 6.13717E-1 6.16849E-1 6.20802E-1 6.24865E-1 5.95143E-1
5.8657E-1 5.94642E-1 6.31164E-1 6.04906E-1 6.47118E-1 6.4953E-1 6.53831E-1 6.54634E-1 6.54902E-1 6.40706E-1 6.56654E-1 6.50397E-1 6.41414E-1 6.4644E-1 6.53516E-1 6.49001E-1 6.47946E-1 6.49593E-1 6.46869E-1 6.51794E-1 6.26982E-1 6.54559E-1 6.56477E-1 6.57836E-1 6.59036E-1 6.63252E-1 6.63936E-1 6.50607E-1 6.63532E-1 6.59735E-1 6.61386E-1 6.62277E-1 6.60465E-1 6.59666E-1 6.59284E-1 6.45216E-1 6.58854E-1 6.53477E-1 6.54371E-1 6.22101E-1 6.51802E-1 6.4627E-1 6.45506E-1 6.45632E-1 6.46819E-1 6.43655E-1 6.3823E-1 6.40664E-1 6.40018E-1 6.35304E-1 6.14409E-1 6.30129E-1 6.27587E-1 6.23159E-1 6.14392E-1 6.03872E-1 5.95296E-1 5.81748E-1 5.5687E-1
6.57516E-1 6.52701E-1 6.62987E-1 6.5848E-1 6.55328E-1 6.48668E-1 6.58335E-1 6.37694E-1 6.63018E-1 6.56521E-1 6.60144E-1 6.30174E-1 6.40603E-1 6.55824E-1 6.5479E-1 6.55698E-1 6.40925E-1 6.49231E-1 6.56595E-1 6.57257E-1 6.51487E-1 6.59965E-1 6.60087E-1 6.61611E-1 6.63644E-1 6.63216E-1 6.52996E-1 6.62323E-1 6.52722E-1 6.29653E-1 6.67647E-1 6.67549E-1 6.63174E-1 6.64767E-1 6.55743E-1 6.63988E-1 6.56497E-1 6.6057E-1 6.61007E-1 6.43797E-1 6.6028E-1 6.58932E-1 6.6091E-1 6.62572E-1 6.61663E-1 6.63489E-1 6.61791E-1 6.59385E-1 6.59166E-1 6.52341E-1 6.3456E-1 6.33924E-1 6.35115E-1 6.26702E-1 6.27493E-1 6.23856E-1 6.00498E-1 5.77145E-1 5.596E-1
