data/Modelo 2/FALn_stddev.asc
ncols         78
nrows         61
xllcorner     -149.5
yllcorner     -28.5
cellsize      1.0
NODATA_value  -9999
[rows 26 to 51 of 61, columns 0 to 58 of 78]
3.99379E-3 3.5816E-3 3.30975E-3 3.40124E-3 4.02532E-3 3.14735E-3 4.26185E-3 4.51776E-3 4.11959E-3 4.16073E-3 4.08716E-3 4.30243E-3 4.22222E-3 4.822E-3 4.75714E-3 4.78934E-3 4.6535E-3 4.29596E-3 4.91694E-3 4.93003E-3 4.84442E-3 5.43212E-3 4.82276E-3 4.30159E-3 4.65421E-3 4.2406E-3 4.87187E-3 4.16582E-3 4.39809E-3 4.58344E-3 4.51753E-3 4.59155E-3 4.23732E-3 5.05973E-3 5.15824E-3 5.48548E-3 5.49672E-3 5.59091E-3 5.43842E-3 5.38623E-3 5.21972E-3 5.32431E-3 5.67563E-3 5.10982E-3 6.03596E-3 5.24674E-3 5.90292E-3 5.56528E-3 5.07167E-3 4.51633E-3 4.93608E-3 4.37769E-3 8.38402E-3 3.72429E-3 4.80198E-3 4.77607E-3 6.96545E-3 7.74299E-3 7.88653E-3
3.09033E-3 3.4042E-3 4.31812E-3 3.64405E-3 3.18034E-3 3.48696E-3 3.11846E-3 3.41377E-3 3.88242E-3 4.50821E-3 3.54837E-3 3.94689E-3 5.02584E-3 4.00182E-3 4.42324E-3 4.46575E-3 4.80122E-3 3.83597E-3 4.08242E-3 3.86093E-3 3.99002E-3 3.90945E-3 4.56182E-3 3.50896E-3 4.03293E-3 3.77964E-3 4.56741E-3 4.16801E-3 3.56003E-3 4.50346E-3 3.82759E-3 3.78393E-3 3.79374E-3 3.84564E-3 3.8531E-3 4.04838E-3 4.01612E-3 4.82832E-3 3.7443E-3 4.28218E-3 4.05958E-3 4.25209E-3 5.05023E-3 3.53923E-3 3.98227E-3 4.13883E-3 3.53777E-3 3.09209E-3 4.10034E-3 3.49022E-3 3.45563E-3 3.35745E-3 3.3538E-3 3.46618E-3 3.63669E-3 4.27622E-3 5.07284E-3 5.48662E-3 5.51339E-3
3.09284E-3 3.86547E-3 4.19735E-3 3.31071E-3 2.83782E-3 4.44931E-3 4.3742E-3 3.54804E-3 3.51002E-3 4.66288E-3 3.37085E-3 3.84393E-3 4.11271E-3 4.98405E-3 3.88154E-3 4.64332E-3 4.49145E-3 3.69953E-3 3.49857E-3 4.52418E-3 4.42529E-3 3.71684E-3 3.26544E-3 3.19205E-3 4.23125E-3 3.34741E-3 4.478E-3 3.76906E-3 4.85532E-3 4.43169E-3 4.02555E-3 3.5179E-3 4.52993E-3 3.19913E-3 2.72769E-3 2.80842E-3 2.43003E-3 2.52425E-3 3.08776E-3 3.24279E-3 3.39721E-3 3.02399E-3 2.95477E-3 3.05477E-3 3.01465E-3 2.80039E-3 2.44928E-3 2.48878E-3 2.59334E-3 2.80313E-3 2.9029E-3 3.02028E-3 3.18545E-3 3.65926E-3 4.22668E-3 3.23685E-3 3.12927E-3 3.24953E-3 3.54167E-3
3.06753E-3 4.19592E-3 2.99278E-3 3.99391E-3 4.04615E-3 4.55415E-3 3.38335E-3 3.81594E-3 4.06493E-3 3.04954E-3 3.23143E-3 3.28215E-3 3.32549E-3 3.12145E-3 3.33593E-3 3.32187E-3 4.09176E-3 3.25773E-3 3.1718E-3 4.5584E-3 4.57849E-3 3.6758E-3 4.41045E-3 3.41534E-3 4.67423E-3 4.19226E-3 6.29959E-3 4.43143E-3 4.3831E-3 4.74197E-3 4.48364E-3 4.56288E-3 3.09385E-3 3.10735E-3 2.927E-3 2.62177E-3 3.64006E-3 3.8711E-3 3.01121E-3 2.71676E-3 2.89285E-3 2.61994E-3 2.52761E-3 2.37877E-3 2.4441E-3 2.31847E-3 3.96255E-3 2.36061E-3 3.82833E-3 2.70037E-3 3.02893E-3 3.13988E-3 3.16034E-3 3.51359E-3 4.08744E-3 3.34603E-3 3.44276E-3 3.38376E-3 3.37302E-3
2.66812E-3 4.28535E-3 2.76243E-3 3.98416E-3 4.30669E-3 3.65028E-3 3.8153E-3 3.94047E-3 3.97671E-3 3.91397E-3 4.53021E-3 3.04803E-3 2.9729E-3 2.90344E-3 2.96552E-3 2.89363E-3 4.36972E-3 2.58904E-3 4.68902E-3 3.95449E-3 4.13309E-3 4.0294E-3 3.0744E-3 2.7556E-3 3.20953E-3 2.74749E-3 2.90399E-3 4.04316E-3 4.22523E-3 4.54641E-3 3.04754E-3 3.13847E-3 3.29974E-3 2.98921E-3 2.81622E-3 3.50946E-3 2.81751E-3 2.72504E-3 2.83371E-3 2.64013E-3 3.84902E-3 4.16649E-3 3.02357E-3 2.57011E-3 2.52653E-3 3.19854E-3 2.59012E-3 2.51171E-3 2.74463E-3 3.38286E-3 2.86179E-3 3.84639E-3 3.04725E-3 2.97563E-3 3.5507E-3 3.32395E-3 3.32452E-3 3.09384E-3 3.3429E-3
2.43879E-3 2.46392E-3 2.47354E-3 7.39947E-3 1.34074E-2 4.17504E-3 2.24465E-3 4.13383E-3 2.50887E-3 3.88485E-3 3.52272E-3 1.52887E-2 4.42832E-3 3.43085E-3 2.6429E-3 4.66434E-3 4.14196E-3 2.04062E-3 -9999 4.98008E-3 3.41298E-3 2.86144E-3 2.72983E-3 2.86338E-3 4.73027E-3 3.22509E-3 3.19944E-3 3.34851E-3 4.23106E-3 3.09375E-3 3.481E-3 3.43443E-3 3.56894E-3 3.31302E-3 3.2844E-3 3.49907E-3 2.94401E-3 3.4198E-3 3.40468E-3 3.28637E-3 2.87596E-3 3.23406E-3 3.29527E-3 3.09057E-3 2.91267E-3 1.99641E-3 2.53183E-3 2.48372E-3 3.01094E-3 2.13127E-3 3.09123E-3 2.42773E-3 2.37828E-3 3.54707E-3 3.48312E-3 2.14059E-3 2.5359E-3 2.65579E-3 4.48334E-3
2.97294E-3 2.78558E-3 8.31073E-3 3.05591E-2 3.56081E-3 3.5049E-3 -9999 -9999 3.39173E-3 3.45701E-3 3.20821E-3 3.57843E-3 3.85824E-3 4.77176E-3 4.62827E-3 4.94533E-3 5.47219E-3 5.06682E-3 5.17584E-3 4.95598E-3 1.84264E-2 8.98844E-3 6.25143E-3 6.34675E-3 7.25285E-3 6.72216E-3 7.28167E-3 7.24428E-3 7.25965E-3 7.64848E-3 7.71461E-3 7.96219E-3 7.95554E-3 7.93347E-3 7.97334E-3 8.09836E-3 8.2163E-3 8.27976E-3 8.49897E-3 8.3001E-3 8.71619E-3 8.71006E-3 8.53393E-3 8.32876E-3 8.06174E-3 7.63217E-3 7.12554E-3 7.06926E-3 7.03581E-3 7.06015E-3 7.00407E-3 6.89438E-3 6.84572E-3 6.80301E-3 6.30366E-3 6.35192E-3 8.75072E-3 8.7141E-3 2.13254E-2
3.2906E-3 3.20817E-3 2.92112E-3 2.23913E-3 3.15869E-3 2.80257E-3 3.51376E-3 3.41645E-3 2.94541E-3 3.15107E-3 4.16438E-3 3.14359E-2 4.63349E-3 5.20691E-3 5.62598E-3 6.11213E-3 5.71563E-3 5.84913E-3 6.31428E-3 9.01035E-3 -9999 1.34243E-2 7.5107E-3 7.15017E-3 -9999 1.3901E-2 8.07158E-3 1.06481E-2 9.18253E-3 8.75602E-3 9.07066E-3 9.6488E-3 9.52644E-3 9.30359E-3 9.35809E-3 1.02914E-2 1.01332E-2 1.08143E-2 1.22641E-2 1.45832E-2 1.54353E-2 1.54047E-2 1.54879E-2 1.55187E-2 1.53829E-2 1.34406E-2 1.15643E-2 1.11982E-2 1.1721E-2 1.46616E-2 1.53784E-2 1.53743E-2 1.53667E-2 1.52878E-2 1.46135E-2 1.26664E-2 1.48522E-2 1.49822E-2 1.17531E-2
4.33647E-3 4.31588E-3 4.0996E-3 3.80328E-3 3.62883E-3 3.53645E-3 3.92346E-3 3.15649E-3 2.90236E-3 2.77566E-3 2.68277E-3 2.60394E-3 2.46331E-3 2.30413E-3 2.29995E-3 2.2875E-3 2.29266E-3 2.2684E-3 2.32608E-3 2.38352E-3 9.90099E-3 2.73262E-3 -9999 1.42813E-2 6.34592E-3 3.45211E-3 3.81446E-3 4.31727E-3 7.69384E-3 5.37809E-3 5.32347E-3 5.56599E-3 6.06854E-3 6.17894E-3 6.02422E-3 6.6096E-3 7.18452E-3 7.42724E-3 7.80477E-3 8.43986E-3 8.8296E-3 9.02372E-3 9.18073E-3 9.21565E-3 9.19938E-3 9.15905E-3 9.32504E-3 9.4797E-3 9.43872E-3 9.24561E-3 9.11366E-3 9.25312E-3 9.50586E-3 1.16552E-2 1.55037E-2 1.78832E-2 2.22447E-2 2.11349E-2 1.60303E-2
4.74484E-3 4.62035E-3 4.34731E-3 4.12639E-3 4.10193E-3 3.96705E-3 3.8444E-3 3.72185E-3 3.64837E-3 3.95195E-3 3.61903E-3 3.44363E-3 5.27274E-3 3.12081E-3 2.97656E-3 3.06807E-3 2.79531E-3 2.84392E-3 3.59597E-3 2.93595E-3 5.52435E-3 1.66326E-2 5.29977E-3 3.02413E-3 2.00452E-2 8.7481E-3 5.63783E-3 4.42579E-3 2.33903E-3 2.31603E-3 2.29805E-3 2.07931E-3 2.29507E-3 2.69985E-3 2.62617E-3 3.07491E-3 3.40483E-3 3.52611E-3 3.90693E-3 4.55015E-3 4.84548E-3 5.17388E-3 5.48923E-3 5.21792E-3 4.97944E-3 5.00353E-3 5.19024E-3 5.48082E-3 5.771E-3 5.85979E-3 6.06411E-3 6.7552E-3 7.95715E-3 8.887E-3 9.81934E-3 1.51015E-2 1.49825E-2 1.15112E-2 9.64103E-3
3.62623E-3 3.46993E-3 3.9072E-3 3.14909E-3 3.88456E-3 4.25993E-3 4.05008E-3 3.32072E-3 5.07002E-3 4.2608E-3 4.76451E-3 3.39923E-3 2.45728E-3 4.06047E-3 4.57711E-3 3.86998E-3 3.91798E-3 3.61757E-3 2.52854E-3 2.54523E-3 2.76392E-3 -9999 1.71827E-2 4.72855E-3 4.27561E-3 4.91597E-3 5.89008E-3 4.3431E-3 4.17507E-3 2.49256E-3 2.66292E-3 4.30174E-3 3.5489E-3 4.2169E-3 5.20437E-3 4.13387E-3 2.30598E-3 2.45082E-3 2.54898E-3 2.6428E-3 2.7246E-3 3.02926E-3 3.35419E-3 3.2585E-3 3.14356E-3 3.3718E-3 3.44041E-3 3.4528E-3 3.62146E-3 3.82425E-3 4.59807E-3 5.40409E-3 6.00127E-3 7.18008E-3 7.61195E-3 1.06349E-2 6.90038E-3 5.85361E-3 5.63473E-3
3.0558E-3 2.85044E-3 2.67914E-3 2.59152E-3 2.57239E-3 2.5397E-3 2.47347E-3 4.19621E-3 3.43077E-3 3.70685E-3 2.91256E-3 2.28333E-3 2.19532E-3 2.1455E-3 3.35387E-3 2.80005E-3 2.60874E-3 2.21789E-3 2.59756E-3 4.35995E-3 3.53439E-3 -9999 -9999 3.5045E-3 3.61533E-3 -9999 4.29794E-3 4.05909E-3 3.83583E-3 4.80497E-3 3.95031E-3 4.28173E-3 2.41601E-3 3.99364E-3 4.94318E-3 3.06086E-3 2.5095E-3 4.08701E-3 2.77552E-3 2.5559E-3 2.52636E-3 2.7252E-3 2.75126E-3 2.71337E-3 2.62636E-3 2.57041E-3 2.54298E-3 2.60941E-3 2.60558E-3 2.85203E-3 3.51581E-3 3.6277E-3 3.61167E-3 3.03056E-3 3.22037E-3 3.67272E-3 2.45732E-3 2.39492E-3 2.52754E-3
3.26981E-3 3.27718E-3 2.93022E-3 2.87577E-3 2.95985E-3 3.00378E-3 3.2736E-3 -9999 -9999 -9999 4.8492E-3 3.1815E-3 3.06832E-3 3.63691E-3 3.71455E-3 3.51045E-3 4.30357E-3 4.6151E-3 4.01781E-3 2.85143E-3 2.91941E-3 2.64322E-3 2.55011E-3 4.59887E-3 3.1905E-3 3.55587E-3 4.43654E-3 3.39839E-3 3.9641E-3 4.23831E-3 3.55127E-3 3.28144E-3 3.85656E-3 3.90768E-3 3.3216E-3 4.2064E-3 4.31314E-3 2.97263E-3 4.29961E-3 3.2549E-3 2.25562E-3 2.49634E-3 2.61023E-3 2.54706E-3 2.53313E-3 2.68199E-3 2.66854E-3 2.63785E-3 2.68978E-3 2.7448E-3 2.84414E-3 2.86664E-3 2.83278E-3 2.85147E-3 2.61473E-3 5.15047E-3 3.91326E-3 2.8231E-3 3.05068E-3
4.3439E-3 4.72609E-3 3.86649E-3 3.81669E-3 4.33264E-3 4.64009E-3 -9999 -9999 -9999 -9999 2.3275E-2 4.9212E-3 4.16283E-3 4.30272E-3 4.7461E-3 5.24534E-3 5.84947E-3 5.62375E-3 4.78986E-3 4.38199E-3 5.25659E-3 5.82755E-3 5.13468E-3 5.64238E-3 4.89494E-3 5.57371E-3 6.68986E-3 4.72266E-3 3.90347E-3 3.92397E-3 3.44506E-3 3.39926E-3 3.71836E-3 3.2846E-3 4.14819E-3 3.85403E-3 3.14175E-3 4.00362E-3 3.32744E-3 3.25636E-3 3.05758E-3 2.6354E-3 2.46163E-3 2.12902E-3 3.91727E-3 2.48914E-3 2.46902E-3 4.17918E-3 2.74825E-3 2.67332E-3 2.73113E-3 2.80923E-3 2.89221E-3 2.65502E-3 2.55579E-3 3.91376E-3 2.46634E-3 2.77497E-3 2.65858E-3
6.54335E-3 4.7323E-3 4.60079E-3 4.05573E-3 4.06047E-3 -9999 6.28277E-3 4.49175E-3 7.43118E-3 8.2661E-3 2.84656E-2 -9999 5.59419E-3 5.2994E-3 5.97609E-3 6.50384E-3 6.22085E-3 6.16148E-3 5.93009E-3 5.11528E-3 6.04755E-3 7.69919E-3 7.43623E-3 7.27534E-3 7.02948E-3 5.05919E-3 5.35563E-3 4.81145E-3 3.98387E-3 3.33941E-3 3.83295E-3 3.96148E-3 4.1942E-3 4.53384E-3 4.40047E-3 4.33051E-3 3.95742E-3 5.0396E-3 5.24478E-3 4.20677E-3 4.75933E-3 3.22332E-3 3.98588E-3 4.71024E-3 4.63086E-3 4.27072E-3 4.3061E-3 4.44591E-3 4.47645E-3 4.44679E-3 3.71146E-3 2.48607E-3 2.68599E-3 2.73302E-3 2.55099E-3 3.76624E-3 4.05249E-3 2.22644E-3 2.64912E-3
1.06209E-2 8.09936E-3 6.42247E-3 5.71003E-3 5.23515E-3 1.02801E-2 -9999 4.21841E-3 4.14698E-3 5.72598E-3 -9999 -9999 -9999 5.89677E-3 6.43576E-3 6.57426E-3 5.85447E-3 5.57518E-3 6.58786E-3 7.01694E-3 7.21392E-3 8.25064E-3 8.34272E-3 7.04046E-3 6.18447E-3 5.58956E-3 4.72572E-3 5.0916E-3 4.55412E-3 4.20054E-3 4.26428E-3 4.80826E-3 5.47311E-3 5.91685E-3 5.28518E-3 4.19567E-3 4.57351E-3 5.83301E-3 4.56693E-3 4.72569E-3 4.28715E-3 3.90864E-3 3.30807E-3 3.7047E-3 1.0506E-2 1.97916E-2 4.00861E-3 4.4317E-3 4.52932E-3 4.04297E-3 4.30007E-3 3.79769E-3 4.00296E-3 3.08964E-3 2.77191E-3 2.43476E-3 2.25081E-3 2.38359E-3 2.3149E-3
1.94346E-2 1.79164E-2 1.64937E-2 1.17431E-2 1.68987E-2 1.36633E-2 7.1244E-3 3.60122E-3 2.84303E-3 3.94643E-3 3.24786E-3 3.81246E-3 -9999 4.31577E-3 4.42003E-3 4.11273E-3 3.89833E-3 3.77438E-3 4.28889E-3 4.15336E-3 4.75876E-3 4.96964E-3 5.26523E-3 5.06206E-3 4.46939E-3 4.25385E-3 4.28125E-3 5.32523E-3 4.53238E-3 4.30619E-3 4.54619E-3 5.69616E-3 6.83849E-3 5.94206E-3 5.26622E-3 4.54575E-3 4.49051E-3 4.40321E-3 4.30175E-3 4.55987E-3 4.3263E-3 3.84989E-3 3.86389E-3 3.71088E-3 3.27052E-3 3.77173E-3 4.20094E-3 3.97901E-3 4.00516E-3 3.85598E-3 3.71371E-3 3.82644E-3 3.84093E-3 3.73765E-3 3.56343E-3 3.87687E-3 2.5592E-3 2.5829E-3 2.61763E-3
1.10448E-2 1.19749E-2 1.23568E-2 1.31723E-2 1.53728E-2 1.55075E-2 1.11935E-2 1.16927E-2 3.63885E-3 2.72578E-3 2.90254E-3 1.31927E-2 -9999 -9999 8.97111E-3 6.57067E-3 4.95345E-3 4.37697E-3 4.16387E-3 3.99682E-3 4.06045E-3 4.26581E-3 4.30563E-3 4.22598E-3 4.554E-3 4.62535E-3 4.4057E-3 4.80475E-3 4.30988E-3 4.36355E-3 4.73403E-3 4.74342E-3 4.81853E-3 5.47298E-3 4.84686E-3 5.41625E-3 4.82812E-3 5.2166E-3 5.80365E-3 5.66754E-3 5.36776E-3 4.58992E-3 4.43766E-3 4.52213E-3 4.01557E-3 3.70319E-3 3.77906E-3 3.19831E-3 3.15561E-3 3.56566E-3 3.06198E-3 3.74684E-3 3.39953E-3 4.01251E-3 3.04706E-3 2.87589E-3 5.30152E-3 3.7224E-3 2.88155E-3
7.87919E-3 8.0429E-3 8.23088E-3 8.44901E-3 9.24277E-3 1.01737E-2 1.14364E-2 1.38976E-2 1.31922E-2 1.11625E-2 1.02931E-2 1.3642E-2 -9999 1.30587E-2 1.10766E-2 1.15876E-2 1.57676E-2 1.17742E-2 8.793E-3 6.21602E-3 6.04635E-3 5.85033E-3 5.35139E-3 5.161E-3 5.53232E-3 5.80371E-3 5.25115E-3 4.99627E-3 4.86374E-3 5.12729E-3 5.23626E-3 5.79862E-3 5.71882E-3 6.08927E-3 6.68202E-3 6.95091E-3 6.8273E-3 7.07356E-3 7.7301E-3 8.73462E-3 7.79554E-3 7.0337E-3 7.52523E-3 5.85087E-3 5.51378E-3 5.08979E-3 4.76474E-3 4.47426E-3 4.16195E-3 4.26958E-3 3.63558E-3 3.71081E-3 3.18409E-3 3.65729E-3 3.56062E-3 3.47851E-3 3.35105E-3 3.05263E-3 3.39779E-3
3.07977E-3 3.77296E-3 4.44932E-3 5.53588E-3 7.47328E-3 6.66092E-3 7.21863E-3 8.22977E-3 8.955E-3 9.87339E-3 1.07682E-2 9.89504E-3 1.00557E-2 1.06303E-2 1.14759E-2 1.26651E-2 1.41028E-2 1.33142E-2 1.02959E-2 1.43967E-2 1.55413E-2 1.29223E-2 1.19508E-2 1.12577E-2 1.08196E-2 1.04866E-2 1.00663E-2 1.13752E-2 1.2043E-2 1.25237E-2 1.0231E-2 9.72259E-3 1.06125E-2 1.05464E-2 1.05619E-2 9.94987E-3 1.18841E-2 1.17774E-2 1.24968E-2 1.31634E-2 1.23517E-2 1.18496E-2 1.34708E-2 1.29393E-2 1.2227E-2 1.18135E-2 1.15475E-2 1.26971E-2 1.30049E-2 1.22433E-2 1.0899E-2 8.8155E-3 8.27952E-3 8.45565E-3 1.07282E-2 8.7155E-3 5.15771E-3 3.61483E-3 3.17161E-3
2.1824E-3 2.30882E-3 2.46821E-3 2.32322E-3 2.10419E-3 2.10878E-3 2.70459E-3 3.86719E-3 6.11708E-3 6.81633E-3 7.20394E-3 -9999 8.06956E-3 7.38114E-3 7.54524E-3 7.98296E-3 8.63519E-3 9.41697E-3 1.09878E-2 1.3133E-2 1.42399E-2 1.31325E-2 1.29094E-2 1.30885E-2 1.20518E-2 1.17254E-2 1.19584E-2 1.28918E-2 1.40616E-2 1.34357E-2 1.29614E-2 1.27788E-2 1.27706E-2 1.23391E-2 1.0304E-2 1.31583E-2 1.51995E-2 1.57004E-2 1.72567E-2 1.53927E-2 1.67552E-2 1.69514E-2 1.68353E-2 1.62347E-2 1.67932E-2 1.58696E-2 1.57058E-2 1.4264E-2 1.37131E-2 1.41228E-2 1.44664E-2 1.51472E-2 1.39786E-2 1.12534E-2 1.13645E-2 1.46334E-2 1.38018E-2 1.18822E-2 1.05788E-2
3.68627E-3 3.68623E-3 3.08318E-3 2.29949E-3 1.31006E-3 1.04325E-3 1.10271E-3 1.30909E-3 1.59202E-3 2.33037E-3 3.00535E-3 -9999 -9999 4.00748E-3 5.62392E-3 6.98191E-3 6.53261E-3 6.70899E-3 7.47141E-3 8.41995E-3 8.86939E-3 9.48166E-3 9.78374E-3 9.82279E-3 9.90705E-3 9.72436E-3 9.35861E-3 8.54494E-3 8.25855E-3 8.3804E-3 8.38989E-3 8.42898E-3 8.35438E-3 9.25546E-3 1.06714E-2 1.19484E-2 1.35807E-2 1.2801E-2 1.25437E-2 1.30874E-2 1.13835E-2 9.50329E-3 1.02172E-2 1.14287E-2 1.32023E-2 1.18895E-2 1.16064E-2 1.08506E-2 1.1366E-2 1.16489E-2 1.34406E-2 1.42716E-2 1.5261E-2 1.4634E-2 1.4219E-2 1.31214E-2 1.28855E-2 1.39473E-2 1.51475E-2
7.2325E-3 8.27184E-3 7.3201E-3 5.44984E-3 1.96572E-3 1.13134E-3 1.10481E-3 9.12389E-4 9.38398E-4 1.06507E-3 1.16283E-3 -9999 -9999 1.32836E-3 1.55182E-3 1.71557E-3 1.82618E-3 2.22673E-3 3.85092E-3 6.70651E-3 6.5228E-3 6.68438E-3 6.89902E-3 6.67412E-3 6.64699E-3 6.50071E-3 6.30062E-3 6.21786E-3 6.23009E-3 6.72382E-3 5.52821E-3 5.36906E-3 6.60499E-3 6.01037E-3 6.19665E-3 6.77586E-3 7.34677E-3 7.9935E-3 8.68906E-3 9.39268E-3 1.04929E-2 1.09949E-2 1.00943E-2 1.02525E-2 1.13908E-2 1.21475E-2 1.30314E-2 1.45359E-2 1.48747E-2 1.55471E-2 1.58801E-2 1.59718E-2 1.59613E-2 1.61135E-2 1.60891E-2 1.67215E-2 1.7392E-2 1.85994E-2 1.89148E-2
7.34936E-3 9.56053E-3 1.17008E-2 1.01544E-2 7.17223E-3 4.62685E-3 1.62161E-3 8.90482E-4 7.62175E-4 7.07572E-4 7.53292E-4 6.93529E-4 7.49429E-4 -9999 -9999 7.01698E-4 7.24067E-4 8.14613E-4 1.12763E-3 1.52113E-3 1.86776E-3 2.27617E-3 2.6378E-3 2.70619E-3 2.45081E-3 2.03394E-3 2.02854E-3 2.15807E-3 1.87552E-3 1.33065E-3 1.08396E-3 1.18229E-3 1.37369E-3 1.43053E-3 1.56473E-3 2.00116E-3 2.76012E-3 4.12549E-3 6.30371E-3 5.83389E-3 6.1795E-3 5.8028E-3 5.66943E-3 5.99108E-3 6.83676E-3 7.83029E-3 8.76363E-3 9.65266E-3 1.00507E-2 1.05751E-2 1.05508E-2 1.19644E-2 1.21817E-2 1.30389E-2 1.51263E-2 1.64855E-2 1.92896E-2 1.85688E-2 1.69158E-2
6.24832E-3 7.4472E-3 9.59844E-3 1.02042E-2 7.39094E-3 -9999 1.59092E-3 9.95275E-4 8.53869E-4 -9999 -9999 -9999 5.52465E-4 4.82989E-4 -9999 4.63005E-4 4.58591E-4 4.72935E-4 5.24648E-4 5.77767E-4 6.56332E-4 7.57591E-4 7.24458E-4 7.94834E-4 7.49683E-4 6.35614E-4 6.08195E-4 6.38858E-4 5.91574E-4 5.07634E-4 4.86213E-4 5.23211E-4 5.40614E-4 5.56512E-4 5.2728E-4 5.51299E-4 6.54598E-4 7.98464E-4 1.0445E-3 1.59884E-3 1.94484E-3 1.72787E-3 1.78212E-3 2.05852E-3 3.46111E-3 5.15776E-3 5.89134E-3 6.39435E-3 6.20908E-3 7.34492E-3 7.94023E-3 8.45052E-3 8.24445E-3 9.19034E-3 1.14307E-2 1.2073E-2 1.17671E-2 1.15097E-2 1.1517E-2
3.03889E-3 5.02405E-3 6.14694E-3 6.40415E-3 4.14603E-3 2.63516E-3 -9999 1.24012E-3 9.63006E-4 6.28091E-4 -9999 -9999 -9999 4.30064E-4 3.77759E-4 -9999 3.92077E-4 3.86126E-4 3.76834E-4 3.75283E-4 3.89837E-4 4.08175E-4 4.31157E-4 4.40315E-4 4.28484E-4 4.08934E-4 3.95469E-4 4.04828E-4 3.92598E-4 3.82559E-4 3.9496E-4 3.84282E-4 3.91543E-4 4.19149E-4 3.97975E-4 4.28623E-4 4.79436E-4 5.88646E-4 6.62393E-4 7.37139E-4 8.09581E-4 8.52347E-4 9.77616E-4 1.16211E-3 1.49064E-3 1.70818E-3 2.0039E-3 2.01295E-3 2.31051E-3 2.78801E-3 3.55037E-3 3.93623E-3 3.63746E-3 4.27476E-3 6.6768E-3 5.47931E-3 5.19909E-3 6.16685E-3 6.18479E-3
