data/Modelo 2/FALn_median.asc
ncols         78
nrows         61
xllcorner     -149.5
yllcorner     -28.5
cellsize      1.0
NODATA_value  -9999
[rows 0 to 25 of 61, columns 0 to 58 of 78]
1.38441E-2 1.13871E-2 9.78786E-3 8.66072E-3 9.36408E-3 8.89027E-3 7.71764E-3 6.79237E-3 -9999 4.88835E-3 4.42006E-3 4.04601E-3 4.08516E-3 4.03668E-3 3.77875E-3 -9999 4.82726E-3 -9999 -9999 -9999 -9999 -9999 -9999 -9999 7.42412E-2 -9999 -9999 -9999 -9999 9.72414E-2 1.22358E-1 1.52307E-1 -9999 -9999 -9999 -9999 -9999 -9999 -9999 -9999 -9999 -9999 -9999 -9999 -9999 -9999 -9999 -9999 -9999 -9999 -9999 -9999 -9999 -9999 -9999 -9999 -9999 -9999 -9999
1.85017E-2 1.66599E-2 1.37696E-2 9.72292E-3 8.14261E-3 7.02499E-3 6.83685E-3 6.7014E-3 6.09717E-3 5.5108E-3 5.25303E-3 4.89346E-3 4.76248E-3 4.65609E-3 4.23524E-3 4.32287E-3 4.44438E-3 4.66331E-3 -9999 -9999 -9999 -9999 -9999 1.53865E-2 2.94766E-2 -9999 6.32527E-2 1.00946E-1 1.00379E-1 1.09432E-1 1.0496E-1 1.54568E-1 -9999 -9999 -9999 -9999 -9999 -9999 -9999 -9999 -9999 -9999 -9999 -9999 -9999 -9999 -9999 -9999 -9999 -9999 -9999 -9999 -9999 -9999 -9999 -9999 -9999 -9999 -9999
1.88169E-2 1.88348E-2 1.62729E-2 -9999 9.66411E-3 7.46665E-3 -9999 -9999 6.66182E-3 6.09334E-3 5.78162E-3 5.45529E-3 4.95649E-3 4.60902E-3 3.94753E-3 3.83782E-3 3.73029E-3 3.46272E-3 -9999 3.41215E-3 -9999 -9999 3.24481E-3 -9999 6.78812E-3 8.06759E-3 1.47912E-2 -9999 6.3462E-2 1.28E-1 1.40814E-1 1.40995E-1 1.58638E-1 -9999 7.01847E-1 7.10877E-1 -9999 -9999 -9999 -9999 -9999 -9999 -9999 -9999 -9999 -9999 -9999 -9999 -9999 -9999 -9999 -9999 -9999 -9999 -9999 -9999 -9999 -9999 -9999
1.98294E-2 1.88504E-2 -9999 1.32181E-2 1.0649E-2 -9999 8.03469E-3 7.37343E-3 6.63255E-3 -9999 -9999 -9999 4.73334E-3 4.72934E-3 4.15319E-3 3.61857E-3 2.77122E-3 3.09309E-3 3.16518E-3 3.03671E-3 2.57926E-3 2.24661E-3 2.33155E-3 2.30793E-3 2.90622E-3 -9999 -9999 -9999 1.59815E-2 -9999 6.24452E-2 -9999 1.51061E-1 1.69685E-1 -9999 -9999 7.09038E-1 -9999 -9999 -9999 -9999 -9999 -9999 -9999 -9999 -9999 -9999 -9999 -9999 -9999 -9999 -9999 -9999 -9999 -9999 -9999 -9999 -9999 -9999
1.44392E-2 1.45504E-2 1.2635E-2 1.04439E-2 9.84893E-3 9.05607E-3 8.37254E-3 7.49981E-3 -9999 5.18244E-3 5.26138E-3 4.27704E-3 4.55756E-3 3.66926E-3 3.95177E-3 3.64797E-3 3.31715E-3 3.18434E-3 3.03124E-3 2.75443E-3 2.44286E-3 2.18823E-3 2.04009E-3 2.04874E-3 -9999 -9999 3.47087E-3 -9999 -9999 -9999 2.86011E-2 -9999 2.09177E-1 1.81219E-1 2.12698E-1 -9999 -9999 -9999 -9999 -9999 -9999 -9999 -9999 -9999 -9999 -9999 -9999 -9999 -9999 -9999 -9999 -9999 -9999 -9999 -9999 -9999 -9999 -9999 -9999
1.20704E-2 1.16154E-2 1.08927E-2 9.79049E-3 -9999 9.02E-3 8.62424E-3 7.97253E-3 7.27486E-3 6.85041E-3 5.43148E-3 4.54983E-3 4.59087E-3 4.20689E-3 3.76806E-3 3.65561E-3 3.44212E-3 3.21707E-3 2.95208E-3 2.75925E-3 2.53623E-3 2.35841E-3 2.24399E-3 -9999 -9999 -9999 -9999 -9999 -9999 -9999 -9999 -9999 -9999 2.62596E-1 -9999 -9999 -9999 -9999 -9999 -9999 -9999 -9999 -9999 -9999 -9999 -9999 -9999 -9999 -9999 -9999 -9999 -9999 -9999 -9999 -9999 -9999 -9999 -9999 -9999
1.1485E-2 1.0982E-2 1.02836E-2 9.6499E-3 9.19967E-3 8.87829E-3 8.68047E-3 8.26074E-3 7.55874E-3 6.96359E-3 6.32341E-3 5.39094E-3 4.8349E-3 4.589E-3 4.20023E-3 3.91286E-3 3.67628E-3 3.08448E-3 3.26276E-3 2.98599E-3 2.74521E-3 2.59543E-3 2.55373E-3 2.52195E-3 -9999 -9999 -9999 2.51244E-3 -9999 -9999 -9999 -9999 -9999 -9999 3.47575E-1 3.94618E-1 -9999 -9999 6.88563E-1 -9999 -9999 -9999 -9999 -9999 -9999 -9999 -9999 -9999 -9999 -9999 -9999 -9999 -9999 -9999 -9999 -9999 -9999 -9999 -9999
1.10467E-2 1.04199E-2 9.19856E-3 8.93848E-3 9.15772E-3 8.8591E-3 8.63814E-3 8.31751E-3 7.40953E-3 7.22735E-3 6.68577E-3 6.14005E-3 5.7023E-3 5.23858E-3 4.59773E-3 4.37918E-3 4.09568E-3 3.79464E-3 3.56961E-3 3.3249E-3 3.15913E-3 -9999 -9999 -9999 -9999 -9999 -9999 -9999 -9999 -9999 -9999 -9999 -9999 6.96372E-2 -9999 4.60254E-1 5.56873E-1 -9999 7.03101E-1 6.8155E-1 -9999 -9999 -9999 -9999 -9999 -9999 -9999 -9999 -9999 -9999 -9999 -9999 -9999 -9999 -9999 -9999 -9999 -9999 -9999
1.12217E-2 1.06607E-2 1.00386E-2 9.54338E-3 9.26236E-3 9.04112E-3 8.57541E-3 8.47932E-3 8.22157E-3 7.69171E-3 7.15088E-3 6.79255E-3 6.38126E-3 5.71929E-3 5.45116E-3 4.42521E-3 4.59304E-3 4.35827E-3 4.08358E-3 3.93064E-3 -9999 -9999 -9999 -9999 -9999 -9999 -9999 -9999 -9999 -9999 -9999 -9999 -9999 5.29614E-2 -9999 3.9356E-1 6.30075E-1 -9999 6.95673E-1 6.88699E-1 6.75565E-1 -9999 -9999 -9999 -9999 -9999 -9999 -9999 -9999 -9999 -9999 -9999 -9999 -9999 -9999 -9999 -9999 -9999 -9999
1.14847E-2 1.08633E-2 1.01981E-2 9.67368E-3 9.56873E-3 9.24538E-3 8.86652E-3 8.557E-3 8.41957E-3 8.40303E-3 7.9302E-3 7.48162E-3 6.95785E-3 6.46781E-3 6.18973E-3 5.84021E-3 5.42817E-3 5.0679E-3 5.1586E-3 5.11067E-3 4.14368E-3 -9999 -9999 -9999 -9999 -9999 -9999 -9999 4.80569E-3 -9999 -9999 -9999 -9999 -9999 -9999 -9999 6.63816E-1 6.85996E-1 6.9181E-1 -9999 6.76596E-1 6.70796E-1 -9999 -9999 -9999 -9999 -9999 -9999 -9999 -9999 -9999 -9999 -9999 -9999 -9999 -9999 -9999 -9999 -9999
1.15508E-2 1.1027E-2 1.02539E-2 9.92145E-3 9.68622E-3 9.41019E-3 9.25858E-3 9.15652E-3 7.81801E-3 9.34757E-3 9.20368E-3 8.55694E-3 7.94814E-3 7.39561E-3 7.08874E-3 6.92003E-3 6.65382E-3 6.61702E-3 -9999 -9999 -9999 -9999 -9999 -9999 -9999 -9999 -9999 -9999 -9999 -9999 -9999 -9999 -9999 -9999 -9999 1.88026E-1 5.96094E-1 6.72133E-1 6.76164E-1 6.74727E-1 6.74274E-1 6.72537E-1 6.5448E-1 -9999 -9999 -9999 -9999 -9999 -9999 -9999 -9999 -9999 -9999 -9999 -9999 -9999 -9999 -9999 -9999
1.19756E-2 1.12026E-2 1.05577E-2 1.0262E-2 9.93384E-3 9.78605E-3 9.46331E-3 9.69136E-3 1.01399E-2 1.05194E-2 1.10853E-2 1.07557E-2 9.51624E-3 8.75133E-3 8.70999E-3 -9999 8.99192E-3 8.76928E-3 9.42616E-3 -9999 -9999 -9999 -9999 -9999 -9999 -9999 -9999 9.94593E-3 -9999 -9999 -9999 -9999 2.22314E-2 4.80146E-2 -9999 -9999 4.08677E-1 6.61931E-1 6.66794E-1 6.70368E-1 6.68814E-1 6.67943E-1 6.54708E-1 5.8571E-1 -9999 -9999 -9999 -9999 -9999 -9999 -9999 -9999 -9999 -9999 -9999 -9999 -9999 -9999 -9999
1.24837E-2 1.18048E-2 1.14515E-2 1.15574E-2 1.08114E-2 1.02072E-2 1.01957E-2 1.06707E-2 1.15017E-2 1.24851E-2 1.42505E-2 1.58585E-2 -9999 -9999 1.19437E-2 1.21047E-2 1.24378E-2 -9999 -9999 -9999 1.48157E-2 -9999 -9999 -9999 -9999 -9999 -9999 -9999 -9999 -9999 -9999 -9999 -9999 1.02801E-1 1.65205E-1 3.32734E-1 4.83013E-1 6.55263E-1 6.61245E-1 6.60252E-1 6.66412E-1 6.67634E-1 6.58473E-1 -9999 -9999 -9999 -9999 -9999 -9999 -9999 -9999 -9999 -9999 -9999 -9999 -9999 -9999 -9999 -9999
1.33324E-2 1.36426E-2 1.39786E-2 1.37055E-2 1.23546E-2 -9999 1.1139E-2 1.18256E-2 1.37528E-2 -9999 -9999 1.54565E-2 2.66275E-2 -9999 2.61872E-2 1.9754E-2 1.81038E-2 -9999 -9999 -9999 -9999 -9999 -9999 -9999 -9999 1.06565E-1 -9999 -9999 -9999 -9999 -9999 -9999 -9999 9.75569E-2 -9999 -9999 -9999 -9999 -9999 6.60458E-1 6.63751E-1 6.66156E-1 6.71056E-1 6.74515E-1 -9999 -9999 -9999 -9999 -9999 -9999 -9999 -9999 -9999 -9999 -9999 -9999 -9999 -9999 -9999
1.48163E-2 1.54127E-2 1.67893E-2 -9999 1.71796E-2 1.41081E-2 1.36917E-2 1.62804E-2 2.00471E-2 2.22112E-2 -9999 3.0735E-2 -9999 -9999 -9999 -9999 -9999 6.03013E-2 -9999 -9999 -9999 -9999 -9999 -9999 -9999 3.20561E-1 -9999 -9999 -9999 -9999 -9999 -9999 1.12595E-1 1.06126E-1 -9999 -9999 -9999 -9999 -9999 6.61569E-1 6.58643E-1 6.63433E-1 6.67288E-1 6.63078E-1 6.46508E-1 -9999 -9999 -9999 -9999 -9999 -9999 -9999 -9999 -9999 -9999 -9999 -9999 -9999 -9999
2.01942E-2 2.01064E-2 2.21377E-2 -9999 -9999 2.83048E-2 -9999 3.12539E-2 4.27716E-2 4.89839E-2 5.05011E-2 -9999 1.07043E-1 -9999 -9999 -9999 -9999 -9999 -9999 -9999 -9999 -9999 4.07066E-1 -9999 -9999 -9999 -9999 -9999 5.15085E-1 4.84491E-1 4.11649E-1 3.52784E-1 2.67333E-1 1.77681E-1 1.70495E-1 3.24099E-1 4.85274E-1 5.99591E-1 6.62391E-1 6.31272E-1 6.57633E-1 6.59769E-1 6.60921E-1 6.58849E-1 6.37877E-1 5.78231E-1 5.95991E-1 5.26672E-1 -9999 -9999 -9999 -9999 -9999 -9999 -9999 -9999 -9999 -9999 -9999
-9999 3.04965E-2 3.17787E-2 -9999 -9999 -9999 -9999 -9999 9.82698E-2 1.20068E-1 -9999 -9999 2.00927E-1 -9999 -9999 -9999 -9999 -9999 -9999 -9999 -9999 -9999 -9999 -9999 -9999 -9999 -9999 -9999 6.64012E-1 6.60239E-1 6.56016E-1 6.55191E-1 5.90511E-1 4.32319E-1 3.86281E-1 4.80468E-1 6.19457E-1 5.90012E-1 6.18359E-1 6.32136E-1 6.46824E-1 6.43059E-1 6.47075E-1 6.33722E-1 -9999 5.54574E-1 -9999 -9999 5.49143E-1 5.02492E-1 -9999 -9999 -9999 -9999 -9999 -9999 -9999 -9999 -9999
-9999 5.37287E-2 5.05288E-2 6.76901E-2 -9999 -9999 -9999 -9999 -9999 -9999 2.55881E-1 3.3029E-1 -9999 -9999 -9999 -9999 -9999 -9999 -9999 6.67742E-1 6.69993E-1 -9999 -9999 -9999 -9999 -9999 -9999 6.51241E-1 6.6709E-1 6.6552E-1 6.64535E-1 6.60114E-1 6.48349E-1 6.62039E-1 6.61323E-1 6.60035E-1 6.58138E-1 6.48525E-1 6.48132E-1 6.46097E-1 6.48457E-1 6.32718E-1 6.15754E-1 5.99777E-1 -9999 -9999 -9999 -9999 -9999 4.73622E-1 -9999 -9999 5.69199E-1 -9999 -9999 4.89472E-1 -9999 -9999 -9999
8.08105E-2 1.16245E-1 1.22563E-1 1.13868E-1 -9999 1.58627E-1 1.78513E-1 -9999 2.75148E-1 -9999 -9999 4.5749E-1 4.67929E-1 5.80591E-1 -9999 -9999 6.66293E-1 6.67309E-1 -9999 6.72196E-1 6.73563E-1 6.74884E-1 -9999 -9999 -9999 -9999 -9999 6.60406E-1 6.71765E-1 6.69963E-1 6.68543E-1 6.6694E-1 6.65909E-1 6.65862E-1 6.65653E-1 6.6594E-1 6.65362E-1 6.64427E-1 6.49826E-1 6.41507E-1 6.29695E-1 6.1571E-1 6.01859E-1 5.91083E-1 5.48735E-1 -9999 4.727E-1 -9999 5.46551E-1 5.30703E-1 -9999 -9999 -9999 -9999 6.27995E-1 5.32225E-1 4.46593E-1 -9999 -9999
1.28598E-1 1.21654E-1 1.41482E-1 1.95157E-1 2.57352E-1 -9999 3.06947E-1 -9999 -9999 -9999 -9999 5.43301E-1 -9999 6.51597E-1 6.62885E-1 6.62544E-1 6.41535E-1 6.6986E-1 6.70795E-1 6.70365E-1 6.71827E-1 6.73389E-1 6.74082E-1 6.73913E-1 -9999 6.39292E-1 6.68743E-1 6.7155E-1 6.71061E-1 6.70674E-1 6.68683E-1 6.66463E-1 6.65473E-1 6.65654E-1 6.65604E-1 6.66054E-1 6.47279E-1 6.56341E-1 6.45729E-1 6.33991E-1 6.23693E-1 6.046E-1 6.03961E-1 5.95894E-1 5.75257E-1 -9999 5.76982E-1 -9999 -9999 -9999 5.55307E-1 -9999 -9999 6.27508E-1 5.96793E-1 5.47002E-1 5.19939E-1 -9999 5.05577E-1
1.83245E-1 1.86583E-1 -9999 3.16335E-1 4.71614E-1 5.59183E-1 6.01363E-1 6.47496E-1 5.82937E-1 5.7212E-1 -9999 -9999 6.61737E-1 6.59707E-1 6.51342E-1 6.6743E-1 6.67289E-1 6.68485E-1 6.6911E-1 6.69766E-1 6.7043E-1 6.70181E-1 6.69928E-1 6.69233E-1 6.68757E-1 6.69039E-1 6.68925E-1 6.68724E-1 6.6859E-1 6.68567E-1 6.67261E-1 6.66127E-1 6.65179E-1 6.64953E-1 6.64533E-1 6.63379E-1 6.56567E-1 6.46941E-1 6.45606E-1 6.36725E-1 6.30464E-1 6.1982E-1 6.13768E-1 6.08223E-1 6.03525E-1 5.9873E-1 5.95673E-1 5.48883E-1 5.85779E-1 5.59349E-1 5.81615E-1 -9999 -9999 6.00272E-1 5.58971E-1 -9999 5.48832E-1 -9999 -9999
2.79011E-1 3.57198E-1 4.87278E-1 6.22548E-1 6.53666E-1 6.61496E-1 6.60131E-1 6.64282E-1 6.64693E-1 6.60361E-1 6.65635E-1 6.41163E-1 6.55558E-1 6.60031E-1 6.65785E-1 6.68592E-1 6.68508E-1 6.67945E-1 6.67404E-1 6.6744E-1 6.67942E-1 6.67498E-1 6.67562E-1 6.67678E-1 6.67577E-1 6.67263E-1 6.66445E-1 6.67058E-1 6.68103E-1 6.67565E-1 6.66983E-1 6.66348E-1 6.64836E-1 6.64231E-1 6.64243E-1 6.57297E-1 6.5176E-1 6.49034E-1 6.46281E-1 6.42368E-1 5.74292E-1 6.31972E-1 5.88522E-1 6.09444E-1 6.14197E-1 -9999 5.72836E-1 -9999 -9999 5.99522E-1 -9999 -9999 -9999 5.51302E-1 5.78297E-1 -9999 -9999 -9999 5.11948E-1
3.86567E-1 4.38717E-1 5.95527E-1 6.4318E-1 6.64585E-1 6.62353E-1 6.64419E-1 6.65877E-1 6.6911E-1 6.68947E-1 6.59907E-1 6.69623E-1 6.68612E-1 6.68361E-1 6.6833E-1 6.68278E-1 6.67608E-1 6.66841E-1 6.66564E-1 6.64894E-1 6.65925E-1 6.65854E-1 6.66864E-1 6.67194E-1 6.66981E-1 6.6689E-1 6.66248E-1 6.65772E-1 6.66888E-1 6.65165E-1 6.64157E-1 6.63627E-1 6.64064E-1 6.64701E-1 6.63008E-1 6.57863E-1 6.20446E-1 6.42042E-1 6.11152E-1 6.42781E-1 6.4052E-1 6.23144E-1 -9999 6.34014E-1 6.3118E-1 6.25557E-1 -9999 6.13923E-1 6.19714E-1 5.98549E-1 6.15386E-1 6.1474E-1 6.09823E-1 5.73332E-1 6.00837E-1 6.00734E-1 6.08023E-1 6.22413E-1 6.42269E-1
4.86521E-1 5.67828E-1 6.40743E-1 6.30477E-1 6.4727E-1 6.62527E-1 6.63342E-1 6.64543E-1 6.64535E-1 6.6478E-1 6.58234E-1 6.64461E-1 6.64127E-1 6.66059E-1 6.65086E-1 6.62165E-1 6.61896E-1 6.6135E-1 6.61252E-1 6.61673E-1 6.6351E-1 6.60698E-1 6.58784E-1 6.63253E-1 6.52448E-1 6.65926E-1 6.65028E-1 6.61608E-1 6.52742E-1 6.53781E-1 6.60622E-1 6.58923E-1 6.59507E-1 6.61743E-1 6.63464E-1 6.54238E-1 6.47183E-1 6.31275E-1 6.50845E-1 6.48079E-1 6.46028E-1 -9999 6.07872E-1 -9999 -9999 6.34813E-1 6.30399E-1 6.08966E-1 6.2309E-1 5.61193E-1 6.24471E-1 6.25249E-1 6.19804E-1 6.16106E-1 6.16574E-1 6.17384E-1 6.19681E-1 6.25515E-1 6.00697E-1
5.90403E-1 5.9634E-1 6.34561E-1 6.06662E-1 6.55197E-1 6.54173E-1 6.57212E-1 6.57217E-1 6.56425E-1 6.44342E-1 6.60893E-1 6.53741E-1 6.45058E-1 6.47935E-1 6.56672E-1 6.50357E-1 6.5056E-1 6.56393E-1 6.49094E-1 6.57632E-1 6.33665E-1 6.58529E-1 6.59179E-1 6.60325E-1 6.61998E-1 6.64327E-1 6.64502E-1 6.51348E-1 6.64406E-1 6.61438E-1 6.64371E-1 6.64016E-1 6.63096E-1 6.62475E-1 6.62706E-1 6.47721E-1 6.6125E-1 6.5566E-1 6.55963E-1 6.24153E-1 6.54274E-1 6.48438E-1 6.47528E-1 6.4714E-1 6.48285E-1 6.44781E-1 6.37776E-1 6.40452E-1 6.40539E-1 6.33934E-1 6.13243E-1 6.28179E-1 6.3091E-1 6.2371E-1 6.19146E-1 6.04443E-1 5.99232E-1 5.84372E-1 5.62967E-1
6.58676E-1 6.54771E-1 6.64484E-1 6.58997E-1 6.56804E-1 6.49378E-1 6.58828E-1 6.39998E-1 6.651E-1 6.57808E-1 6.60308E-1 6.34453E-1 6.43479E-1 6.57258E-1 6.56084E-1 6.57239E-1 6.44094E-1 6.51611E-1 6.61159E-1 6.60075E-1 6.54635E-1 6.61599E-1 6.61497E-1 6.62336E-1 6.63369E-1 6.63946E-1 6.54053E-1 6.64243E-1 6.53278E-1 6.31855E-1 6.67642E-1 6.67533E-1 6.6491E-1 6.6594E-1 6.56425E-1 6.64494E-1 6.58308E-1 6.63489E-1 6.63235E-1 6.46106E-1 6.62585E-1 6.60235E-1 6.61662E-1 6.62297E-1 6.62409E-1 6.63333E-1 6.62459E-1 6.61382E-1 6.61381E-1 6.54188E-1 6.35453E-1 6.33657E-1 6.33415E-1 6.24626E-1 6.29397E-1 6.28814E-1 6.0107E-1 5.81223E-1 5.65795E-1
