data/Modelo 4/SPZn_min.asc
ncols         78
nrows         61
xllcorner     -149.5
yllcorner     -28.5
cellsize      1.0
NODATA_value  -9999
[rows 26 to 51 of 61, columns 0 to 58 of 78]
4.99642E-1 5.08354E-1 5.0864E-1 4.60333E-1 4.25596E-1 4.76761E-1 4.04414E-1 3.27725E-1 4.09948E-1 4.48653E-1 4.40288E-1 3.84865E-1 3.87224E-1 3.41834E-1 3.30565E-1 3.32902E-1 4.38259E-1 3.94182E-1 4.4237E-1 3.57869E-1 4.62075E-1 2.92925E-1 3.8318E-1 4.38958E-1 4.8753E-1 4.81475E-1 3.70814E-1 4.97427E-1 4.86575E-1 4.85643E-1 5.73557E-1 6.37902E-1 5.71422E-1 5.29463E-1 5.24674E-1 4.98257E-1 4.85671E-1 4.25655E-1 6.47056E-1 7.42319E-1 7.35028E-1 8.21273E-1 7.22546E-1 8.4937E-1 7.20617E-1 7.87861E-1 7.24042E-1 6.92766E-1 6.83087E-1 6.89598E-1 5.59811E-1 5.3199E-1 3.39559E-1 6.38524E-1 5.14642E-1 5.0024E-1 3.02038E-1 2.42981E-1 2.33615E-1
5.42708E-1 5.16785E-1 4.69611E-1 4.8553E-1 4.94739E-1 4.86785E-1 4.93119E-1 4.87349E-1 4.54476E-1 4.01626E-1 5.35366E-1 4.64634E-1 3.96363E-1 4.38166E-1 4.20312E-1 3.42222E-1 4.03482E-1 4.83981E-1 4.95146E-1 4.57079E-1 5.47349E-1 4.48094E-1 3.92373E-1 4.91687E-1 5.25861E-1 4.71226E-1 4.39879E-1 4.51252E-1 5.24606E-1 4.04146E-1 5.09076E-1 5.70029E-1 5.36269E-1 6.04038E-1 6.03425E-1 6.20674E-1 5.5514E-1 5.11564E-1 6.10058E-1 7.0342E-1 6.94988E-1 6.67391E-1 6.49577E-1 7.41101E-1 7.48792E-1 8.00276E-1 8.47187E-1 8.87583E-1 8.65478E-1 9.13439E-1 9.34852E-1 9.02175E-1 8.5199E-1 7.93167E-1 7.1452E-1 6.81009E-1 6.67089E-1 5.71452E-1 5.69135E-1
5.35363E-1 4.66267E-1 4.44127E-1 4.64301E-1 4.8826E-1 4.22244E-1 3.95196E-1 5.38951E-1 5.30661E-1 4.06933E-1 4.99267E-1 4.30605E-1 4.11685E-1 3.73054E-1 4.12331E-1 3.87982E-1 3.56878E-1 4.87153E-1 4.58448E-1 3.93495E-1 3.95116E-1 4.10099E-1 4.24466E-1 4.3703E-1 4.00805E-1 4.41764E-1 4.00678E-1 5.13546E-1 4.07808E-1 3.80544E-1 4.53201E-1 4.86547E-1 4.40384E-1 6.13249E-1 5.47005E-1 6.36459E-1 5.96445E-1 6.36559E-1 5.90244E-1 6.28565E-1 6.91604E-1 6.75252E-1 7.16557E-1 7.51137E-1 7.80111E-1 8.24784E-1 8.2176E-1 8.39381E-1 8.7346E-1 9.03182E-1 9.34293E-1 9.41882E-1 9.35028E-1 9.1044E-1 8.88782E-1 9.32544E-1 9.35145E-1 9.2864E-1 9.25038E-1
5.45274E-1 4.26748E-1 4.71772E-1 4.22543E-1 4.24269E-1 4.15211E-1 4.47659E-1 4.2889E-1 4.18033E-1 4.42066E-1 5.15688E-1 5.12064E-1 5.08267E-1 4.44933E-1 5.07827E-1 5.04607E-1 3.38287E-1 4.87898E-1 4.69457E-1 3.6129E-1 3.72502E-1 3.99906E-1 3.50758E-1 4.01993E-1 2.88157E-1 3.86827E-1 2.50068E-1 3.57552E-1 3.60767E-1 3.89148E-1 4.08016E-1 4.17668E-1 4.94711E-1 4.93379E-1 5.16646E-1 5.33589E-1 5.09482E-1 4.74929E-1 5.61713E-1 5.94918E-1 6.54992E-1 6.09373E-1 6.78638E-1 6.92688E-1 7.53455E-1 7.62856E-1 6.99709E-1 8.16199E-1 7.82054E-1 8.85585E-1 8.7282E-1 8.67696E-1 8.70259E-1 8.53367E-1 8.43569E-1 9.3109E-1 9.37061E-1 9.39818E-1 9.51372E-1
5.16788E-1 3.97289E-1 4.74739E-1 3.87386E-1 3.50705E-1 3.97541E-1 3.88804E-1 2.93127E-1 2.86114E-1 3.13157E-1 3.5242E-1 4.88145E-1 4.89082E-1 4.71622E-1 4.93467E-1 5.0128E-1 3.66526E-1 5.00886E-1 2.87734E-1 3.26735E-1 3.79478E-1 3.73512E-1 4.74195E-1 5.27733E-1 4.74915E-1 5.21961E-1 5.44622E-1 3.70022E-1 3.89445E-1 4.1323E-1 5.45846E-1 5.51867E-1 4.98969E-1 5.78632E-1 5.97637E-1 5.03646E-1 5.38646E-1 5.83294E-1 5.87249E-1 5.77307E-1 5.02385E-1 4.01151E-1 5.47201E-1 6.36885E-1 6.49232E-1 5.79389E-1 6.44578E-1 7.31788E-1 6.80457E-1 6.65529E-1 7.02743E-1 6.62784E-1 7.07074E-1 7.46E-1 7.2652E-1 7.70897E-1 7.7262E-1 8.35989E-1 8.63044E-1
5.0568E-1 5.19663E-1 5.06661E-1 2.09919E-1 1.3676E-1 2.87136E-1 4.60344E-1 2.65472E-1 4.27638E-1 3.83505E-1 3.3952E-1 1.16028E-1 2.50969E-1 3.27579E-1 4.96664E-1 2.45731E-1 2.55224E-1 4.449E-1 -9999 2.51316E-1 3.89808E-1 3.2914E-1 2.89775E-1 5.00617E-1 2.48227E-1 3.60946E-1 5.10889E-1 4.96173E-1 2.46179E-1 3.49543E-1 5.04399E-1 5.06658E-1 4.92143E-1 5.16305E-1 5.25301E-1 5.16748E-1 4.14587E-1 5.14153E-1 5.19822E-1 4.93259E-1 3.52491E-1 5.19641E-1 5.40927E-1 5.5147E-1 5.52619E-1 4.9999E-1 4.97961E-1 6.02693E-1 4.70364E-1 5.04907E-1 4.26007E-1 5.63075E-1 5.04001E-1 4.45674E-1 4.39748E-1 5.49771E-1 6.12741E-1 6.36824E-1 4.05435E-1
3.18666E-1 2.78908E-1 1.42519E-1 2.67607E-2 3.86837E-1 4.02615E-1 -9999 -9999 3.93703E-1 3.00968E-1 2.17116E-1 2.13464E-1 2.25154E-1 2.87017E-1 3.69062E-1 3.79769E-1 2.5837E-1 3.86845E-1 2.48024E-1 3.56284E-1 6.58398E-2 1.35894E-1 2.37691E-1 2.07374E-1 1.57727E-1 3.28968E-1 1.85408E-1 3.10496E-1 2.71821E-1 2.95718E-1 2.98966E-1 3.03557E-1 3.05147E-1 3.1043E-1 3.11112E-1 3.01659E-1 2.98598E-1 3.02388E-1 3.04107E-1 2.67755E-1 2.82574E-1 2.87192E-1 2.9969E-1 3.10509E-1 3.27197E-1 3.42138E-1 3.47275E-1 3.845E-1 3.79163E-1 3.80693E-1 3.8634E-1 3.90945E-1 3.93623E-1 3.3459E-1 4.12503E-1 4.82423E-1 3.25991E-1 4.19981E-1 1.00313E-1
2.70776E-1 3.57084E-1 3.44105E-1 3.44419E-1 2.05883E-1 3.16069E-1 4.13176E-1 3.75721E-1 2.24337E-1 2.21744E-1 2.94129E-1 2.3053E-2 2.03593E-1 2.94252E-1 3.69337E-1 2.53556E-1 3.48764E-1 3.43268E-1 2.62201E-1 1.20444E-1 -9999 8.15795E-2 1.48113E-1 3.04267E-1 -9999 6.7668E-2 2.51597E-1 9.03159E-2 1.27202E-1 1.95759E-1 2.19972E-1 2.1902E-1 2.22711E-1 2.23806E-1 2.19728E-1 1.49898E-1 1.93907E-1 1.86796E-1 1.87037E-1 1.74427E-1 1.69524E-1 1.4871E-1 1.61986E-1 1.74789E-1 1.82641E-1 1.50988E-1 2.10688E-1 2.06021E-1 2.11663E-1 1.98357E-1 1.81736E-1 1.83929E-1 1.94175E-1 1.9395E-1 2.09639E-1 2.4177E-1 2.26673E-1 2.63773E-1 4.3107E-1
5.88962E-1 5.99536E-1 6.02277E-1 6.01666E-1 5.98621E-1 6.0849E-1 5.28138E-1 6.10882E-1 6.11452E-1 6.20027E-1 6.18787E-1 6.18718E-1 6.10122E-1 5.92699E-1 4.83628E-1 5.77247E-1 5.81986E-1 5.82265E-1 5.68587E-1 5.47915E-1 1.83047E-1 3.16077E-1 -9999 1.25748E-1 2.20334E-1 2.96826E-1 2.94654E-1 2.70789E-1 1.89143E-1 3.46929E-1 4.64735E-1 4.49358E-1 3.44259E-1 3.47252E-1 4.40547E-1 4.1127E-1 3.75558E-1 3.63478E-1 3.4758E-1 3.13062E-1 2.97063E-1 2.83238E-1 2.77249E-1 2.8341E-1 2.94041E-1 3.02309E-1 2.99206E-1 2.95277E-1 2.99803E-1 2.98967E-1 2.73931E-1 2.75445E-1 2.67841E-1 2.25142E-1 1.92048E-1 1.73789E-1 1.37E-1 1.57157E-1 2.05546E-1
6.20846E-1 6.00207E-1 5.77821E-1 5.57198E-1 5.46558E-1 5.53791E-1 5.54814E-1 5.60569E-1 5.42184E-1 5.06073E-1 5.19622E-1 5.2605E-1 4.42441E-1 6.14456E-1 6.17888E-1 6.22502E-1 6.29893E-1 6.19162E-1 5.46067E-1 6.61673E-1 3.59437E-1 1.63006E-1 3.76028E-1 6.30844E-1 1.35924E-1 2.83656E-1 3.49046E-1 5.12235E-1 6.81282E-1 6.75362E-1 6.4585E-1 5.72615E-1 6.06085E-1 5.20602E-1 6.09364E-1 6.05911E-1 5.85848E-1 5.70566E-1 5.49721E-1 5.23661E-1 5.14309E-1 5.07818E-1 5.07498E-1 5.22648E-1 5.36678E-1 5.37456E-1 5.32349E-1 5.29152E-1 5.32492E-1 5.40463E-1 5.30273E-1 4.72703E-1 3.17261E-1 3.41144E-1 2.61628E-1 2.06906E-1 1.74546E-1 1.49863E-1 2.15142E-1
6.27644E-1 5.92239E-1 5.53374E-1 5.80113E-1 4.93999E-1 4.57716E-1 4.59999E-1 5.05684E-1 3.9715E-1 3.24406E-1 3.62317E-1 4.41367E-1 5.05198E-1 3.5357E-1 3.85762E-1 4.34402E-1 4.45791E-1 4.64738E-1 5.5823E-1 5.9079E-1 5.82289E-1 -9999 1.3877E-1 3.56561E-1 5.03805E-1 3.61955E-1 3.3911E-1 4.09239E-1 5.34282E-1 6.86817E-1 6.24942E-1 5.48972E-1 5.89094E-1 4.51012E-1 4.03347E-1 5.41837E-1 6.73633E-1 6.5871E-1 6.51405E-1 6.45995E-1 6.39953E-1 6.25287E-1 6.12775E-1 6.23584E-1 6.34479E-1 6.20496E-1 6.14988E-1 6.21199E-1 6.16084E-1 5.90263E-1 5.70716E-1 5.59197E-1 5.40688E-1 3.37309E-1 3.13805E-1 1.60221E-1 3.42056E-1 3.19643E-1 4.29737E-1
5.9582E-1 5.65499E-1 5.41677E-1 5.3877E-1 5.4201E-1 5.40797E-1 5.35038E-1 4.05884E-1 3.08428E-1 3.26674E-1 4.28374E-1 4.66449E-1 4.63708E-1 4.68952E-1 4.08306E-1 4.57924E-1 4.92161E-1 5.23403E-1 4.95678E-1 3.91117E-1 3.60082E-1 -9999 -9999 3.66861E-1 3.62148E-1 -9999 4.43336E-1 4.35097E-1 3.80515E-1 3.45223E-1 4.30876E-1 3.85927E-1 6.14554E-1 4.62111E-1 3.80619E-1 5.81895E-1 7.08263E-1 5.50617E-1 6.08443E-1 7.06126E-1 7.40787E-1 7.43366E-1 7.29045E-1 7.3289E-1 7.48462E-1 7.45309E-1 7.32243E-1 7.22511E-1 7.23751E-1 6.97058E-1 6.56651E-1 6.43196E-1 6.54514E-1 6.08926E-1 5.30081E-1 5.21745E-1 6.09182E-1 6.46381E-1 6.18509E-1
5.15252E-1 5.2073E-1 5.07681E-1 5.01016E-1 4.93454E-1 4.849E-1 2.5693E-1 -9999 -9999 -9999 3.05548E-1 4.37597E-1 4.27726E-1 3.69091E-1 4.01735E-1 4.43778E-1 4.06911E-1 3.87413E-1 4.0141E-1 5.06546E-1 4.77025E-1 5.36366E-1 5.46461E-1 4.16161E-1 4.97091E-1 4.85594E-1 4.46556E-1 3.80984E-1 4.49875E-1 4.52156E-1 4.16445E-1 5.02635E-1 4.88251E-1 3.71016E-1 5.24983E-1 4.89486E-1 5.07214E-1 5.72186E-1 4.97898E-1 5.69222E-1 6.52114E-1 7.07663E-1 7.15995E-1 7.27823E-1 7.41403E-1 7.57799E-1 7.70849E-1 7.85191E-1 8.03987E-1 8.11277E-1 8.13837E-1 8.15005E-1 8.19678E-1 8.1851E-1 8.16712E-1 4.88389E-1 6.58766E-1 7.94002E-1 7.7714E-1
4.41285E-1 4.09997E-1 4.31292E-1 4.13679E-1 3.68846E-1 3.46529E-1 -9999 -9999 -9999 -9999 3.60489E-2 3.21648E-1 3.597E-1 3.50385E-1 3.49832E-1 3.35389E-1 3.47891E-1 3.4309E-1 3.75159E-1 4.04315E-1 3.68547E-1 3.73681E-1 4.17517E-1 3.5403E-1 4.31363E-1 3.94927E-1 3.2987E-1 4.25457E-1 4.39554E-1 4.62584E-1 5.13284E-1 5.16546E-1 4.8286E-1 5.1875E-1 4.99164E-1 5.20884E-1 5.58348E-1 5.36699E-1 5.81693E-1 6.14389E-1 6.43936E-1 6.59959E-1 6.36892E-1 7.11498E-1 5.90717E-1 7.53577E-1 7.64869E-1 5.71452E-1 7.96695E-1 7.98943E-1 8.03752E-1 8.05864E-1 8.00707E-1 7.91882E-1 7.2051E-1 5.41318E-1 7.26908E-1 7.52617E-1 7.22037E-1
2.83313E-1 3.9198E-1 3.83458E-1 3.80639E-1 3.54815E-1 -9999 2.84158E-1 3.83176E-1 3.15848E-1 2.22744E-1 2.04393E-2 -9999 2.84113E-1 2.91402E-1 2.78695E-1 2.68887E-1 2.66864E-1 2.67922E-1 2.64315E-1 2.87564E-1 2.94859E-1 2.65098E-1 2.75374E-1 2.84655E-1 2.68466E-1 3.15127E-1 2.98145E-1 3.29131E-1 3.66914E-1 4.0967E-1 4.05333E-1 4.07969E-1 4.34381E-1 4.67406E-1 4.47656E-1 4.28716E-1 3.33085E-1 3.77214E-1 4.09034E-1 5.48521E-1 5.02093E-1 6.40548E-1 4.63243E-1 5.18036E-1 5.75777E-1 5.12401E-1 6.16451E-1 6.39699E-1 6.46249E-1 6.21855E-1 6.47141E-1 7.77929E-1 7.77303E-1 7.77233E-1 7.73607E-1 6.26126E-1 5.93452E-1 7.48494E-1 6.56218E-1
1.1555E-1 1.56852E-1 2.08518E-1 2.78729E-1 3.24557E-1 1.08017E-1 -9999 3.7368E-1 5.78163E-1 3.57257E-1 -9999 -9999 -9999 2.38891E-1 2.29097E-1 2.13811E-1 2.27047E-1 2.27687E-1 2.17326E-1 2.17589E-1 2.19051E-1 2.25446E-1 1.944E-1 2.39012E-1 2.48145E-1 2.37288E-1 2.60743E-1 2.54244E-1 2.65622E-1 3.0197E-1 3.02833E-1 3.0034E-1 2.75778E-1 2.75891E-1 2.9597E-1 3.61632E-1 3.34193E-1 2.99393E-1 3.41558E-1 3.17239E-1 3.86958E-1 4.10885E-1 5.18458E-1 3.43675E-1 1.84767E-1 1.05172E-1 3.74113E-1 5.71646E-1 5.94574E-1 6.14776E-1 5.58863E-1 5.05949E-1 5.2483E-1 7.05429E-1 6.97803E-1 6.93665E-1 7.44314E-1 6.7492E-1 7.01078E-1
2.42454E-2 3.11168E-2 5.17462E-2 8.62528E-2 1.44598E-1 1.37725E-1 2.18993E-1 3.02643E-1 5.23416E-1 4.69008E-1 3.4928E-1 1.4363E-1 -9999 2.04193E-1 2.06949E-1 2.09176E-1 2.07533E-1 2.04517E-1 1.67424E-1 1.80691E-1 1.92654E-1 1.91748E-1 1.65379E-1 1.80706E-1 2.02489E-1 2.08373E-1 1.93463E-1 1.89914E-1 2.3425E-1 2.33034E-1 2.31636E-1 2.15972E-1 1.91732E-1 2.03072E-1 2.22315E-1 2.53495E-1 2.55859E-1 2.50694E-1 2.53883E-1 2.54269E-1 2.93801E-1 2.41757E-1 3.23871E-1 2.7672E-1 2.60768E-1 4.6269E-1 4.17707E-1 4.47963E-1 3.21181E-1 5.25624E-1 4.46223E-1 5.38905E-1 5.57299E-1 4.69446E-1 4.75162E-1 5.48323E-1 6.17558E-1 6.0657E-1 7.09192E-1
7.94975E-3 9.52462E-3 1.73911E-2 2.6338E-2 4.42481E-2 6.68866E-2 9.9777E-2 2.29266E-1 2.46006E-1 3.56581E-1 2.55996E-1 1.21316E-1 -9999 -9999 1.71928E-1 1.8181E-1 1.81938E-1 1.79632E-1 1.80126E-1 1.8157E-1 1.92676E-1 1.94192E-1 1.72743E-1 1.93624E-1 1.90184E-1 1.94302E-1 2.03597E-1 1.9703E-1 2.14491E-1 2.15228E-1 2.093E-1 1.93244E-1 1.81026E-1 1.71061E-1 2.03416E-1 1.83505E-1 2.21277E-1 2.01227E-1 1.95886E-1 2.11888E-1 2.36197E-1 2.8268E-1 2.92465E-1 3.06528E-1 2.5795E-1 3.58211E-1 3.22109E-1 3.00848E-1 3.90309E-1 3.97321E-1 5.51896E-1 4.04622E-1 3.86211E-1 4.59472E-1 3.86993E-1 6.22805E-1 3.14853E-1 4.83301E-1 6.65162E-1
4.05632E-3 5.884E-3 8.81221E-3 7.25984E-3 1.72852E-2 2.68646E-2 3.44417E-2 7.02086E-2 9.44747E-2 1.07035E-1 1.03755E-1 2.54396E-2 -9999 7.32485E-2 8.36384E-2 9.41412E-2 1.06336E-1 1.20725E-1 1.41802E-1 1.63276E-1 1.69141E-1 1.73882E-1 1.82025E-1 1.9282E-1 1.83653E-1 1.87296E-1 1.95653E-1 1.82813E-1 1.79834E-1 1.98462E-1 1.82783E-1 2.02586E-1 1.8964E-1 1.98518E-1 1.84357E-1 1.6815E-1 1.80977E-1 1.837E-1 1.71775E-1 1.68807E-1 1.96325E-1 2.41973E-1 1.98639E-1 2.35658E-1 2.80344E-1 2.84841E-1 2.27903E-1 2.27247E-1 3.03002E-1 2.66045E-1 2.5808E-1 3.3484E-1 3.81367E-1 3.64936E-1 4.49888E-1 4.61654E-1 4.95524E-1 4.90851E-1 4.34228E-1
2.68332E-3 3.32908E-3 4.79174E-3 6.20588E-3 9.72668E-3 1.15649E-2 1.80693E-2 2.29473E-2 2.49564E-2 2.51153E-2 1.65372E-2 1.69782E-2 1.83281E-2 3.06199E-2 3.28628E-2 3.58214E-2 3.80963E-2 4.81033E-2 6.69971E-2 8.91558E-2 1.01684E-1 1.20633E-1 1.35383E-1 1.34671E-1 1.41625E-1 1.49609E-1 1.62802E-1 1.39698E-1 1.29007E-1 1.43881E-1 1.43137E-1 1.59846E-1 1.52119E-1 1.57112E-1 1.45867E-1 1.53116E-1 1.3567E-1 1.4455E-1 1.31327E-1 1.32221E-1 1.48935E-1 1.62473E-1 1.52037E-1 1.68556E-1 1.77873E-1 1.79069E-1 1.63868E-1 2.44344E-1 2.49319E-1 2.64337E-1 2.86703E-1 3.41688E-1 3.46379E-1 3.5808E-1 3.26169E-1 3.60728E-1 3.90666E-1 4.05316E-1 3.90518E-1
2.7279E-3 3.14064E-3 3.96267E-3 5.32361E-3 6.16823E-3 7.32066E-3 8.25154E-3 9.41725E-3 9.99171E-3 1.27771E-2 1.27816E-2 -9999 2.94155E-3 1.33058E-2 1.33115E-2 1.36999E-2 1.4796E-2 1.70288E-2 2.39029E-2 3.31039E-2 4.28969E-2 5.3358E-2 6.16672E-2 6.97377E-2 7.39381E-2 7.30401E-2 7.8642E-2 6.38931E-2 5.41597E-2 5.75322E-2 6.27877E-2 7.35416E-2 6.8428E-2 8.84285E-2 1.10078E-1 1.26817E-1 1.29738E-1 1.36344E-1 1.18411E-1 9.88613E-2 1.25366E-1 1.24138E-1 1.19185E-1 1.17366E-1 1.39683E-1 1.7823E-1 1.95751E-1 1.92802E-1 2.06389E-1 2.09907E-1 2.13043E-1 2.22248E-1 2.18475E-1 2.11887E-1 2.26559E-1 2.50055E-1 2.92533E-1 3.48735E-1 3.76737E-1
5.02545E-3 5.0992E-3 6.13623E-3 5.65679E-3 6.14746E-3 5.0171E-3 4.85971E-3 4.81085E-3 5.31948E-3 6.06817E-3 6.47881E-3 -9999 -9999 6.21716E-3 6.38971E-3 6.47213E-3 6.51816E-3 7.90133E-3 1.00803E-2 1.42233E-2 1.73803E-2 2.20855E-2 2.51204E-2 2.6481E-2 2.76414E-2 2.6281E-2 2.68094E-2 2.38376E-2 2.36958E-2 2.34335E-2 2.4451E-2 2.68448E-2 2.82625E-2 3.33044E-2 4.40502E-2 5.25134E-2 6.77331E-2 8.51547E-2 9.68727E-2 1.05764E-1 1.25702E-1 1.48878E-1 1.47506E-1 1.33582E-1 1.06745E-1 1.48259E-1 1.45153E-1 1.52097E-1 1.52287E-1 1.61064E-1 1.60462E-1 1.33867E-1 1.27918E-1 1.49716E-1 1.65504E-1 1.90048E-1 2.3098E-1 2.46073E-1 2.62796E-1
1.08618E-2 1.92144E-2 1.24097E-2 7.05887E-3 6.55824E-3 5.44091E-3 5.15548E-3 4.24065E-3 2.63748E-3 2.36134E-3 3.40134E-3 -9999 -9999 3.63837E-3 3.63656E-3 3.52008E-3 3.46374E-3 3.85212E-3 4.83085E-3 6.57839E-3 7.63853E-3 9.2194E-3 1.08158E-2 1.06892E-2 1.11331E-2 1.09549E-2 1.09905E-2 1.18544E-2 1.20897E-2 1.01144E-2 9.31611E-3 9.95778E-3 1.25785E-2 1.32211E-2 1.62194E-2 2.06158E-2 2.77284E-2 3.52993E-2 4.197E-2 4.76689E-2 6.03231E-2 6.69506E-2 6.25003E-2 6.16113E-2 6.38035E-2 7.87478E-2 8.12023E-2 8.70844E-2 8.84354E-2 1.00236E-1 9.30378E-2 1.15467E-1 1.07394E-1 9.588E-2 1.201E-1 1.53333E-1 1.57275E-1 1.54174E-1 1.95994E-1
1.28118E-2 2.3594E-2 2.81428E-2 1.80288E-2 1.35508E-2 6.11155E-3 3.44852E-3 3.67358E-3 2.4726E-3 2.61138E-3 2.45911E-3 2.68612E-3 1.74908E-3 -9999 -9999 2.35244E-3 2.39775E-3 2.57782E-3 3.11488E-3 3.62893E-3 4.00872E-3 4.67142E-3 5.19992E-3 5.47089E-3 5.60669E-3 5.47581E-3 5.69143E-3 5.89158E-3 5.69031E-3 5.50306E-3 4.9359E-3 5.93311E-3 6.28613E-3 6.8471E-3 7.43412E-3 8.54374E-3 1.02315E-2 1.23396E-2 1.46094E-2 1.74369E-2 2.19227E-2 1.94555E-2 1.88152E-2 2.114E-2 2.62162E-2 2.8462E-2 2.59462E-2 3.0493E-2 3.1128E-2 3.33962E-2 3.79267E-2 4.21251E-2 4.14853E-2 4.9496E-2 5.76596E-2 8.52115E-2 8.08574E-2 1.00074E-1 9.85432E-2
7.0613E-3 1.10462E-2 2.37853E-2 1.29508E-2 7.01195E-3 -9999 4.34093E-3 2.50986E-3 1.83937E-3 -9999 -9999 -9999 2.27352E-3 1.68666E-3 -9999 1.47025E-3 2.00617E-3 2.12326E-3 2.26046E-3 2.37151E-3 2.58444E-3 2.87488E-3 2.96875E-3 3.28033E-3 3.43199E-3 3.33307E-3 3.50694E-3 3.71913E-3 3.67805E-3 3.67206E-3 3.74908E-3 3.99383E-3 4.07811E-3 3.81394E-3 4.1578E-3 4.6597E-3 5.37752E-3 5.87329E-3 6.07344E-3 7.12342E-3 7.91316E-3 7.88965E-3 7.95018E-3 7.45322E-3 7.79711E-3 9.24383E-3 1.06934E-2 1.10272E-2 1.00752E-2 1.12859E-2 1.36596E-2 1.88677E-2 1.97136E-2 2.09461E-2 2.7704E-2 3.07481E-2 3.00468E-2 4.11582E-2 4.05433E-2
4.51024E-3 6.49225E-3 8.00937E-3 9.52385E-3 6.3139E-3 5.14743E-3 -9999 3.39197E-3 1.83367E-3 1.93098E-3 -9999 -9999 -9999 1.4133E-3 1.57053E-3 -9999 1.87571E-3 1.8828E-3 1.97605E-3 2.02614E-3 2.1257E-3 2.23568E-3 2.37766E-3 2.60384E-3 2.64062E-3 2.6411E-3 2.72467E-3 2.72179E-3 2.81813E-3 2.89765E-3 2.72856E-3 2.93733E-3 2.97205E-3 2.92498E-3 3.06055E-3 3.12354E-3 2.79852E-3 2.84908E-3 2.99829E-3 3.59275E-3 4.0304E-3 4.11349E-3 4.33233E-3 4.4844E-3 4.17876E-3 4.6763E-3 5.55009E-3 5.16042E-3 6.01576E-3 7.00836E-3 6.94968E-3 8.58904E-3 8.3086E-3 9.3891E-3 1.23293E-2 1.14644E-2 1.10011E-2 1.29473E-2 1.69156E-2
