data/Modelo 4/SPZn_max.asc
ncols         78
nrows         61
xllcorner     -149.5
yllcorner     -28.5
cellsize      1.0
NODATA_value  -9999
[rows 0 to 25 of 61, columns 0 to 58 of 78]
3.07051E-2 2.9651E-2 2.9414E-2 2.84561E-2 3.00668E-2 2.84819E-2 2.65937E-2 2.46595E-2 -9999 2.08803E-2 1.91337E-2 1.76818E-2 1.67448E-2 1.56645E-2 6.40811E-3 -9999 1.44564E-2 -9999 -9999 -9999 -9999 -9999 -9999 -9999 5.57803E-2 -9999 -9999 -9999 -9999 3.59939E-1 2.68212E-1 3.38181E-1 -9999 -9999 -9999 -9999 -9999 -9999 -9999 -9999 -9999 -9999 -9999 -9999 -9999 -9999 -9999 -9999 -9999 -9999 -9999 -9999 -9999 -9999 -9999 -9999 -9999 -9999 -9999
2.33784E-2 2.4503E-2 2.49251E-2 2.26027E-2 2.2016E-2 2.2819E-2 2.28101E-2 2.61036E-2 2.49847E-2 1.61816E-2 1.94961E-2 2.00593E-2 1.86373E-2 1.76616E-2 1.66773E-2 1.56086E-2 1.24862E-2 1.43722E-2 -9999 -9999 -9999 -9999 -9999 4.46636E-3 1.53999E-2 -9999 4.04179E-2 9.84275E-2 1.77784E-1 2.62544E-1 9.23413E-2 3.735E-1 -9999 -9999 -9999 -9999 -9999 -9999 -9999 -9999 -9999 -9999 -9999 -9999 -9999 -9999 -9999 -9999 -9999 -9999 -9999 -9999 -9999 -9999 -9999 -9999 -9999 -9999 -9999
1.9077E-2 1.61014E-2 1.22641E-2 -9999 1.39959E-2 1.02334E-2 -9999 -9999 2.30696E-2 2.47208E-2 1.67104E-2 2.11163E-2 1.38969E-2 1.66527E-2 1.44941E-2 1.6336E-2 1.01091E-2 1.11067E-2 -9999 3.03003E-3 -9999 -9999 3.43334E-3 -9999 9.85024E-3 5.89871E-3 9.35089E-3 -9999 1.22685E-2 7.55569E-2 1.17483E-1 1.20206E-1 4.90894E-1 -9999 8.55286E-1 9.18662E-1 -9999 -9999 -9999 -9999 -9999 -9999 -9999 -9999 -9999 -9999 -9999 -9999 -9999 -9999 -9999 -9999 -9999 -9999 -9999 -9999 -9999 -9999 -9999
1.39298E-2 1.63811E-2 -9999 1.56486E-2 8.94399E-3 -9999 1.20534E-2 1.4783E-2 1.58156E-2 -9999 -9999 -9999 1.51803E-2 1.72092E-2 1.89508E-2 1.52154E-2 4.06447E-3 1.42692E-2 1.14551E-2 9.54249E-3 6.15868E-3 4.25114E-3 5.82732E-3 3.79185E-3 5.13944E-3 -9999 -9999 -9999 5.49092E-3 -9999 5.78311E-2 -9999 1.55364E-1 5.34745E-1 -9999 -9999 9.20079E-1 -9999 -9999 -9999 -9999 -9999 -9999 -9999 -9999 -9999 -9999 -9999 -9999 -9999 -9999 -9999 -9999 -9999 -9999 -9999 -9999 -9999 -9999
1.2216E-2 1.27884E-2 1.2465E-2 1.18632E-2 1.20495E-2 8.91151E-3 1.25046E-2 1.52145E-2 -9999 4.37414E-3 1.01415E-2 5.50705E-3 1.2247E-2 4.05204E-3 1.72409E-2 1.81467E-2 1.66674E-2 1.44039E-2 8.0481E-3 7.87264E-3 7.15882E-3 4.42686E-3 4.545E-3 5.80079E-3 -9999 -9999 1.05278E-2 -9999 -9999 -9999 3.06848E-2 -9999 3.91869E-1 3.59291E-1 5.77437E-1 -9999 -9999 -9999 -9999 -9999 -9999 -9999 -9999 -9999 -9999 -9999 -9999 -9999 -9999 -9999 -9999 -9999 -9999 -9999 -9999 -9999 -9999 -9999 -9999
1.03326E-2 1.01894E-2 1.06387E-2 1.04068E-2 -9999 1.17529E-2 1.16482E-2 1.32054E-2 1.18274E-2 1.44647E-2 6.70457E-3 5.25676E-3 1.23851E-2 2.038E-2 1.26487E-2 1.43584E-2 1.50421E-2 1.51121E-2 1.05028E-2 1.40184E-2 1.24517E-2 6.99001E-3 1.13254E-2 -9999 -9999 -9999 -9999 -9999 -9999 -9999 -9999 -9999 -9999 8.33515E-1 -9999 -9999 -9999 -9999 -9999 -9999 -9999 -9999 -9999 -9999 -9999 -9999 -9999 -9999 -9999 -9999 -9999 -9999 -9999 -9999 -9999 -9999 -9999 -9999 -9999
9.49988E-3 9.38959E-3 9.82278E-3 9.6987E-3 1.01395E-2 1.07075E-2 9.57481E-3 1.22059E-2 1.22974E-2 1.1774E-2 1.22316E-2 8.31559E-3 9.87911E-3 1.93521E-2 1.79389E-2 1.3124E-2 1.22031E-2 4.96274E-3 1.62167E-2 9.93861E-3 1.00301E-2 1.39325E-2 1.35876E-2 1.26839E-2 -9999 -9999 -9999 1.34881E-3 -9999 -9999 -9999 -9999 -9999 -9999 9.64005E-1 9.53661E-1 -9999 -9999 4.81052E-1 -9999 -9999 -9999 -9999 -9999 -9999 -9999 -9999 -9999 -9999 -9999 -9999 -9999 -9999 -9999 -9999 -9999 -9999 -9999 -9999
7.98679E-3 9.44984E-3 4.10936E-3 4.77254E-3 8.33851E-3 1.0295E-2 1.09541E-2 1.12814E-2 6.13835E-3 1.24176E-2 1.01942E-2 9.20999E-3 1.29597E-2 1.65281E-2 1.02274E-2 1.40214E-2 1.66328E-2 1.41834E-2 1.86114E-2 1.38218E-2 1.33655E-2 -9999 -9999 -9999 -9999 -9999 -9999 -9999 -9999 -9999 -9999 -9999 -9999 4.26041E-2 -9999 9.87855E-1 9.95997E-1 -9999 7.18107E-1 3.97827E-1 -9999 -9999 -9999 -9999 -9999 -9999 -9999 -9999 -9999 -9999 -9999 -9999 -9999 -9999 -9999 -9999 -9999 -9999 -9999
9.62165E-3 9.52166E-3 9.68325E-3 1.00097E-2 1.03592E-2 1.08273E-2 6.67068E-3 1.15187E-2 1.19874E-2 1.20239E-2 1.1304E-2 1.35374E-2 1.41749E-2 8.06329E-3 1.07369E-2 5.91515E-3 1.92826E-2 1.8496E-2 1.61421E-2 1.35932E-2 -9999 -9999 -9999 -9999 -9999 -9999 -9999 -9999 -9999 -9999 -9999 -9999 -9999 8.81385E-2 -9999 2.03538E-1 9.87345E-1 -9999 6.66839E-1 5.86255E-1 4.97822E-1 -9999 -9999 -9999 -9999 -9999 -9999 -9999 -9999 -9999 -9999 -9999 -9999 -9999 -9999 -9999 -9999 -9999 -9999
9.0757E-3 8.00734E-3 7.9418E-3 7.04741E-3 1.02828E-2 1.06726E-2 1.10166E-2 1.04688E-2 9.7454E-3 1.30737E-2 1.35401E-2 1.40497E-2 1.08336E-2 1.46863E-2 1.46483E-2 1.36048E-2 1.59292E-2 1.16331E-2 1.92992E-2 1.52188E-2 4.20109E-3 -9999 -9999 -9999 -9999 -9999 -9999 -9999 3.02861E-3 -9999 -9999 -9999 -9999 -9999 -9999 -9999 8.17546E-1 9.54642E-1 8.23222E-1 -9999 4.81802E-1 4.58653E-1 -9999 -9999 -9999 -9999 -9999 -9999 -9999 -9999 -9999 -9999 -9999 -9999 -9999 -9999 -9999 -9999 -9999
9.3475E-3 8.02528E-3 7.32742E-3 9.77803E-3 1.0218E-2 1.06385E-2 1.10098E-2 1.15898E-2 3.32657E-3 1.33188E-2 1.3818E-2 1.40822E-2 1.46223E-2 1.5119E-2 1.07469E-2 1.32018E-2 1.35835E-2 1.2834E-2 -9999 -9999 -9999 -9999 -9999 -9999 -9999 -9999 -9999 -9999 -9999 -9999 -9999 -9999 -9999 -9999 -9999 3.03196E-2 3.20774E-1 7.2257E-1 6.47819E-1 5.5511E-1 4.92564E-1 4.13277E-1 3.53081E-1 -9999 -9999 -9999 -9999 -9999 -9999 -9999 -9999 -9999 -9999 -9999 -9999 -9999 -9999 -9999 -9999
9.82708E-3 9.68068E-3 9.26846E-3 9.8378E-3 1.05087E-2 1.10307E-2 6.39237E-3 6.94399E-3 1.25242E-2 1.11014E-2 1.48893E-2 1.53218E-2 1.522E-2 8.10814E-3 1.06293E-2 -9999 1.7339E-2 1.01127E-2 1.92917E-2 -9999 -9999 -9999 -9999 -9999 -9999 -9999 -9999 5.8869E-3 -9999 -9999 -9999 -9999 8.35619E-3 2.0475E-2 -9999 -9999 7.98675E-2 3.37732E-1 3.96162E-1 4.59996E-1 3.48794E-1 4.01263E-1 3.52197E-1 2.60243E-1 -9999 -9999 -9999 -9999 -9999 -9999 -9999 -9999 -9999 -9999 -9999 -9999 -9999 -9999 -9999
9.17744E-3 1.03644E-2 1.0599E-2 1.13124E-2 8.50055E-3 1.14783E-2 1.17375E-2 1.11801E-2 9.17441E-3 9.41608E-3 1.03901E-2 1.81275E-2 -9999 -9999 5.62515E-3 1.6674E-2 1.73024E-2 -9999 -9999 -9999 5.95049E-3 -9999 -9999 -9999 -9999 -9999 -9999 -9999 -9999 -9999 -9999 -9999 -9999 1.67943E-2 5.38721E-2 8.02648E-2 1.44047E-1 2.31324E-1 2.77512E-1 2.13376E-1 3.12681E-1 3.18063E-1 4.09089E-1 -9999 -9999 -9999 -9999 -9999 -9999 -9999 -9999 -9999 -9999 -9999 -9999 -9999 -9999 -9999 -9999
1.03668E-2 1.05033E-2 1.11527E-2 5.26921E-3 4.92201E-3 -9999 8.32572E-3 7.96374E-3 1.38162E-2 -9999 -9999 1.86822E-3 1.4803E-2 -9999 1.53877E-2 6.00925E-3 3.74752E-3 -9999 -9999 -9999 -9999 -9999 -9999 -9999 -9999 4.34776E-2 -9999 -9999 -9999 -9999 -9999 -9999 -9999 2.59087E-2 -9999 -9999 -9999 -9999 -9999 2.03028E-1 2.10745E-1 2.52891E-1 4.64499E-1 5.19165E-1 -9999 -9999 -9999 -9999 -9999 -9999 -9999 -9999 -9999 -9999 -9999 -9999 -9999 -9999 -9999
7.07338E-3 7.78106E-3 7.63192E-3 -9999 1.26305E-2 4.36897E-3 4.0161E-3 5.48277E-3 1.02201E-2 9.19723E-3 -9999 6.06551E-3 -9999 -9999 -9999 -9999 -9999 1.71421E-2 -9999 -9999 -9999 -9999 -9999 -9999 -9999 1.14155E-1 -9999 -9999 -9999 -9999 -9999 -9999 2.575E-2 2.32958E-2 -9999 -9999 -9999 -9999 -9999 1.90063E-1 1.2569E-1 2.01621E-1 4.09411E-1 5.99251E-1 4.97905E-1 -9999 -9999 -9999 -9999 -9999 -9999 -9999 -9999 -9999 -9999 -9999 -9999 -9999 -9999
6.85998E-3 1.03725E-2 9.34454E-3 -9999 -9999 1.50955E-2 -9999 2.66961E-3 1.97751E-2 1.3626E-2 4.13679E-3 -9999 1.58883E-2 -9999 -9999 -9999 -9999 -9999 -9999 -9999 -9999 -9999 3.77944E-2 -9999 -9999 -9999 -9999 -9999 5.76029E-2 1.35631E-1 7.06859E-2 6.67168E-2 4.36423E-2 2.93222E-2 3.0646E-2 4.65925E-2 6.5725E-2 6.11246E-2 2.51179E-1 9.77515E-2 1.5854E-1 2.6052E-1 4.6929E-1 6.24003E-1 3.65803E-1 8.77948E-2 8.55602E-2 1.37341E-2 -9999 -9999 -9999 -9999 -9999 -9999 -9999 -9999 -9999 -9999 -9999
-9999 1.00857E-2 7.26831E-3 -9999 -9999 -9999 -9999 -9999 1.28064E-2 1.97595E-2 -9999 -9999 5.02588E-2 -9999 -9999 -9999 -9999 -9999 -9999 -9999 -9999 -9999 -9999 -9999 -9999 -9999 -9999 -9999 3.2528E-1 2.86059E-1 2.30341E-1 2.25973E-1 1.40587E-1 6.21064E-2 5.50597E-2 9.36303E-2 1.40143E-1 1.23235E-1 1.27464E-1 1.16101E-1 1.66994E-1 1.88476E-1 2.22679E-1 1.93063E-1 -9999 3.85887E-2 -9999 -9999 2.09795E-2 7.35036E-3 -9999 -9999 -9999 -9999 -9999 -9999 -9999 -9999 -9999
-9999 5.70192E-3 3.22982E-3 1.58046E-2 -9999 -9999 -9999 -9999 -9999 -9999 3.44326E-2 9.52146E-2 -9999 -9999 -9999 -9999 -9999 -9999 -9999 4.07446E-1 4.5083E-1 -9999 -9999 -9999 -9999 -9999 -9999 2.66289E-1 3.05338E-1 3.26948E-1 3.02799E-1 2.07921E-1 1.76322E-1 3.47346E-1 2.85514E-1 2.79683E-1 2.69378E-1 2.37516E-1 2.28575E-1 2.29781E-1 2.25814E-1 1.26378E-1 1.16739E-1 8.22051E-2 -9999 -9999 -9999 -9999 -9999 4.33101E-3 -9999 -9999 2.46824E-2 -9999 -9999 1.07834E-2 -9999 -9999 -9999
3.61243E-3 2.61573E-2 1.81299E-2 1.09641E-2 -9999 2.71022E-2 1.66841E-2 -9999 5.0572E-2 -9999 -9999 9.53711E-2 7.03401E-2 1.29754E-1 -9999 -9999 3.7801E-1 3.91777E-1 -9999 4.73028E-1 5.25168E-1 5.41981E-1 -9999 -9999 -9999 -9999 -9999 3.76062E-1 4.97294E-1 4.88098E-1 4.32183E-1 4.52217E-1 4.78891E-1 5.34923E-1 5.69226E-1 5.85059E-1 5.97786E-1 5.80831E-1 2.8728E-1 2.36156E-1 1.81555E-1 1.31224E-1 9.57077E-2 8.05621E-2 2.67021E-2 -9999 5.79393E-3 -9999 1.57517E-2 1.12001E-2 -9999 -9999 -9999 -9999 2.27291E-1 1.84927E-2 3.47127E-3 -9999 -9999
1.87413E-2 6.64148E-3 8.82871E-3 2.86676E-2 5.53528E-2 -9999 1.21165E-2 -9999 -9999 -9999 -9999 4.50887E-2 -9999 1.90127E-1 2.46916E-1 2.60546E-1 2.00076E-1 3.99758E-1 4.43428E-1 4.99176E-1 5.46616E-1 5.62476E-1 5.74343E-1 5.8037E-1 -9999 3.21895E-1 4.68113E-1 6.17341E-1 6.31111E-1 6.57344E-1 6.32093E-1 5.53833E-1 5.43061E-1 5.75867E-1 6.47421E-1 6.94134E-1 4.70549E-1 5.22129E-1 4.50521E-1 3.39301E-1 2.26875E-1 1.22544E-1 1.41559E-1 8.83999E-2 4.76466E-2 -9999 3.61047E-2 -9999 -9999 -9999 2.52919E-2 -9999 -9999 1.90402E-1 9.13041E-2 1.79164E-2 7.29845E-3 -9999 8.76357E-3
2.80013E-2 1.38006E-2 -9999 5.00661E-2 7.51287E-2 8.67403E-2 1.06746E-1 1.54677E-1 5.7906E-2 5.09173E-2 -9999 -9999 2.34509E-1 2.28475E-1 2.1782E-1 3.6513E-1 3.47474E-1 3.95391E-1 4.68388E-1 5.01223E-1 5.25108E-1 5.24654E-1 5.11421E-1 4.74859E-1 4.71171E-1 5.03608E-1 4.6647E-1 5.66748E-1 6.32346E-1 6.72444E-1 6.45212E-1 6.22068E-1 6.01795E-1 6.2579E-1 6.5043E-1 5.48932E-1 5.20822E-1 3.85789E-1 4.04707E-1 2.8332E-1 2.73013E-1 1.6959E-1 1.81908E-1 1.50319E-1 1.08714E-1 1.02505E-1 6.90619E-2 3.01793E-2 6.22093E-2 3.25263E-2 5.08223E-2 -9999 -9999 1.14327E-1 3.32715E-2 -9999 2.2187E-2 -9999 -9999
3.04704E-2 5.25786E-2 1.0647E-1 1.37757E-1 1.74603E-1 2.60067E-1 2.04127E-1 2.85646E-1 2.61764E-1 2.32093E-1 3.39331E-1 2.04961E-1 2.60702E-1 2.71257E-1 3.37332E-1 4.07475E-1 4.31491E-1 4.46923E-1 4.41177E-1 4.05341E-1 4.36301E-1 3.55074E-1 3.85062E-1 4.54643E-1 4.35366E-1 4.78153E-1 4.95694E-1 5.41481E-1 6.36891E-1 6.61397E-1 6.66345E-1 6.36516E-1 6.34389E-1 6.4409E-1 6.24472E-1 4.72774E-1 4.072E-1 4.16432E-1 4.62382E-1 3.89104E-1 1.18886E-1 3.06271E-1 1.20517E-1 1.35976E-1 1.6937E-1 -9999 5.88386E-2 -9999 -9999 1.20407E-1 -9999 -9999 -9999 4.02259E-2 5.51821E-2 -9999 -9999 -9999 2.14684E-2
2.66417E-2 1.67456E-2 6.15234E-2 1.35929E-1 2.35764E-1 2.16185E-1 2.88972E-1 2.89282E-1 3.33369E-1 3.68136E-1 2.78776E-1 4.08719E-1 3.71065E-1 4.0663E-1 4.13435E-1 4.29779E-1 3.94852E-1 3.45767E-1 3.86192E-1 3.21975E-1 3.96507E-1 3.53895E-1 4.47313E-1 4.20078E-1 5.33861E-1 5.41217E-1 5.25109E-1 5.63509E-1 5.30106E-1 5.41298E-1 6.49539E-1 6.25107E-1 6.36752E-1 6.97243E-1 6.46017E-1 5.48495E-1 2.97728E-1 3.70563E-1 2.44321E-1 4.54309E-1 4.2724E-1 2.37643E-1 -9999 3.32835E-1 2.7391E-1 2.3199E-1 -9999 1.65563E-1 2.51262E-1 1.67595E-1 2.58929E-1 2.38667E-1 1.86569E-1 7.60216E-2 1.34929E-1 1.23886E-1 1.46032E-1 2.23588E-1 3.83733E-1
4.29437E-2 9.24843E-2 1.92782E-1 1.37733E-1 1.89427E-1 2.68879E-1 2.84701E-1 3.0258E-1 2.9618E-1 3.97169E-1 2.77034E-1 3.35531E-1 4.00733E-1 3.74391E-1 3.44754E-1 2.87471E-1 3.63432E-1 2.6186E-1 2.6423E-1 2.80542E-1 3.545E-1 2.80534E-1 3.08779E-1 3.70669E-1 3.54811E-1 5.13313E-1 5.6272E-1 5.74355E-1 4.49771E-1 4.7303E-1 6.12015E-1 5.80496E-1 5.84381E-1 6.12516E-1 6.28678E-1 4.83158E-1 4.28321E-1 3.43245E-1 5.21196E-1 4.89461E-1 4.82956E-1 -9999 2.32522E-1 -9999 -9999 3.71548E-1 3.72921E-1 2.49123E-1 3.32531E-1 1.25187E-1 3.60839E-1 3.3405E-1 2.71877E-1 2.10669E-1 2.47948E-1 2.60152E-1 2.88178E-1 3.98787E-1 2.94204E-1
2.4633E-1 1.46021E-1 2.08182E-1 1.23055E-1 3.3315E-1 2.88358E-1 3.26622E-1 3.21336E-1 3.10636E-1 2.29067E-1 3.74138E-1 2.9032E-1 2.25723E-1 2.47031E-1 3.21828E-1 2.64167E-1 2.67909E-1 3.33047E-1 2.64408E-1 3.68277E-1 1.80093E-1 3.46834E-1 3.1371E-1 3.31813E-1 3.52639E-1 4.56582E-1 5.39761E-1 3.72728E-1 5.43012E-1 4.60692E-1 5.09925E-1 5.47317E-1 5.24285E-1 5.27413E-1 5.38493E-1 4.09372E-1 5.49643E-1 4.92202E-1 5.71554E-1 3.41001E-1 5.28561E-1 4.8571E-1 5.62582E-1 5.74712E-1 5.96923E-1 5.1777E-1 4.66853E-1 5.04913E-1 4.89311E-1 4.55934E-1 3.37155E-1 4.26406E-1 3.95908E-1 3.20201E-1 2.55735E-1 3.33695E-1 3.28277E-1 3.10478E-1 2.555E-1
3.82882E-1 3.40836E-1 4.25105E-1 3.71654E-1 3.52221E-1 3.12882E-1 3.50655E-1 2.47418E-1 3.89454E-1 3.22461E-1 3.41683E-1 2.08522E-1 2.43433E-1 3.26847E-1 3.07592E-1 3.16829E-1 2.49292E-1 2.90265E-1 4.17259E-1 3.63938E-1 3.0452E-1 4.41692E-1 4.5614E-1 4.86101E-1 5.21503E-1 4.8767E-1 4.15644E-1 4.96163E-1 4.49655E-1 3.50497E-1 6.75579E-1 6.74926E-1 5.65389E-1 6.07705E-1 4.90152E-1 6.57747E-1 4.99108E-1 5.49653E-1 5.77246E-1 4.92611E-1 6.23639E-1 6.25852E-1 6.78927E-1 7.01829E-1 6.21146E-1 6.81163E-1 6.86475E-1 6.59511E-1 6.96777E-1 5.83649E-1 4.54942E-1 4.74862E-1 5.16761E-1 3.55475E-1 3.81197E-1 3.87238E-1 3.87499E-1 2.99698E-1 2.68686E-1
