data/Modelo 4/SPZn_median.asc
ncols         78
nrows         61
xllcorner     -149.5
yllcorner     -28.5
cellsize      1.0
NODATA_value  -9999
[rows 0 to 25 of 61, columns 0 to 58 of 78]
2.71507E-2 2.58963E-2 2.34232E-2 2.17183E-2 2.249E-2 2.08996E-2 1.94138E-2 1.83099E-2 -9999 1.41862E-2 1.31781E-2 1.20398E-2 1.17477E-2 1.07864E-2 5.60755E-3 -9999 1.03469E-2 -9999 -9999 -9999 -9999 -9999 -9999 -9999 4.83718E-2 -9999 -9999 -9999 -9999 3.01047E-1 2.01254E-1 2.76708E-1 -9999 -9999 -9999 -9999 -9999 -9999 -9999 -9999 -9999 -9999 -9999 -9999 -9999 -9999 -9999 -9999 -9999 -9999 -9999 -9999 -9999 -9999 -9999 -9999 -9999 -9999 -9999
2.16495E-2 2.36375E-2 2.31333E-2 2.0335E-2 1.98275E-2 2.04685E-2 2.06526E-2 2.03222E-2 1.87052E-2 1.29623E-2 1.42818E-2 1.49473E-2 1.41391E-2 1.3406E-2 1.18734E-2 1.12055E-2 9.33888E-3 1.02467E-2 -9999 -9999 -9999 -9999 -9999 3.59736E-3 1.31529E-2 -9999 3.66161E-2 8.27693E-2 1.36944E-1 2.08019E-1 6.78104E-2 3.01864E-1 -9999 -9999 -9999 -9999 -9999 -9999 -9999 -9999 -9999 -9999 -9999 -9999 -9999 -9999 -9999 -9999 -9999 -9999 -9999 -9999 -9999 -9999 -9999 -9999 -9999 -9999 -9999
1.82742E-2 1.45084E-2 1.12268E-2 -9999 1.30287E-2 9.00847E-3 -9999 -9999 2.06376E-2 1.95442E-2 1.42293E-2 1.66611E-2 1.1795E-2 1.24304E-2 1.05039E-2 1.13083E-2 7.64052E-3 8.09507E-3 -9999 2.58424E-3 -9999 -9999 3.00371E-3 -9999 7.79037E-3 5.59414E-3 8.67053E-3 -9999 9.41865E-3 6.28888E-2 1.01314E-1 1.04115E-1 4.37275E-1 -9999 8.33473E-1 9.0332E-1 -9999 -9999 -9999 -9999 -9999 -9999 -9999 -9999 -9999 -9999 -9999 -9999 -9999 -9999 -9999 -9999 -9999 -9999 -9999 -9999 -9999 -9999 -9999
1.28619E-2 1.54635E-2 -9999 1.48625E-2 8.2655E-3 -9999 1.13919E-2 1.37379E-2 1.45699E-2 -9999 -9999 -9999 1.28383E-2 1.35964E-2 1.3644E-2 1.06381E-2 3.52658E-3 9.57463E-3 8.153E-3 7.05595E-3 4.92606E-3 3.72236E-3 4.70321E-3 3.40673E-3 4.38876E-3 -9999 -9999 -9999 4.72892E-3 -9999 4.92772E-2 -9999 1.15922E-1 4.81737E-1 -9999 -9999 9.04904E-1 -9999 -9999 -9999 -9999 -9999 -9999 -9999 -9999 -9999 -9999 -9999 -9999 -9999 -9999 -9999 -9999 -9999 -9999 -9999 -9999 -9999 -9999
1.16079E-2 1.21382E-2 1.17923E-2 1.1322E-2 1.13816E-2 8.11273E-3 1.17029E-2 1.41876E-2 -9999 4.06319E-3 8.72666E-3 4.95939E-3 1.1241E-2 3.50893E-3 1.23335E-2 1.18315E-2 1.10556E-2 9.66167E-3 6.39414E-3 6.13073E-3 5.61963E-3 3.85404E-3 3.85386E-3 4.56004E-3 -9999 -9999 7.86616E-3 -9999 -9999 -9999 2.43349E-2 -9999 3.68759E-1 3.52153E-1 5.36549E-1 -9999 -9999 -9999 -9999 -9999 -9999 -9999 -9999 -9999 -9999 -9999 -9999 -9999 -9999 -9999 -9999 -9999 -9999 -9999 -9999 -9999 -9999 -9999 -9999
9.57824E-3 9.36922E-3 1.01837E-2 9.2993E-3 -9999 1.11941E-2 1.07103E-2 1.26221E-2 1.06985E-2 1.30226E-2 6.02466E-3 4.73301E-3 1.17503E-2 1.45071E-2 1.00461E-2 1.06347E-2 1.05936E-2 1.02899E-2 7.85347E-3 9.25582E-3 8.3466E-3 5.45867E-3 7.85413E-3 -9999 -9999 -9999 -9999 -9999 -9999 -9999 -9999 -9999 -9999 8.04546E-1 -9999 -9999 -9999 -9999 -9999 -9999 -9999 -9999 -9999 -9999 -9999 -9999 -9999 -9999 -9999 -9999 -9999 -9999 -9999 -9999 -9999 -9999 -9999 -9999 -9999
8.72832E-3 8.08871E-3 9.1284E-3 8.50542E-3 9.68919E-3 1.02112E-2 8.95265E-3 1.14247E-2 1.10934E-2 1.10017E-2 1.12519E-2 7.26481E-3 8.76123E-3 1.61038E-2 1.40641E-2 1.0759E-2 9.81514E-3 4.38015E-3 1.08881E-2 7.66591E-3 7.43966E-3 9.21735E-3 9.20579E-3 8.51489E-3 -9999 -9999 -9999 1.1316E-3 -9999 -9999 -9999 -9999 -9999 -9999 9.57906E-1 9.41769E-1 -9999 -9999 4.44352E-1 -9999 -9999 -9999 -9999 -9999 -9999 -9999 -9999 -9999 -9999 -9999 -9999 -9999 -9999 -9999 -9999 -9999 -9999 -9999 -9999
7.12915E-3 8.61291E-3 3.73672E-3 4.38831E-3 7.85211E-3 9.25846E-3 1.01244E-2 1.01587E-2 5.65325E-3 1.12666E-2 9.51185E-3 8.01188E-3 1.19627E-2 1.43845E-2 8.6382E-3 1.29653E-2 1.33172E-2 1.13583E-2 1.33279E-2 1.0159E-2 9.72712E-3 -9999 -9999 -9999 -9999 -9999 -9999 -9999 -9999 -9999 -9999 -9999 -9999 3.92724E-2 -9999 9.83002E-1 9.93421E-1 -9999 6.91967E-1 3.69118E-1 -9999 -9999 -9999 -9999 -9999 -9999 -9999 -9999 -9999 -9999 -9999 -9999 -9999 -9999 -9999 -9999 -9999 -9999 -9999
8.2173E-3 8.41031E-3 8.5865E-3 8.81871E-3 9.16685E-3 9.55311E-3 6.07498E-3 1.01638E-2 1.0427E-2 1.02238E-2 1.03072E-2 1.15237E-2 1.21329E-2 7.08324E-3 9.89341E-3 5.29958E-3 1.63773E-2 1.52086E-2 1.25525E-2 1.09709E-2 -9999 -9999 -9999 -9999 -9999 -9999 -9999 -9999 -9999 -9999 -9999 -9999 -9999 6.27755E-2 -9999 1.74042E-1 9.84519E-1 -9999 6.45855E-1 5.64551E-1 4.62731E-1 -9999 -9999 -9999 -9999 -9999 -9999 -9999 -9999 -9999 -9999 -9999 -9999 -9999 -9999 -9999 -9999 -9999 -9999
7.14269E-3 6.99147E-3 6.95728E-3 6.49203E-3 8.69001E-3 8.66169E-3 9.14789E-3 9.19145E-3 8.93189E-3 1.08825E-2 1.13682E-2 1.16706E-2 1.00177E-2 1.21501E-2 1.24399E-2 1.22881E-2 1.36984E-2 1.10586E-2 1.57338E-2 1.40075E-2 3.74539E-3 -9999 -9999 -9999 -9999 -9999 -9999 -9999 2.47511E-3 -9999 -9999 -9999 -9999 -9999 -9999 -9999 7.79471E-1 9.43463E-1 7.9138E-1 -9999 4.46616E-1 4.17913E-1 -9999 -9999 -9999 -9999 -9999 -9999 -9999 -9999 -9999 -9999 -9999 -9999 -9999 -9999 -9999 -9999 -9999
8.02192E-3 7.02162E-3 6.53148E-3 7.64213E-3 8.71966E-3 9.07211E-3 8.88504E-3 9.50823E-3 3.05562E-3 1.09642E-2 1.10424E-2 1.13535E-2 1.18896E-2 1.19047E-2 9.7906E-3 1.15902E-2 1.1971E-2 1.15039E-2 -9999 -9999 -9999 -9999 -9999 -9999 -9999 -9999 -9999 -9999 -9999 -9999 -9999 -9999 -9999 -9999 -9999 2.52432E-2 2.86019E-1 6.60465E-1 6.18644E-1 5.17812E-1 4.47265E-1 3.92962E-1 3.36986E-1 -9999 -9999 -9999 -9999 -9999 -9999 -9999 -9999 -9999 -9999 -9999 -9999 -9999 -9999 -9999 -9999
7.95918E-3 7.14397E-3 7.24144E-3 7.57604E-3 8.63849E-3 8.92319E-3 6.12607E-3 6.64119E-3 9.98486E-3 9.57802E-3 1.11318E-2 1.18134E-2 1.16443E-2 7.67534E-3 9.3829E-3 -9999 1.33339E-2 9.45383E-3 1.44048E-2 -9999 -9999 -9999 -9999 -9999 -9999 -9999 -9999 5.23195E-3 -9999 -9999 -9999 -9999 7.15234E-3 1.85419E-2 -9999 -9999 6.89709E-2 3.17448E-1 3.40234E-1 3.93453E-1 3.19729E-1 3.55402E-1 3.29441E-1 2.18335E-1 -9999 -9999 -9999 -9999 -9999 -9999 -9999 -9999 -9999 -9999 -9999 -9999 -9999 -9999 -9999
6.84467E-3 7.96422E-3 7.9122E-3 8.64355E-3 6.98038E-3 8.73894E-3 8.48231E-3 8.6202E-3 8.05273E-3 8.25177E-3 9.10547E-3 1.34129E-2 -9999 -9999 5.12684E-3 1.23021E-2 1.30875E-2 -9999 -9999 -9999 5.42086E-3 -9999 -9999 -9999 -9999 -9999 -9999 -9999 -9999 -9999 -9999 -9999 -9999 1.42417E-2 4.49347E-2 7.13659E-2 1.19233E-1 2.09876E-1 2.43424E-1 1.90304E-1 2.69918E-1 2.77351E-1 3.8201E-1 -9999 -9999 -9999 -9999 -9999 -9999 -9999 -9999 -9999 -9999 -9999 -9999 -9999 -9999 -9999 -9999
7.94707E-3 7.34E-3 7.99404E-3 4.89254E-3 4.50406E-3 -9999 6.83597E-3 6.77079E-3 1.03442E-2 -9999 -9999 1.63002E-3 1.26131E-2 -9999 1.31143E-2 5.50207E-3 3.41538E-3 -9999 -9999 -9999 -9999 -9999 -9999 -9999 -9999 3.43576E-2 -9999 -9999 -9999 -9999 -9999 -9999 -9999 2.07546E-2 -9999 -9999 -9999 -9999 -9999 1.83163E-1 1.8315E-1 2.14068E-1 4.34444E-1 4.67593E-1 -9999 -9999 -9999 -9999 -9999 -9999 -9999 -9999 -9999 -9999 -9999 -9999 -9999 -9999 -9999
5.86632E-3 6.37208E-3 6.45773E-3 -9999 9.20692E-3 3.92475E-3 3.51261E-3 4.93228E-3 8.59678E-3 8.14199E-3 -9999 5.39196E-3 -9999 -9999 -9999 -9999 -9999 1.57369E-2 -9999 -9999 -9999 -9999 -9999 -9999 -9999 9.59087E-2 -9999 -9999 -9999 -9999 -9999 -9999 1.98747E-2 1.85552E-2 -9999 -9999 -9999 -9999 -9999 1.72528E-1 1.13732E-1 1.78526E-1 3.61149E-1 5.6199E-1 4.53309E-1 -9999 -9999 -9999 -9999 -9999 -9999 -9999 -9999 -9999 -9999 -9999 -9999 -9999 -9999
5.89856E-3 7.79831E-3 7.59478E-3 -9999 -9999 1.0562E-2 -9999 2.32565E-3 1.41524E-2 1.19083E-2 3.66928E-3 -9999 1.44521E-2 -9999 -9999 -9999 -9999 -9999 -9999 -9999 -9999 -9999 3.5288E-2 -9999 -9999 -9999 -9999 -9999 5.17E-2 1.10309E-1 6.06848E-2 5.61023E-2 3.54707E-2 2.33356E-2 2.44409E-2 3.73471E-2 5.42913E-2 5.27517E-2 2.22702E-1 8.71772E-2 1.46433E-1 2.37147E-1 4.35122E-1 5.51972E-1 3.23202E-1 8.34802E-2 7.14867E-2 1.0001E-2 -9999 -9999 -9999 -9999 -9999 -9999 -9999 -9999 -9999 -9999 -9999
-9999 8.1589E-3 6.48053E-3 -9999 -9999 -9999 -9999 -9999 1.16812E-2 1.83523E-2 -9999 -9999 4.32233E-2 -9999 -9999 -9999 -9999 -9999 -9999 -9999 -9999 -9999 -9999 -9999 -9999 -9999 -9999 -9999 2.78965E-1 2.51231E-1 1.93954E-1 1.94189E-1 1.15088E-1 5.05403E-2 4.4207E-2 7.17744E-2 1.20265E-1 1.09958E-1 1.16933E-1 1.0724E-1 1.50649E-1 1.59543E-1 2.02556E-1 1.69424E-1 -9999 3.20572E-2 -9999 -9999 1.53175E-2 4.66927E-3 -9999 -9999 -9999 -9999 -9999 -9999 -9999 -9999 -9999
-9999 5.03311E-3 2.7958E-3 1.26083E-2 -9999 -9999 -9999 -9999 -9999 -9999 3.02415E-2 7.36458E-2 -9999 -9999 -9999 -9999 -9999 -9999 -9999 3.71395E-1 4.20114E-1 -9999 -9999 -9999 -9999 -9999 -9999 2.34842E-1 2.72756E-1 3.01839E-1 2.79452E-1 1.91233E-1 1.60766E-1 3.03352E-1 2.61905E-1 2.59964E-1 2.49909E-1 2.18295E-1 2.10248E-1 2.03578E-1 2.02074E-1 1.2211E-1 1.00092E-1 6.28467E-2 -9999 -9999 -9999 -9999 -9999 3.14446E-3 -9999 -9999 1.72651E-2 -9999 -9999 6.80287E-3 -9999 -9999 -9999
3.05221E-3 2.01798E-2 1.55382E-2 9.80029E-3 -9999 2.29392E-2 1.5027E-2 -9999 4.39994E-2 -9999 -9999 8.46062E-2 6.05176E-2 1.17347E-1 -9999 -9999 3.47156E-1 3.67067E-1 -9999 4.35919E-1 4.77779E-1 4.75785E-1 -9999 -9999 -9999 -9999 -9999 3.19365E-1 4.38132E-1 4.34225E-1 3.91704E-1 4.14845E-1 4.44631E-1 4.88214E-1 5.44967E-1 5.36557E-1 5.45387E-1 5.35705E-1 2.64012E-1 2.05697E-1 1.62882E-1 1.07958E-1 7.33977E-2 6.029E-2 1.88244E-2 -9999 4.40992E-3 -9999 1.16269E-2 7.62584E-3 -9999 -9999 -9999 -9999 2.11112E-1 1.28383E-2 1.83446E-3 -9999 -9999
1.56349E-2 5.75324E-3 7.70613E-3 2.47676E-2 4.21097E-2 -9999 9.99523E-3 -9999 -9999 -9999 -9999 3.95866E-2 -9999 1.78462E-1 2.34883E-1 2.41965E-1 1.84879E-1 3.64217E-1 3.95517E-1 4.4142E-1 4.83967E-1 5.03278E-1 5.24301E-1 5.31068E-1 -9999 2.69513E-1 4.16727E-1 5.71222E-1 5.81494E-1 6.09197E-1 5.76938E-1 5.20569E-1 5.23352E-1 5.39947E-1 6.24952E-1 6.50028E-1 4.34058E-1 4.87137E-1 4.10755E-1 2.9004E-1 1.9503E-1 9.62962E-2 1.20575E-1 7.13118E-2 3.57208E-2 -9999 2.7366E-2 -9999 -9999 -9999 1.84488E-2 -9999 -9999 1.72131E-1 7.72299E-2 1.25463E-2 4.40406E-3 -9999 5.05922E-3
2.28603E-2 1.17675E-2 -9999 4.30178E-2 6.77996E-2 7.89484E-2 9.79357E-2 1.40662E-1 5.04415E-2 4.21535E-2 -9999 -9999 2.20255E-1 2.1287E-1 1.97212E-1 3.23333E-1 3.01508E-1 3.43784E-1 4.01235E-1 4.26846E-1 4.48623E-1 4.53441E-1 4.47131E-1 4.1189E-1 4.2057E-1 4.62775E-1 4.351E-1 5.34895E-1 5.90269E-1 6.31693E-1 6.1005E-1 5.8928E-1 5.79149E-1 6.09793E-1 6.28715E-1 5.0921E-1 4.96791E-1 3.55901E-1 3.84349E-1 2.68398E-1 2.55424E-1 1.47064E-1 1.57516E-1 1.25459E-1 8.69313E-2 8.28245E-2 5.41731E-2 2.20986E-2 5.20009E-2 2.49462E-2 4.2305E-2 -9999 -9999 9.57078E-2 2.56328E-2 -9999 1.51952E-2 -9999 -9999
2.67939E-2 4.51568E-2 8.63277E-2 1.21007E-1 1.66828E-1 2.29797E-1 1.90064E-1 2.43786E-1 2.39805E-1 2.10258E-1 2.97627E-1 1.7832E-1 2.24876E-1 2.33258E-1 2.87322E-1 3.49058E-1 3.59125E-1 3.83696E-1 3.77245E-1 3.33463E-1 3.74853E-1 3.06544E-1 3.46191E-1 4.17598E-1 3.99543E-1 4.52831E-1 4.72237E-1 5.2203E-1 6.14606E-1 6.35068E-1 6.40523E-1 6.04118E-1 6.18593E-1 6.2469E-1 6.07486E-1 4.44473E-1 3.86021E-1 3.97515E-1 4.44137E-1 3.71556E-1 1.01161E-1 2.76205E-1 1.0489E-1 1.1454E-1 1.40641E-1 -9999 4.73474E-2 -9999 -9999 1.08309E-1 -9999 -9999 -9999 3.35463E-2 4.29977E-2 -9999 -9999 -9999 1.53195E-2
2.43569E-2 1.4322E-2 5.62889E-2 1.26543E-1 2.14367E-1 1.99315E-1 2.52618E-1 2.57393E-1 2.87045E-1 3.21949E-1 2.32318E-1 3.51395E-1 3.04654E-1 3.3678E-1 3.40272E-1 3.63318E-1 3.27251E-1 2.79835E-1 3.28078E-1 2.61476E-1 3.42085E-1 3.06514E-1 4.20754E-1 4.0154E-1 5.08495E-1 5.21501E-1 5.01434E-1 5.35859E-1 5.05766E-1 5.1507E-1 6.27858E-1 5.95491E-1 6.12413E-1 6.6818E-1 6.27117E-1 5.20257E-1 2.72024E-1 3.53306E-1 2.23913E-1 4.3501E-1 4.05615E-1 2.15497E-1 -9999 3.14857E-1 2.49045E-1 2.0748E-1 -9999 1.44441E-1 2.4184E-1 1.50858E-1 2.42111E-1 2.15907E-1 1.73624E-1 6.76095E-2 1.20306E-1 1.09029E-1 1.30185E-1 2.03873E-1 3.53975E-1
3.92487E-2 8.45663E-2 1.67329E-1 1.28156E-1 1.75119E-1 2.46795E-1 2.61898E-1 2.77652E-1 2.75687E-1 3.55146E-1 2.53335E-1 3.07072E-1 3.57199E-1 3.4366E-1 3.1787E-1 2.66586E-1 3.21556E-1 2.43445E-1 2.46679E-1 2.62538E-1 3.21333E-1 2.55736E-1 2.80996E-1 3.3576E-1 3.3095E-1 5.00138E-1 5.40887E-1 5.53189E-1 4.26567E-1 4.49024E-1 5.84504E-1 5.46957E-1 5.54908E-1 5.73989E-1 5.91274E-1 4.5913E-1 4.11977E-1 3.29151E-1 4.9544E-1 4.5504E-1 4.62336E-1 -9999 2.22317E-1 -9999 -9999 3.50917E-1 3.34245E-1 2.27721E-1 2.99297E-1 1.0836E-1 3.17954E-1 3.21357E-1 2.49975E-1 2.03117E-1 2.29808E-1 2.41738E-1 2.65318E-1 3.76324E-1 2.63668E-1
1.98401E-1 1.345E-1 1.91233E-1 1.10684E-1 2.86076E-1 2.55231E-1 2.80591E-1 2.77256E-1 2.69756E-1 2.05771E-1 3.06576E-1 2.60973E-1 2.10433E-1 2.26932E-1 2.84621E-1 2.41995E-1 2.47854E-1 2.91928E-1 2.37614E-1 3.25094E-1 1.61292E-1 2.99899E-1 2.84018E-1 3.09482E-1 3.31827E-1 4.32912E-1 5.21977E-1 3.54699E-1 5.25261E-1 4.45897E-1 4.87859E-1 5.18641E-1 4.96766E-1 4.96586E-1 5.07823E-1 3.9324E-1 5.16132E-1 4.67762E-1 5.35965E-1 3.22267E-1 5.06166E-1 4.68082E-1 5.48858E-1 5.49902E-1 5.6941E-1 5.00701E-1 4.39187E-1 4.85035E-1 4.62359E-1 4.14928E-1 3.03109E-1 3.77752E-1 3.76996E-1 3.12046E-1 2.43542E-1 3.25997E-1 3.142E-1 2.88165E-1 2.28427E-1
3.1584E-1 2.88422E-1 3.52609E-1 3.12545E-1 2.99146E-1 2.67893E-1 2.98952E-1 2.17236E-1 3.28285E-1 2.82158E-1 2.93265E-1 1.82874E-1 2.12999E-1 2.76203E-1 2.62201E-1 2.69696E-1 2.17333E-1 2.50399E-1 3.4764E-1 3.10556E-1 2.67729E-1 3.7785E-1 4.10273E-1 4.41028E-1 4.73763E-1 4.48514E-1 3.88689E-1 4.61178E-1 4.21122E-1 3.10416E-1 6.58203E-1 6.32197E-1 5.31369E-1 5.6878E-1 4.62184E-1 6.34116E-1 4.7052E-1 5.19994E-1 5.48066E-1 4.65008E-1 5.86185E-1 5.8782E-1 6.41797E-1 6.73589E-1 5.94684E-1 6.50186E-1 6.75165E-1 6.20842E-1 6.74145E-1 5.61803E-1 4.2429E-1 4.43656E-1 4.61716E-1 3.43667E-1 3.65419E-1 3.77316E-1 3.65486E-1 2.73577E-1 2.4566E-1
