data/Modelo 4/SPZn_max.asc
ncols         78
nrows         61
xllcorner     -149.5
yllcorner     -28.5
cellsize      1.0
NODATA_value  -9999
[rows 26 to 51 of 61, columns 0 to 58 of 78]
5.93037E-1 6.05171E-1 6.04794E-1 5.45645E-1 5.04589E-1 5.63693E-1 4.79372E-1 3.92978E-1 4.79151E-1 5.28697E-1 5.18244E-1 4.52653E-1 4.56463E-1 4.07387E-1 3.94498E-1 3.9684E-1 5.11067E-1 4.62725E-1 5.11887E-1 4.27042E-1 5.38303E-1 3.54304E-1 4.5493E-1 5.15835E-1 5.70019E-1 5.62302E-1 4.41297E-1 5.78107E-1 5.6193E-1 5.57815E-1 6.59115E-1 7.04124E-1 6.57745E-1 6.09278E-1 6.07324E-1 5.85776E-1 5.80573E-1 5.20592E-1 7.43299E-1 8.15835E-1 8.28466E-1 8.81537E-1 8.21078E-1 9.08269E-1 7.91625E-1 8.55545E-1 7.90746E-1 7.55282E-1 7.45556E-1 7.50472E-1 6.32603E-1 6.05317E-1 4.42226E-1 7.39976E-1 6.43643E-1 6.24155E-1 4.02487E-1 3.27989E-1 3.11673E-1
6.33917E-1 6.00161E-1 5.43508E-1 5.57913E-1 5.67395E-1 5.57652E-1 5.63625E-1 5.55786E-1 5.16854E-1 4.67618E-1 6.06254E-1 5.28377E-1 4.66353E-1 5.05057E-1 4.86803E-1 4.22926E-1 4.70009E-1 5.55704E-1 5.66728E-1 5.28082E-1 6.07148E-1 5.16964E-1 4.59655E-1 5.6214E-1 5.96009E-1 5.3901E-1 5.02636E-1 5.16194E-1 5.91203E-1 4.74499E-1 5.73154E-1 6.39042E-1 6.03228E-1 6.7556E-1 6.7721E-1 6.88072E-1 6.23762E-1 5.71829E-1 6.89151E-1 7.56709E-1 7.84569E-1 7.65587E-1 7.51886E-1 8.47576E-1 8.4873E-1 8.72573E-1 9.11755E-1 9.41304E-1 9.20658E-1 9.51611E-1 9.67405E-1 9.4257E-1 9.03463E-1 8.53244E-1 7.85743E-1 7.54125E-1 7.40096E-1 6.56872E-1 6.54485E-1
6.2966E-1 5.43563E-1 5.15261E-1 5.36158E-1 5.64023E-1 4.91531E-1 4.69651E-1 5.95183E-1 5.90105E-1 4.78515E-1 5.75325E-1 5.03973E-1 4.81651E-1 4.403E-1 4.83456E-1 4.55516E-1 4.28351E-1 5.45322E-1 5.30952E-1 4.62381E-1 4.63006E-1 4.80912E-1 4.95205E-1 5.08111E-1 4.67975E-1 5.11498E-1 4.66763E-1 5.65523E-1 4.73583E-1 4.49344E-1 5.19822E-1 5.55E-1 5.16406E-1 6.83912E-1 6.24438E-1 6.97954E-1 6.78367E-1 7.1759E-1 6.72375E-1 7.16607E-1 7.63705E-1 7.65041E-1 8.06004E-1 8.2786E-1 8.4357E-1 8.72254E-1 8.80266E-1 8.9666E-1 9.28133E-1 9.51245E-1 9.71016E-1 9.75002E-1 9.6768E-1 9.49184E-1 9.31501E-1 9.67508E-1 9.67199E-1 9.64834E-1 9.5971E-1
6.15658E-1 5.01254E-1 5.4305E-1 4.92778E-1 4.9346E-1 4.84047E-1 5.16156E-1 4.93808E-1 4.79051E-1 5.01953E-1 5.81378E-1 5.76973E-1 5.7511E-1 5.10061E-1 5.75247E-1 5.60857E-1 3.99824E-1 5.37354E-1 5.25627E-1 4.17531E-1 4.26108E-1 4.53766E-1 4.13466E-1 4.63727E-1 3.66922E-1 4.50129E-1 3.39731E-1 4.18909E-1 4.22273E-1 4.49322E-1 4.69202E-1 4.7888E-1 5.56651E-1 5.53895E-1 5.775E-1 5.94473E-1 5.6543E-1 5.30359E-1 6.21451E-1 6.54732E-1 7.16363E-1 6.63118E-1 7.51857E-1 7.60858E-1 7.96732E-1 8.22261E-1 7.45624E-1 8.80501E-1 8.30729E-1 9.34738E-1 9.18109E-1 9.16306E-1 9.22503E-1 9.08393E-1 9.03545E-1 9.65065E-1 9.70139E-1 9.71718E-1 9.78478E-1
5.80436E-1 4.59546E-1 5.31811E-1 4.43793E-1 4.15341E-1 4.50159E-1 4.43549E-1 3.76036E-1 3.74303E-1 4.00595E-1 4.30611E-1 5.76704E-1 5.77477E-1 5.32521E-1 5.80064E-1 5.85357E-1 4.43634E-1 5.52182E-1 3.91716E-1 4.22125E-1 4.637E-1 4.60944E-1 5.39128E-1 5.81264E-1 5.38713E-1 5.74245E-1 5.96904E-1 4.5785E-1 4.72555E-1 4.91942E-1 5.98237E-1 6.04207E-1 5.55035E-1 6.30999E-1 6.64775E-1 5.56739E-1 5.85706E-1 6.25435E-1 6.30214E-1 6.21165E-1 5.57547E-1 4.94479E-1 5.9654E-1 7.10754E-1 7.2339E-1 6.41086E-1 7.04047E-1 7.94185E-1 7.47121E-1 7.35487E-1 7.77123E-1 7.4123E-1 7.89192E-1 8.37338E-1 8.12248E-1 8.50992E-1 8.50896E-1 9.05037E-1 9.33495E-1
5.76613E-1 6.05794E-1 5.78894E-1 3.38839E-1 2.68241E-1 4.05326E-1 5.34718E-1 3.78382E-1 5.07573E-1 4.74849E-1 4.37571E-1 2.37159E-1 3.58797E-1 4.19982E-1 5.64958E-1 3.53068E-1 3.59212E-1 5.13295E-1 -9999 3.60983E-1 4.68694E-1 4.1573E-1 3.78683E-1 5.58114E-1 3.46899E-1 4.3344E-1 5.81399E-1 5.69968E-1 3.37434E-1 4.19874E-1 5.78079E-1 5.82972E-1 5.66109E-1 5.92137E-1 5.981E-1 5.91998E-1 4.65585E-1 5.90235E-1 5.97573E-1 5.5631E-1 4.16704E-1 5.94952E-1 6.16183E-1 6.2872E-1 6.13616E-1 5.5121E-1 5.5262E-1 6.76158E-1 5.30671E-1 5.59939E-1 5.01428E-1 6.11825E-1 5.62803E-1 5.15046E-1 5.16552E-1 6.11316E-1 6.82242E-1 7.16915E-1 5.16949E-1
3.89228E-1 3.58452E-1 2.38538E-1 8.70553E-2 4.46924E-1 4.7752E-1 -9999 -9999 4.42009E-1 3.69926E-1 3.02032E-1 2.95586E-1 3.0357E-1 3.50448E-1 4.29359E-1 4.53748E-1 3.26852E-1 4.61345E-1 3.21515E-1 4.02274E-1 1.4882E-1 2.35005E-1 3.36843E-1 3.20192E-1 2.79198E-1 4.47792E-1 3.02131E-1 4.32015E-1 3.67095E-1 4.08187E-1 4.10483E-1 4.15064E-1 4.15983E-1 4.21629E-1 4.20656E-1 4.05888E-1 3.99382E-1 4.02148E-1 4.02245E-1 3.44206E-1 3.69254E-1 3.73193E-1 3.87422E-1 3.99274E-1 4.20124E-1 4.27266E-1 4.42409E-1 4.9573E-1 4.85236E-1 4.8853E-1 4.93859E-1 4.98219E-1 5.00307E-1 4.49555E-1 5.07692E-1 6.02086E-1 4.49468E-1 5.12042E-1 1.9988E-1
3.68274E-1 4.32433E-1 4.17114E-1 4.1183E-1 2.99718E-1 3.8556E-1 4.92617E-1 4.26299E-1 3.11448E-1 3.0789E-1 3.62257E-1 7.72083E-2 2.87695E-1 3.57839E-1 4.49558E-1 3.40636E-1 4.28712E-1 4.18302E-1 3.64961E-1 2.34908E-1 -9999 1.92457E-1 2.76982E-1 4.13102E-1 -9999 1.57837E-1 3.37754E-1 1.79102E-1 2.12825E-1 2.7111E-1 3.05915E-1 3.08956E-1 3.13491E-1 3.16118E-1 3.14639E-1 2.22726E-1 2.75313E-1 2.7317E-1 2.90887E-1 2.64999E-1 2.60805E-1 2.2652E-1 2.56188E-1 2.83491E-1 2.78409E-1 2.18836E-1 3.15219E-1 2.95924E-1 3.14367E-1 3.03261E-1 2.76075E-1 2.76305E-1 3.002E-1 3.02017E-1 3.09052E-1 3.55969E-1 3.59563E-1 4.54897E-1 5.1873E-1
6.72265E-1 6.78784E-1 6.79716E-1 6.78733E-1 6.57244E-1 6.81672E-1 5.92652E-1 6.83062E-1 6.81428E-1 6.85715E-1 6.89563E-1 6.91572E-1 6.82075E-1 6.60748E-1 5.55416E-1 6.44757E-1 6.48309E-1 6.4647E-1 6.3505E-1 6.00918E-1 3.04226E-1 4.14942E-1 -9999 2.40114E-1 3.32559E-1 3.91833E-1 3.86094E-1 3.64688E-1 2.93203E-1 4.19003E-1 5.41105E-1 5.19392E-1 4.2336E-1 4.30718E-1 5.18331E-1 5.45911E-1 5.18766E-1 5.0049E-1 4.77219E-1 4.2911E-1 4.05929E-1 3.85735E-1 3.76169E-1 3.83274E-1 3.96623E-1 4.0675E-1 4.01393E-1 3.94721E-1 3.99353E-1 3.96846E-1 3.54289E-1 3.55405E-1 3.66257E-1 3.35624E-1 3.12114E-1 3.02442E-1 2.46722E-1 2.95864E-1 3.15484E-1
6.87049E-1 6.71008E-1 6.51882E-1 6.31311E-1 6.13336E-1 6.28248E-1 6.34446E-1 6.40157E-1 5.8649E-1 5.55036E-1 5.6835E-1 5.78043E-1 5.23818E-1 6.8819E-1 6.90727E-1 6.94188E-1 6.99854E-1 6.67086E-1 6.18529E-1 7.26906E-1 4.87758E-1 3.21424E-1 5.01592E-1 6.93943E-1 2.97675E-1 4.36258E-1 4.82494E-1 6.04657E-1 7.33146E-1 7.2582E-1 6.9157E-1 6.32057E-1 6.5716E-1 5.91961E-1 6.62364E-1 6.63643E-1 6.46632E-1 6.36207E-1 6.21557E-1 6.0172E-1 5.95041E-1 5.90431E-1 5.9136E-1 6.05509E-1 6.18563E-1 6.20031E-1 6.1648E-1 6.14832E-1 6.19228E-1 6.27954E-1 6.25704E-1 6.07934E-1 4.55469E-1 4.47816E-1 3.62596E-1 3.20468E-1 2.59052E-1 2.22349E-1 2.99919E-1
7.20411E-1 6.69585E-1 6.18563E-1 6.56212E-1 5.49184E-1 5.10886E-1 5.10378E-1 5.67385E-1 4.59956E-1 4.14918E-1 4.46211E-1 5.0272E-1 5.69943E-1 4.44167E-1 4.68735E-1 5.04279E-1 5.13823E-1 5.2842E-1 6.0607E-1 6.53071E-1 6.19199E-1 -9999 2.82545E-1 4.737E-1 5.85898E-1 4.82652E-1 4.6893E-1 5.2072E-1 6.17311E-1 7.374E-1 6.92984E-1 6.4326E-1 6.73966E-1 5.76488E-1 5.41844E-1 6.38626E-1 7.25608E-1 7.08151E-1 6.99682E-1 6.94488E-1 6.89372E-1 6.76403E-1 6.65524E-1 6.75757E-1 6.86063E-1 6.74154E-1 6.71407E-1 6.78552E-1 6.75649E-1 6.54168E-1 6.48309E-1 6.42418E-1 6.32247E-1 4.67779E-1 4.56855E-1 3.09496E-1 4.62043E-1 4.27545E-1 5.02651E-1
6.94431E-1 6.67325E-1 6.44514E-1 6.35695E-1 6.38977E-1 6.27693E-1 6.1642E-1 4.77204E-1 3.9164E-1 3.99761E-1 4.91358E-1 5.36657E-1 5.45278E-1 5.4818E-1 4.79423E-1 5.15163E-1 5.55714E-1 6.18189E-1 5.46127E-1 4.76653E-1 4.56E-1 -9999 -9999 4.67555E-1 4.65619E-1 -9999 5.25327E-1 5.21016E-1 4.84208E-1 4.59888E-1 5.24269E-1 4.93876E-1 6.65358E-1 5.60509E-1 5.03122E-1 6.6081E-1 7.6419E-1 6.48871E-1 6.92559E-1 7.56395E-1 7.92355E-1 7.95655E-1 7.87406E-1 7.89597E-1 8.02743E-1 7.97158E-1 7.81985E-1 7.71352E-1 7.68864E-1 7.41336E-1 7.08293E-1 6.9983E-1 7.10966E-1 6.52E-1 5.98572E-1 5.99227E-1 6.69378E-1 6.97011E-1 6.76369E-1
5.92972E-1 5.83676E-1 5.69332E-1 5.57371E-1 5.47218E-1 5.36635E-1 3.37479E-1 -9999 -9999 -9999 3.71293E-1 5.01893E-1 4.99388E-1 4.47175E-1 4.85075E-1 5.1319E-1 4.77321E-1 4.5497E-1 4.81338E-1 5.83615E-1 5.59697E-1 6.21297E-1 6.30546E-1 4.88602E-1 5.65471E-1 5.5055E-1 5.16083E-1 4.73213E-1 5.25243E-1 5.323E-1 5.10753E-1 5.71689E-1 5.64405E-1 4.8433E-1 5.93227E-1 5.71561E-1 5.85487E-1 6.29523E-1 5.821E-1 6.30565E-1 6.9018E-1 7.62951E-1 7.68252E-1 7.75805E-1 7.84613E-1 7.96063E-1 8.09241E-1 8.23585E-1 8.39913E-1 8.48783E-1 8.53723E-1 8.56943E-1 8.59956E-1 8.58332E-1 8.55122E-1 6.25146E-1 7.42655E-1 8.3566E-1 8.23447E-1
5.39256E-1 4.9659E-1 5.06777E-1 4.74671E-1 4.29706E-1 4.05816E-1 -9999 -9999 -9999 -9999 1.04673E-1 3.72907E-1 4.06438E-1 4.00762E-1 4.19383E-1 4.04487E-1 4.27785E-1 4.21226E-1 4.43124E-1 4.84036E-1 4.41253E-1 4.50459E-1 4.8708E-1 4.29098E-1 4.98677E-1 4.71587E-1 4.20503E-1 4.95022E-1 5.08149E-1 5.37977E-1 5.94114E-1 6.22142E-1 5.74651E-1 6.04136E-1 5.68417E-1 5.85374E-1 6.1797E-1 5.97385E-1 6.35214E-1 6.63391E-1 6.92653E-1 7.08723E-1 6.79153E-1 7.52615E-1 6.52768E-1 7.98733E-1 8.06203E-1 6.45802E-1 8.27689E-1 8.28489E-1 8.32063E-1 8.3397E-1 8.3117E-1 8.25973E-1 7.56991E-1 6.35661E-1 7.661E-1 7.89637E-1 7.64941E-1
3.91081E-1 5.22666E-1 5.09604E-1 4.91628E-1 4.452E-1 -9999 3.59794E-1 4.60134E-1 3.89352E-1 2.99059E-1 6.87057E-2 -9999 3.49744E-1 3.58084E-1 3.47392E-1 3.41671E-1 3.44313E-1 3.53922E-1 3.34277E-1 3.56223E-1 3.7306E-1 3.43702E-1 3.59734E-1 3.70485E-1 3.40447E-1 3.89442E-1 3.62958E-1 3.98862E-1 4.30145E-1 4.6834E-1 4.69679E-1 4.75367E-1 5.03249E-1 5.38011E-1 5.19726E-1 5.00952E-1 4.24228E-1 4.56696E-1 4.87866E-1 6.34676E-1 5.7495E-1 7.24337E-1 5.47964E-1 5.90768E-1 6.36329E-1 6.02917E-1 6.72838E-1 6.90409E-1 6.97337E-1 6.84227E-1 7.01883E-1 8.22006E-1 8.22494E-1 8.22934E-1 8.2048E-1 6.91987E-1 6.72683E-1 7.93935E-1 7.15147E-1
1.73574E-1 2.29887E-1 3.03277E-1 3.85819E-1 4.38501E-1 1.94435E-1 -9999 4.45604E-1 6.56593E-1 4.34394E-1 -9999 -9999 -9999 3.20457E-1 3.09127E-1 2.7981E-1 2.93541E-1 2.97268E-1 2.91163E-1 2.94856E-1 2.9825E-1 3.19517E-1 2.66478E-1 3.2142E-1 3.23921E-1 2.97207E-1 3.17453E-1 3.11891E-1 3.17029E-1 3.52905E-1 3.56591E-1 3.60752E-1 3.34668E-1 3.3728E-1 3.5647E-1 4.2827E-1 3.97625E-1 3.64242E-1 4.03224E-1 3.96171E-1 4.6243E-1 4.85174E-1 5.85479E-1 4.32909E-1 3.07969E-1 2.37814E-1 4.85223E-1 6.54626E-1 6.72052E-1 6.82652E-1 6.43005E-1 6.10018E-1 6.25075E-1 7.71555E-1 7.61726E-1 7.64649E-1 8.00681E-1 7.61084E-1 7.82081E-1
3.28511E-2 4.36735E-2 7.59005E-2 1.21782E-1 1.96805E-1 1.95399E-1 2.93348E-1 3.83613E-1 6.2008E-1 5.52568E-1 3.98596E-1 1.97225E-1 -9999 2.63952E-1 2.74477E-1 2.703E-1 2.62767E-1 2.58504E-1 2.10708E-1 2.33341E-1 2.6632E-1 2.63873E-1 2.19323E-1 2.36451E-1 2.56791E-1 2.58285E-1 2.42997E-1 2.475E-1 2.96333E-1 2.86921E-1 2.90269E-1 2.82951E-1 2.56749E-1 2.64029E-1 2.81757E-1 3.13991E-1 3.17072E-1 3.09655E-1 3.06582E-1 3.10352E-1 3.54911E-1 2.9864E-1 3.7953E-1 3.3022E-1 3.28734E-1 5.31861E-1 4.91273E-1 5.26334E-1 4.22064E-1 6.02433E-1 5.29794E-1 6.17736E-1 6.40833E-1 5.58687E-1 5.65909E-1 6.3335E-1 7.11542E-1 6.98051E-1 7.80684E-1
1.08537E-2 1.18638E-2 2.24246E-2 3.38447E-2 5.77235E-2 8.90398E-2 1.37054E-1 3.13196E-1 3.15881E-1 4.29919E-1 3.05033E-1 1.64004E-1 -9999 -9999 2.22725E-1 2.25581E-1 2.23535E-1 2.17774E-1 2.19738E-1 2.17116E-1 2.38867E-1 2.41842E-1 2.02708E-1 2.32174E-1 2.31338E-1 2.34699E-1 2.48111E-1 2.39669E-1 2.57938E-1 2.5417E-1 2.51721E-1 2.4071E-1 2.29924E-1 2.22553E-1 2.61142E-1 2.42994E-1 2.78523E-1 2.64329E-1 2.6122E-1 2.83094E-1 3.12431E-1 3.72301E-1 3.58596E-1 3.6866E-1 3.14101E-1 4.17489E-1 3.76273E-1 3.47212E-1 4.30297E-1 4.39872E-1 5.96369E-1 4.74827E-1 4.73551E-1 5.36969E-1 4.83345E-1 6.78445E-1 4.33933E-1 5.77299E-1 7.30292E-1
5.44668E-3 8.41641E-3 1.15688E-2 9.36804E-3 2.36849E-2 3.73828E-2 4.66624E-2 9.55652E-2 1.29001E-1 1.43643E-1 1.36945E-1 3.94124E-2 -9999 9.53539E-2 1.06556E-1 1.19926E-1 1.35653E-1 1.57034E-1 1.83224E-1 2.02517E-1 2.12384E-1 2.20439E-1 2.2321E-1 2.33249E-1 2.19454E-1 2.25256E-1 2.316E-1 2.11896E-1 2.13055E-1 2.32951E-1 2.15585E-1 2.37113E-1 2.24238E-1 2.38146E-1 2.33851E-1 2.21863E-1 2.37355E-1 2.44224E-1 2.39735E-1 2.42878E-1 2.72522E-1 3.17017E-1 2.60691E-1 2.91997E-1 3.40191E-1 3.49747E-1 2.83628E-1 2.79794E-1 3.64836E-1 3.23688E-1 3.14596E-1 3.94959E-1 4.45322E-1 4.19524E-1 5.23585E-1 5.37091E-1 5.73938E-1 5.76078E-1 4.96453E-1
3.55918E-3 4.43133E-3 6.83894E-3 8.34893E-3 1.30892E-2 1.55951E-2 2.5535E-2 3.13936E-2 3.3915E-2 3.33025E-2 2.36806E-2 2.29078E-2 2.39599E-2 3.9672E-2 4.19772E-2 4.55789E-2 4.87103E-2 6.19796E-2 8.85413E-2 1.19127E-1 1.3977E-1 1.66089E-1 1.80845E-1 1.7495E-1 1.8519E-1 1.93964E-1 2.17339E-1 1.78581E-1 1.66785E-1 1.81668E-1 1.85853E-1 2.05148E-1 1.96653E-1 2.06082E-1 1.96606E-1 2.11156E-1 1.99887E-1 2.08085E-1 1.97627E-1 1.97975E-1 2.19924E-1 2.38962E-1 2.20737E-1 2.31766E-1 2.4531E-1 2.54056E-1 2.29691E-1 3.20618E-1 3.29234E-1 3.53509E-1 3.79568E-1 4.40881E-1 4.41747E-1 4.58545E-1 4.32488E-1 4.68774E-1 5.01821E-1 5.06661E-1 4.73742E-1
3.68271E-3 4.11159E-3 5.18396E-3 7.41035E-3 8.47861E-3 1.00168E-2 1.16093E-2 1.33665E-2 1.36101E-2 1.81707E-2 1.76609E-2 -9999 5.17857E-3 1.7776E-2 1.7494E-2 1.78863E-2 1.95745E-2 2.39524E-2 3.31253E-2 4.52662E-2 5.74804E-2 7.18804E-2 8.31039E-2 9.29072E-2 9.7692E-2 9.57401E-2 1.0302E-1 8.34796E-2 7.05217E-2 7.70617E-2 8.31687E-2 9.79323E-2 9.05367E-2 1.20193E-1 1.50013E-1 1.7224E-1 1.7389E-1 1.79191E-1 1.61317E-1 1.41195E-1 1.77409E-1 1.85306E-1 1.81533E-1 1.72736E-1 2.01673E-1 2.48453E-1 2.68657E-1 2.63263E-1 2.77184E-1 2.98138E-1 3.13575E-1 3.135E-1 3.04909E-1 3.00865E-1 3.16943E-1 3.42318E-1 4.01363E-1 4.71528E-1 4.99596E-1
6.82147E-3 6.77182E-3 8.36156E-3 7.65337E-3 8.71387E-3 6.8926E-3 6.61131E-3 6.4925E-3 7.18691E-3 8.48306E-3 9.29971E-3 -9999 -9999 8.51238E-3 8.76804E-3 8.82578E-3 8.96267E-3 1.0968E-2 1.36894E-2 2.00662E-2 2.41399E-2 3.00149E-2 3.36353E-2 3.5374E-2 3.57335E-2 3.44789E-2 3.4727E-2 3.21865E-2 3.11215E-2 3.06147E-2 3.09596E-2 3.52308E-2 3.74284E-2 4.45309E-2 6.05557E-2 7.33254E-2 9.81463E-2 1.22285E-1 1.398E-1 1.48312E-1 1.74838E-1 2.02278E-1 2.01234E-1 1.85276E-1 1.49102E-1 2.11642E-1 2.10863E-1 2.25298E-1 2.26337E-1 2.42895E-1 2.45775E-1 2.06551E-1 1.94689E-1 2.19258E-1 2.41438E-1 2.7533E-1 3.32832E-1 3.57241E-1 3.77348E-1
1.48894E-2 2.69084E-2 1.73592E-2 9.88298E-3 9.21746E-3 7.75064E-3 7.69144E-3 5.87736E-3 3.57138E-3 3.20968E-3 4.46406E-3 -9999 -9999 5.03941E-3 5.01118E-3 4.95312E-3 5.15226E-3 5.70779E-3 6.80766E-3 9.5094E-3 1.07161E-2 1.30233E-2 1.50255E-2 1.46834E-2 1.51696E-2 1.48781E-2 1.42656E-2 1.57617E-2 1.58516E-2 1.38584E-2 1.30384E-2 1.37329E-2 1.64202E-2 1.74611E-2 2.19007E-2 2.76982E-2 3.86288E-2 4.94278E-2 5.89489E-2 6.5977E-2 8.65607E-2 9.32872E-2 8.58122E-2 8.64562E-2 9.38444E-2 1.21318E-1 1.26915E-1 1.43378E-1 1.46775E-1 1.68473E-1 1.62325E-1 1.94835E-1 1.76356E-1 1.57757E-1 2.03459E-1 2.55984E-1 2.78901E-1 2.75736E-1 3.33192E-1
1.76366E-2 3.27344E-2 3.94907E-2 2.56978E-2 1.8897E-2 8.30502E-3 4.678E-3 4.93237E-3 3.30333E-3 3.4425E-3 3.23306E-3 3.56454E-3 2.2757E-3 -9999 -9999 3.4517E-3 3.59916E-3 3.86278E-3 4.61247E-3 5.2129E-3 5.63691E-3 6.75855E-3 7.44057E-3 7.77096E-3 7.7303E-3 7.60656E-3 7.86263E-3 8.03846E-3 7.591E-3 7.23487E-3 6.83214E-3 7.86531E-3 8.21458E-3 9.47227E-3 1.02694E-2 1.15616E-2 1.40975E-2 1.67494E-2 1.97361E-2 2.37869E-2 3.11434E-2 2.9408E-2 2.93721E-2 3.22801E-2 4.59681E-2 5.51314E-2 5.20672E-2 6.26E-2 6.37759E-2 6.90985E-2 7.47062E-2 9.06455E-2 8.81355E-2 1.0112E-1 1.27531E-1 1.83352E-1 1.83403E-1 2.10175E-1 2.04861E-1
9.4821E-3 1.49373E-2 3.24128E-2 1.93561E-2 1.05006E-2 -9999 5.76941E-3 3.31485E-3 2.46589E-3 -9999 -9999 -9999 3.14871E-3 2.13421E-3 -9999 1.99802E-3 2.9959E-3 3.14514E-3 3.35891E-3 3.54443E-3 3.85381E-3 4.16437E-3 4.34583E-3 4.74128E-3 4.86154E-3 4.53053E-3 4.88856E-3 5.11364E-3 4.83666E-3 5.02689E-3 4.99293E-3 5.52211E-3 5.80402E-3 5.58457E-3 6.17322E-3 6.72776E-3 7.57937E-3 8.77849E-3 9.89619E-3 1.23995E-2 1.39969E-2 1.40544E-2 1.46704E-2 1.44543E-2 1.95732E-2 2.45907E-2 2.7193E-2 2.98153E-2 2.74632E-2 3.04072E-2 3.56897E-2 4.77036E-2 5.1596E-2 5.49281E-2 7.81617E-2 8.70161E-2 8.59791E-2 1.11045E-1 1.04909E-1
5.82257E-3 8.42621E-3 1.0514E-2 1.30628E-2 8.70954E-3 7.28739E-3 -9999 4.38579E-3 2.39856E-3 2.44519E-3 -9999 -9999 -9999 1.93418E-3 2.10721E-3 -9999 2.7868E-3 2.69354E-3 2.89421E-3 2.99798E-3 3.13239E-3 3.2814E-3 3.36881E-3 3.74518E-3 3.68399E-3 3.65501E-3 3.86367E-3 3.97285E-3 4.04157E-3 4.1037E-3 4.06793E-3 4.33984E-3 4.50259E-3 4.70153E-3 4.84096E-3 5.15767E-3 4.71412E-3 5.84245E-3 6.45347E-3 7.40524E-3 8.16802E-3 8.51088E-3 9.17002E-3 1.06894E-2 1.18293E-2 1.2974E-2 1.54583E-2 1.47109E-2 1.85714E-2 2.03189E-2 2.08916E-2 2.75033E-2 2.56893E-2 2.73423E-2 3.76063E-2 3.65389E-2 3.51348E-2 3.85387E-2 4.52753E-2
