data/Modelo 4/SPZn_avg.asc
ncols         78
nrows         61
xllcorner     -149.5
yllcorner     -28.5
cellsize      1.0
NODATA_value  -9999
[rows 26 to 51 of 61, columns 0 to 58 of 78]
5.31311E-1 5.41866E-1 5.42146E-1 4.88736E-1 4.52493E-1 5.07597E-1 4.32092E-1 3.57531E-1 4.37305E-1 4.82641E-1 4.71398E-1 4.12731E-1 4.15517E-1 3.70481E-1 3.59044E-1 3.61302E-1 4.70087E-1 4.23394E-1 4.7516E-1 3.89711E-1 4.96297E-1 3.24715E-1 4.15769E-1 4.71363E-1 5.234E-1 5.14579E-1 4.04717E-1 5.31439E-1 5.197E-1 5.1893E-1 6.18823E-1 6.72145E-1 6.11745E-1 5.66403E-1 5.63812E-1 5.40632E-1 5.30762E-1 4.72658E-1 6.91712E-1 7.78566E-1 7.74736E-1 8.47238E-1 7.69181E-1 8.75163E-1 7.48043E-1 8.17261E-1 7.51441E-1 7.19464E-1 7.1338E-1 7.21973E-1 6.01572E-1 5.72178E-1 4.01607E-1 6.91372E-1 5.85782E-1 5.73787E-1 3.65623E-1 2.98597E-1 2.86258E-1
5.86536E-1 5.57429E-1 5.06816E-1 5.22189E-1 5.31892E-1 5.22608E-1 5.30029E-1 5.26509E-1 4.90122E-1 4.41066E-1 5.77261E-1 5.03303E-1 4.33236E-1 4.7034E-1 4.504E-1 3.84543E-1 4.31556E-1 5.23462E-1 5.35916E-1 4.90965E-1 5.77613E-1 4.7943E-1 4.22458E-1 5.26875E-1 5.66372E-1 5.0331E-1 4.6707E-1 4.80053E-1 5.61491E-1 4.39706E-1 5.43449E-1 6.09941E-1 5.74662E-1 6.43617E-1 6.43354E-1 6.61448E-1 5.89217E-1 5.38623E-1 6.47313E-1 7.29316E-1 7.38895E-1 7.19955E-1 7.04373E-1 7.99495E-1 8.00066E-1 8.28936E-1 8.73792E-1 9.09561E-1 8.86111E-1 9.27618E-1 9.48391E-1 9.18266E-1 8.7635E-1 8.22064E-1 7.50754E-1 7.18958E-1 7.00062E-1 6.08363E-1 6.04552E-1
5.93831E-1 5.16939E-1 4.92212E-1 5.14369E-1 5.41114E-1 4.64778E-1 4.40054E-1 5.76106E-1 5.69275E-1 4.50925E-1 5.50996E-1 4.80207E-1 4.57301E-1 4.10356E-1 4.54359E-1 4.26675E-1 3.96374E-1 5.26513E-1 5.07443E-1 4.34587E-1 4.35339E-1 4.51588E-1 4.66322E-1 4.79433E-1 4.37249E-1 4.8435E-1 4.37399E-1 5.43573E-1 4.44746E-1 4.15325E-1 4.95931E-1 5.34327E-1 4.82407E-1 6.53859E-1 6.01819E-1 6.75267E-1 6.54081E-1 6.90372E-1 6.4463E-1 6.85968E-1 7.36764E-1 7.33648E-1 7.6545E-1 7.89442E-1 8.09563E-1 8.52874E-1 8.50058E-1 8.67823E-1 9.01538E-1 9.28337E-1 9.54344E-1 9.58992E-1 9.49846E-1 9.28964E-1 9.08888E-1 9.48265E-1 9.527E-1 9.48194E-1 9.4425E-1
5.84119E-1 4.66781E-1 5.17325E-1 4.61803E-1 4.6286E-1 4.51838E-1 4.89814E-1 4.66708E-1 4.51721E-1 4.80677E-1 5.48406E-1 5.44559E-1 5.43632E-1 4.90593E-1 5.45943E-1 5.3496E-1 3.72711E-1 5.18889E-1 5.0256E-1 3.89608E-1 3.99621E-1 4.30759E-1 3.83654E-1 4.4385E-1 3.29582E-1 4.26125E-1 2.98349E-1 3.90593E-1 3.93478E-1 4.24396E-1 4.46292E-1 4.55761E-1 5.39956E-1 5.34967E-1 5.57826E-1 5.73813E-1 5.43342E-1 5.02341E-1 5.99542E-1 6.34135E-1 6.8125E-1 6.40566E-1 7.0567E-1 7.19041E-1 7.71275E-1 7.85843E-1 7.17868E-1 8.41405E-1 8.0316E-1 9.08985E-1 8.9383E-1 8.91823E-1 8.96476E-1 8.81798E-1 8.73978E-1 9.48102E-1 9.55816E-1 9.57905E-1 9.66459E-1
5.53281E-1 4.29485E-1 5.10566E-1 4.15605E-1 3.86245E-1 4.22838E-1 4.15955E-1 3.40055E-1 3.37647E-1 3.63723E-1 3.95966E-1 5.35407E-1 5.3607E-1 5.0524E-1 5.40097E-1 5.46793E-1 4.10982E-1 5.25172E-1 3.49662E-1 3.83457E-1 4.27323E-1 4.23367E-1 5.01907E-1 5.46163E-1 5.02612E-1 5.39411E-1 5.68522E-1 4.19655E-1 4.34936E-1 4.53973E-1 5.67167E-1 5.74395E-1 5.18939E-1 6.05861E-1 6.28571E-1 5.25061E-1 5.5421E-1 6.01618E-1 6.06709E-1 5.91422E-1 5.23259E-1 4.4609E-1 5.66799E-1 6.70923E-1 6.86556E-1 6.0955E-1 6.72835E-1 7.64316E-1 7.13761E-1 6.99269E-1 7.4183E-1 7.01804E-1 7.51378E-1 7.91678E-1 7.72721E-1 8.17394E-1 8.18301E-1 8.74324E-1 8.97936E-1
5.42098E-1 5.64557E-1 5.42232E-1 2.85928E-1 2.13181E-1 3.57678E-1 4.95412E-1 3.34728E-1 4.69012E-1 4.35591E-1 3.98979E-1 1.88512E-1 3.1946E-1 3.84229E-1 5.34724E-1 3.14106E-1 3.22138E-1 4.79572E-1 -9999 3.22024E-1 4.3644E-1 3.84698E-1 3.4936E-1 5.26526E-1 3.14487E-1 4.06266E-1 5.48437E-1 5.29777E-1 3.08305E-1 3.93079E-1 5.40897E-1 5.46096E-1 5.25512E-1 5.56014E-1 5.6397E-1 5.56817E-1 4.40783E-1 5.54851E-1 5.60733E-1 5.23609E-1 3.89164E-1 5.60544E-1 5.80174E-1 5.8948E-1 5.82476E-1 5.27096E-1 5.27847E-1 6.42797E-1 5.04275E-1 5.35576E-1 4.67311E-1 5.90507E-1 5.38117E-1 4.86628E-1 4.84281E-1 5.86998E-1 6.42642E-1 6.81726E-1 4.65538E-1
3.59949E-1 3.26562E-1 2.02179E-1 6.23672E-2 4.15305E-1 4.3883E-1 -9999 -9999 4.16881E-1 3.40991E-1 2.68704E-1 2.62922E-1 2.71909E-1 3.22695E-1 3.96958E-1 4.16439E-1 2.979E-1 4.23918E-1 2.91371E-1 3.799E-1 1.17519E-1 1.99001E-1 3.0212E-1 2.82243E-1 2.38676E-1 3.99122E-1 2.66792E-1 3.86802E-1 3.38484E-1 3.67994E-1 3.71299E-1 3.76321E-1 3.77487E-1 3.83298E-1 3.82629E-1 3.68111E-1 3.62038E-1 3.6531E-1 3.65911E-1 3.14814E-1 3.33582E-1 3.3828E-1 3.53351E-1 3.65768E-1 3.86469E-1 3.91426E-1 4.06417E-1 4.5548E-1 4.3956E-1 4.4651E-1 4.53273E-1 4.53053E-1 4.554E-1 4.00969E-1 4.71142E-1 5.44489E-1 4.0422E-1 4.7527E-1 1.62519E-1
3.30932E-1 4.00285E-1 3.86081E-1 3.81811E-1 2.62468E-1 3.54678E-1 4.50384E-1 3.99655E-1 2.75747E-1 2.72429E-1 3.31359E-1 5.51366E-2 2.52766E-1 3.27874E-1 4.05607E-1 3.05911E-1 3.87042E-1 3.81603E-1 3.27577E-1 1.93541E-1 -9999 1.5222E-1 2.32896E-1 3.73132E-1 -9999 1.26017E-1 3.05325E-1 1.46991E-1 1.81021E-1 2.38998E-1 2.63098E-1 2.66742E-1 2.70984E-1 2.73442E-1 2.70553E-1 1.91786E-1 2.40149E-1 2.38882E-1 2.47194E-1 2.29424E-1 2.24358E-1 1.92158E-1 2.20018E-1 2.4208E-1 2.42719E-1 1.85992E-1 2.7366E-1 2.60615E-1 2.73155E-1 2.6352E-1 2.41607E-1 2.41302E-1 2.60176E-1 2.62367E-1 2.72763E-1 3.12718E-1 3.12603E-1 3.87416E-1 4.82363E-1
6.31802E-1 6.4027E-1 6.41569E-1 6.40915E-1 6.31165E-1 6.45388E-1 5.58366E-1 6.48005E-1 6.47162E-1 6.5082E-1 6.54369E-1 6.55603E-1 6.47892E-1 6.29051E-1 5.21174E-1 6.13268E-1 6.1722E-1 6.12772E-1 6.00861E-1 5.71268E-1 2.62024E-1 3.79424E-1 -9999 1.98626E-1 2.92038E-1 3.56385E-1 3.51406E-1 3.29121E-1 2.5463E-1 3.89659E-1 5.02009E-1 4.78073E-1 3.92545E-1 3.99258E-1 4.78181E-1 4.93634E-1 4.6793E-1 4.53065E-1 4.32384E-1 3.84721E-1 3.61687E-1 3.41783E-1 3.3282E-1 3.39918E-1 3.52987E-1 3.63047E-1 3.58105E-1 3.51915E-1 3.56908E-1 3.54712E-1 3.17987E-1 3.19876E-1 3.22951E-1 2.92211E-1 2.67455E-1 2.55728E-1 2.03326E-1 2.48924E-1 2.77078E-1
6.51921E-1 6.35668E-1 6.16941E-1 5.9848E-1 5.85063E-1 5.95649E-1 6.00584E-1 6.06069E-1 5.71504E-1 5.35635E-1 5.4794E-1 5.54884E-1 4.93834E-1 6.55056E-1 6.58303E-1 6.62218E-1 6.6777E-1 6.43278E-1 5.84259E-1 6.96912E-1 4.40355E-1 2.58122E-1 4.55972E-1 6.54953E-1 2.32334E-1 3.79958E-1 4.35704E-1 5.66226E-1 7.08221E-1 7.02363E-1 6.63274E-1 6.02357E-1 6.28676E-1 5.61895E-1 6.30529E-1 6.35943E-1 6.17756E-1 6.03707E-1 5.84129E-1 5.59276E-1 5.50343E-1 5.43943E-1 5.43643E-1 5.58631E-1 5.72718E-1 5.73809E-1 5.69059E-1 5.66073E-1 5.69567E-1 5.77719E-1 5.74359E-1 5.55276E-1 4.10199E-1 4.05242E-1 3.19055E-1 2.7743E-1 2.21275E-1 1.89954E-1 2.65937E-1
6.71518E-1 6.3186E-1 5.80574E-1 6.10658E-1 5.14582E-1 4.79256E-1 4.78583E-1 5.30483E-1 4.27829E-1 3.76915E-1 4.09632E-1 4.72468E-1 5.41994E-1 4.0705E-1 4.34471E-1 4.74649E-1 4.85691E-1 5.02451E-1 5.87304E-1 6.26808E-1 6.02853E-1 -9999 2.25912E-1 4.33082E-1 5.52696E-1 4.41028E-1 4.23354E-1 4.82864E-1 5.82346E-1 7.10928E-1 6.55808E-1 6.01177E-1 6.32794E-1 5.28169E-1 4.92661E-1 5.97737E-1 6.93973E-1 6.8386E-1 6.75166E-1 6.69535E-1 6.63822E-1 6.49965E-1 6.38229E-1 6.48834E-1 6.5954E-1 6.46281E-1 6.41949E-1 6.48439E-1 6.44433E-1 6.20842E-1 6.03822E-1 5.93613E-1 5.80407E-1 4.28137E-1 4.16496E-1 2.63703E-1 4.24636E-1 3.89832E-1 4.69332E-1
6.47145E-1 6.13746E-1 5.90969E-1 5.84297E-1 5.91507E-1 5.84015E-1 5.72669E-1 4.41188E-1 3.5227E-1 3.63844E-1 4.57387E-1 4.99115E-1 5.04392E-1 5.08869E-1 4.40644E-1 4.80783E-1 5.23119E-1 5.69651E-1 5.15837E-1 4.37549E-1 4.14797E-1 -9999 -9999 4.28122E-1 4.26244E-1 -9999 4.93684E-1 4.88935E-1 4.47409E-1 4.2052E-1 4.93102E-1 4.59755E-1 6.38374E-1 5.25702E-1 4.63028E-1 6.2295E-1 7.3434E-1 6.04398E-1 6.51007E-1 7.24987E-1 7.64528E-1 7.67722E-1 7.59993E-1 7.63147E-1 7.76279E-1 7.72554E-1 7.5835E-1 7.46998E-1 7.45334E-1 7.17026E-1 6.79394E-1 6.67408E-1 6.78749E-1 6.33095E-1 5.75387E-1 5.73595E-1 6.44884E-1 6.73068E-1 6.50422E-1
5.47281E-1 5.45053E-1 5.33212E-1 5.24346E-1 5.187E-1 5.11261E-1 3.09694E-1 -9999 -9999 -9999 3.45869E-1 4.70561E-1 4.65585E-1 4.14331E-1 4.49977E-1 4.82903E-1 4.5197E-1 4.29659E-1 4.48327E-1 5.46005E-1 5.23243E-1 5.77462E-1 5.89221E-1 4.53068E-1 5.36375E-1 5.21802E-1 4.81713E-1 4.32385E-1 4.89022E-1 4.94324E-1 4.69431E-1 5.39257E-1 5.31493E-1 4.41642E-1 5.65252E-1 5.40578E-1 5.57123E-1 6.08494E-1 5.53404E-1 6.09115E-1 6.72508E-1 7.38056E-1 7.45247E-1 7.55243E-1 7.66709E-1 7.81616E-1 7.92852E-1 8.04957E-1 8.21008E-1 8.27741E-1 8.30925E-1 8.33666E-1 8.37161E-1 8.36365E-1 8.33101E-1 5.80102E-1 7.06794E-1 8.10159E-1 7.96559E-1
4.93679E-1 4.56529E-1 4.70664E-1 4.44092E-1 4.02264E-1 3.81319E-1 -9999 -9999 -9999 -9999 7.47242E-2 3.48106E-1 3.84547E-1 3.77469E-1 3.82636E-1 3.70083E-1 3.89209E-1 3.82053E-1 4.07999E-1 4.39729E-1 4.06021E-1 4.14972E-1 4.48182E-1 3.97352E-1 4.58983E-1 4.3618E-1 3.84719E-1 4.61091E-1 4.76614E-1 5.05825E-1 5.60403E-1 5.76593E-1 5.37374E-1 5.72104E-1 5.39725E-1 5.57231E-1 5.92882E-1 5.68461E-1 6.10587E-1 6.38532E-1 6.66027E-1 6.8048E-1 6.58282E-1 7.32381E-1 6.30806E-1 7.7891E-1 7.88795E-1 6.26964E-1 8.1659E-1 8.18265E-1 8.22308E-1 8.24369E-1 8.2016E-1 8.12749E-1 7.42001E-1 6.09267E-1 7.45385E-1 7.70075E-1 7.42961E-1
3.44972E-1 4.59396E-1 4.48874E-1 4.3628E-1 4.05127E-1 -9999 3.25903E-1 4.29234E-1 3.60799E-1 2.68063E-1 4.72694E-2 -9999 3.277E-1 3.31271E-1 3.21161E-1 3.12828E-1 3.10429E-1 3.18164E-1 3.09051E-1 3.29215E-1 3.44209E-1 3.18219E-1 3.30954E-1 3.40446E-1 3.17248E-1 3.5977E-1 3.3808E-1 3.67563E-1 3.95064E-1 4.31535E-1 4.31372E-1 4.4091E-1 4.6494E-1 4.94897E-1 4.84053E-1 4.70242E-1 3.94135E-1 4.31428E-1 4.62685E-1 5.98723E-1 5.5209E-1 6.89346E-1 5.18219E-1 5.64426E-1 6.09546E-1 5.66791E-1 6.47621E-1 6.69559E-1 6.78954E-1 6.63392E-1 6.8372E-1 8.00934E-1 8.00708E-1 8.00965E-1 7.96049E-1 6.67959E-1 6.42879E-1 7.67726E-1 6.9136E-1
1.51755E-1 2.00814E-1 2.59165E-1 3.3307E-1 3.72781E-1 1.52102E-1 -9999 4.06494E-1 6.11942E-1 4.02223E-1 -9999 -9999 -9999 2.87318E-1 2.77802E-1 2.59192E-1 2.67192E-1 2.68252E-1 2.65936E-1 2.69043E-1 2.72333E-1 2.85618E-1 2.45818E-1 2.95421E-1 3.00941E-1 2.80696E-1 3.01356E-1 2.96942E-1 3.02918E-1 3.33958E-1 3.37969E-1 3.41687E-1 3.16042E-1 3.17278E-1 3.35008E-1 3.97022E-1 3.74435E-1 3.40554E-1 3.7727E-1 3.65761E-1 4.28529E-1 4.48846E-1 5.40498E-1 4.01061E-1 2.66446E-1 1.86692E-1 4.52249E-1 6.26696E-1 6.43352E-1 6.55414E-1 6.09804E-1 5.70568E-1 5.86464E-1 7.35912E-1 7.27253E-1 7.27257E-1 7.68121E-1 7.21633E-1 7.41021E-1
2.92737E-2 3.91593E-2 6.52642E-2 1.04712E-1 1.69072E-1 1.65307E-1 2.4638E-1 3.31133E-1 5.62747E-1 5.14535E-1 3.70177E-1 1.68749E-1 -9999 2.39682E-1 2.43869E-1 2.42087E-1 2.36875E-1 2.31913E-1 1.93602E-1 2.13601E-1 2.35149E-1 2.35159E-1 1.99896E-1 2.1777E-1 2.39201E-1 2.42108E-1 2.25667E-1 2.28301E-1 2.77577E-1 2.70871E-1 2.73513E-1 2.63763E-1 2.34927E-1 2.43202E-1 2.62303E-1 2.97116E-1 2.99624E-1 2.91905E-1 2.89522E-1 2.91888E-1 3.36612E-1 2.77582E-1 3.61103E-1 3.12255E-1 3.0802E-1 4.92665E-1 4.59015E-1 4.88945E-1 3.90859E-1 5.68451E-1 5.10329E-1 5.83092E-1 6.04734E-1 5.38803E-1 5.45627E-1 6.05518E-1 6.7236E-1 6.58291E-1 7.50623E-1
9.19851E-3 1.07154E-2 1.96147E-2 2.96307E-2 4.98196E-2 7.60508E-2 1.15454E-1 2.65564E-1 2.68958E-1 3.84004E-1 2.73322E-1 1.40535E-1 -9999 -9999 1.95406E-1 2.00244E-1 1.99423E-1 1.93908E-1 1.94135E-1 1.96502E-1 2.12606E-1 2.14909E-1 1.87566E-1 2.12906E-1 2.13866E-1 2.17668E-1 2.27508E-1 2.23105E-1 2.40544E-1 2.38683E-1 2.35518E-1 2.22495E-1 2.1018E-1 2.01416E-1 2.41731E-1 2.21044E-1 2.59782E-1 2.42732E-1 2.38389E-1 2.60452E-1 2.89812E-1 3.39888E-1 3.39421E-1 3.48066E-1 2.92416E-1 3.95272E-1 3.54445E-1 3.28341E-1 4.12416E-1 4.21161E-1 5.72112E-1 4.4677E-1 4.41987E-1 5.03394E-1 4.45063E-1 6.4273E-1 3.9193E-1 5.32261E-1 6.8629E-1
4.7206E-3 6.8689E-3 9.83965E-3 8.02252E-3 1.99301E-2 3.13485E-2 3.93591E-2 8.02888E-2 1.09403E-1 1.23213E-1 1.17997E-1 3.08915E-2 -9999 8.16587E-2 9.25766E-2 1.05077E-1 1.19124E-1 1.35721E-1 1.56904E-1 1.77047E-1 1.86047E-1 1.93277E-1 1.97428E-1 2.06161E-1 1.98296E-1 2.00642E-1 2.08692E-1 1.95647E-1 1.95694E-1 2.15361E-1 1.98095E-1 2.20257E-1 2.06635E-1 2.20644E-1 2.13698E-1 1.99387E-1 2.15182E-1 2.2163E-1 2.15041E-1 2.16946E-1 2.4673E-1 2.93598E-1 2.36947E-1 2.68417E-1 3.1182E-1 3.21834E-1 2.59013E-1 2.55394E-1 3.34943E-1 2.96775E-1 2.88369E-1 3.66341E-1 4.13856E-1 3.91775E-1 4.94201E-1 5.07077E-1 5.43305E-1 5.39724E-1 4.68043E-1
3.12525E-3 3.86731E-3 5.60615E-3 7.21713E-3 1.11861E-2 1.32382E-2 2.10137E-2 2.66146E-2 2.88783E-2 2.82163E-2 1.88568E-2 1.89152E-2 2.02089E-2 3.40334E-2 3.6231E-2 3.9569E-2 4.24349E-2 5.29967E-2 7.53713E-2 1.01856E-1 1.19642E-1 1.41854E-1 1.54052E-1 1.54155E-1 1.6307E-1 1.7036E-1 1.85619E-1 1.59015E-1 1.48388E-1 1.63632E-1 1.64503E-1 1.83815E-1 1.75277E-1 1.843E-1 1.73029E-1 1.86601E-1 1.73768E-1 1.83556E-1 1.72144E-1 1.73497E-1 1.94975E-1 2.14196E-1 1.96696E-1 2.08982E-1 2.20852E-1 2.26483E-1 2.03378E-1 2.89681E-1 2.96189E-1 3.1906E-1 3.45072E-1 4.04151E-1 3.99922E-1 4.18473E-1 3.87931E-1 4.20992E-1 4.51015E-1 4.60303E-1 4.32589E-1
3.18809E-3 3.63144E-3 4.57006E-3 6.19303E-3 7.21368E-3 8.43388E-3 9.66892E-3 1.1115E-2 1.1615E-2 1.50274E-2 1.4726E-2 -9999 3.88984E-3 1.52093E-2 1.50555E-2 1.54504E-2 1.67398E-2 2.01935E-2 2.8E-2 3.82892E-2 4.88829E-2 6.11756E-2 7.07154E-2 7.93932E-2 8.44565E-2 8.39798E-2 8.93225E-2 7.22263E-2 6.19972E-2 6.77065E-2 7.49497E-2 8.82621E-2 8.17792E-2 1.06678E-1 1.3343E-1 1.53269E-1 1.58456E-1 1.63945E-1 1.44131E-1 1.22343E-1 1.57795E-1 1.64312E-1 1.60323E-1 1.52335E-1 1.81562E-1 2.27166E-1 2.41536E-1 2.37914E-1 2.55749E-1 2.69503E-1 2.81372E-1 2.88046E-1 2.73042E-1 2.76054E-1 2.86168E-1 3.04019E-1 3.57191E-1 4.21417E-1 4.44523E-1
5.8235E-3 5.81708E-3 7.16713E-3 6.463E-3 7.33525E-3 5.75413E-3 5.5796E-3 5.50658E-3 6.19076E-3 7.16682E-3 7.76157E-3 -9999 -9999 7.28472E-3 7.24113E-3 7.29427E-3 7.62549E-3 9.40872E-3 1.16791E-2 1.69365E-2 2.04521E-2 2.55447E-2 2.85235E-2 3.01182E-2 3.09393E-2 2.9743E-2 3.0309E-2 2.7566E-2 2.69331E-2 2.69909E-2 2.80474E-2 3.11215E-2 3.26382E-2 3.87524E-2 5.35335E-2 6.52418E-2 8.50709E-2 1.06805E-1 1.23691E-1 1.35092E-1 1.57904E-1 1.81079E-1 1.80574E-1 1.65844E-1 1.35146E-1 1.88561E-1 1.91661E-1 2.05234E-1 2.07733E-1 2.20271E-1 2.21653E-1 1.84055E-1 1.72952E-1 1.95569E-1 2.14472E-1 2.43707E-1 2.93151E-1 3.15858E-1 3.33122E-1
1.20705E-2 2.182E-2 1.36998E-2 7.79159E-3 7.72256E-3 6.5041E-3 6.29395E-3 4.96547E-3 2.91655E-3 2.59136E-3 3.82695E-3 -9999 -9999 4.32417E-3 4.28726E-3 4.20455E-3 4.34038E-3 4.80774E-3 5.77879E-3 7.99604E-3 9.10684E-3 1.10493E-2 1.27959E-2 1.26067E-2 1.30895E-2 1.28502E-2 1.2525E-2 1.35327E-2 1.37911E-2 1.17322E-2 1.09874E-2 1.16577E-2 1.4327E-2 1.54978E-2 1.90905E-2 2.4522E-2 3.37544E-2 4.33957E-2 5.21732E-2 5.9722E-2 7.61464E-2 8.26854E-2 7.67034E-2 7.72922E-2 8.53193E-2 1.07712E-1 1.14737E-1 1.29119E-1 1.32305E-1 1.50123E-1 1.42737E-1 1.76051E-1 1.55283E-1 1.377E-1 1.76525E-1 2.27888E-1 2.39174E-1 2.34753E-1 2.86558E-1
1.40805E-2 2.67613E-2 3.16542E-2 1.99704E-2 1.59326E-2 6.82541E-3 3.8241E-3 4.27154E-3 2.75567E-3 2.93966E-3 2.75795E-3 3.09044E-3 1.90998E-3 -9999 -9999 2.89213E-3 3.03475E-3 3.25755E-3 3.88409E-3 4.43706E-3 4.86177E-3 5.70626E-3 6.34158E-3 6.6427E-3 6.66693E-3 6.57124E-3 6.81337E-3 6.82205E-3 6.59751E-3 6.32177E-3 5.7832E-3 6.83013E-3 7.28319E-3 8.17144E-3 8.91722E-3 1.01772E-2 1.23253E-2 1.48453E-2 1.77192E-2 2.1442E-2 2.73455E-2 2.56674E-2 2.5626E-2 2.90779E-2 3.96472E-2 4.68958E-2 4.58755E-2 5.45957E-2 5.65259E-2 6.04693E-2 6.62881E-2 7.84089E-2 7.49096E-2 8.57304E-2 1.06472E-1 1.56587E-1 1.51326E-1 1.7485E-1 1.69806E-1
7.70954E-3 1.21384E-2 2.74009E-2 1.4967E-2 8.13696E-3 -9999 4.95615E-3 2.73602E-3 2.00879E-3 -9999 -9999 -9999 2.68955E-3 1.84649E-3 -9999 1.6825E-3 2.49931E-3 2.64013E-3 2.83493E-3 2.9931E-3 3.24235E-3 3.53741E-3 3.68361E-3 4.05001E-3 4.14239E-3 3.92402E-3 4.15342E-3 4.37084E-3 4.24275E-3 4.27971E-3 4.31029E-3 4.71193E-3 4.95308E-3 4.87357E-3 5.28098E-3 5.80633E-3 6.61271E-3 7.58302E-3 8.49877E-3 1.05131E-2 1.19167E-2 1.19786E-2 1.25052E-2 1.26437E-2 1.6211E-2 2.03565E-2 2.28215E-2 2.48537E-2 2.32149E-2 2.60701E-2 3.02327E-2 4.11876E-2 4.36911E-2 4.55056E-2 6.3782E-2 7.0584E-2 6.91864E-2 8.95903E-2 8.7379E-2
4.91952E-3 7.27936E-3 9.06423E-3 1.07948E-2 7.191E-3 5.97064E-3 -9999 3.79145E-3 1.98757E-3 2.09762E-3 -9999 -9999 -9999 1.63794E-3 1.79604E-3 -9999 2.26687E-3 2.24474E-3 2.38925E-3 2.48655E-3 2.60973E-3 2.7377E-3 2.85433E-3 3.1147E-3 3.12148E-3 3.11642E-3 3.23618E-3 3.30499E-3 3.3817E-3 3.45014E-3 3.42726E-3 3.64721E-3 3.79001E-3 3.94581E-3 4.08162E-3 4.33573E-3 4.10836E-3 4.82405E-3 5.31849E-3 6.14615E-3 6.83929E-3 7.17672E-3 7.84965E-3 8.9096E-3 9.71285E-3 1.06764E-2 1.26696E-2 1.23753E-2 1.49216E-2 1.70024E-2 1.74879E-2 2.23658E-2 2.1203E-2 2.25249E-2 3.05911E-2 2.94869E-2 2.81722E-2 3.19806E-2 3.84222E-2
