data/Modelo 4/SPZn_avg.asc
ncols         78
nrows         61
xllcorner     -149.5
yllcorner     -28.5
cellsize      1.0
NODATA_value  -9999
[rows 0 to 25 of 61, columns 0 to 58 of 78]
2.58086E-2 2.49257E-2 2.33482E-2 2.1948E-2 2.28532E-2 2.1438E-2 1.9889E-2 1.86672E-2 -9999 1.48659E-2 1.37669E-2 1.26336E-2 1.23814E-2 1.11151E-2 5.61103E-3 -9999 1.07859E-2 -9999 -9999 -9999 -9999 -9999 -9999 -9999 4.68415E-2 -9999 -9999 -9999 -9999 2.92725E-1 2.06804E-1 2.83097E-1 -9999 -9999 -9999 -9999 -9999 -9999 -9999 -9999 -9999 -9999 -9999 -9999 -9999 -9999 -9999 -9999 -9999 -9999 -9999 -9999 -9999 -9999 -9999 -9999 -9999 -9999 -9999
2.09433E-2 2.23921E-2 2.2057E-2 1.95767E-2 1.89426E-2 1.94447E-2 1.93861E-2 2.02584E-2 1.89024E-2 1.27669E-2 1.44331E-2 1.51718E-2 1.44691E-2 1.36721E-2 1.25084E-2 1.17403E-2 9.39434E-3 1.07329E-2 -9999 -9999 -9999 -9999 -9999 3.56649E-3 1.33352E-2 -9999 3.52596E-2 8.15034E-2 1.36848E-1 2.08185E-1 6.75142E-2 3.05609E-1 -9999 -9999 -9999 -9999 -9999 -9999 -9999 -9999 -9999 -9999 -9999 -9999 -9999 -9999 -9999 -9999 -9999 -9999 -9999 -9999 -9999 -9999 -9999 -9999 -9999 -9999 -9999
1.73573E-2 1.39525E-2 1.0652E-2 -9999 1.23722E-2 8.92223E-3 -9999 -9999 1.96143E-2 1.93848E-2 1.37592E-2 1.65806E-2 1.15105E-2 1.25795E-2 1.07633E-2 1.19687E-2 7.87627E-3 8.28003E-3 -9999 2.54246E-3 -9999 -9999 3.00293E-3 -9999 7.81363E-3 5.38968E-3 8.37916E-3 -9999 8.73254E-3 6.26898E-2 9.94294E-2 9.96703E-2 4.35957E-1 -9999 8.3047E-1 9.01481E-1 -9999 -9999 -9999 -9999 -9999 -9999 -9999 -9999 -9999 -9999 -9999 -9999 -9999 -9999 -9999 -9999 -9999 -9999 -9999 -9999 -9999 -9999 -9999
1.23629E-2 1.47851E-2 -9999 1.42537E-2 7.85459E-3 -9999 1.07303E-2 1.307E-2 1.38269E-2 -9999 -9999 -9999 1.24169E-2 1.3381E-2 1.39812E-2 1.09534E-2 3.40877E-3 9.96165E-3 8.42023E-3 7.25027E-3 5.09978E-3 3.76408E-3 4.70684E-3 3.37996E-3 4.35882E-3 -9999 -9999 -9999 4.70294E-3 -9999 5.06164E-2 -9999 1.17544E-1 4.83181E-1 -9999 -9999 9.04239E-1 -9999 -9999 -9999 -9999 -9999 -9999 -9999 -9999 -9999 -9999 -9999 -9999 -9999 -9999 -9999 -9999 -9999 -9999 -9999 -9999 -9999 -9999
1.10812E-2 1.15911E-2 1.1363E-2 1.08104E-2 1.09607E-2 7.88634E-3 1.12034E-2 1.36286E-2 -9999 3.6934E-3 8.58191E-3 4.63266E-3 1.0655E-2 3.27838E-3 1.24677E-2 1.23542E-2 1.15929E-2 1.00904E-2 6.48791E-3 6.28593E-3 5.77155E-3 3.88343E-3 3.95448E-3 4.64363E-3 -9999 -9999 8.02199E-3 -9999 -9999 -9999 2.48959E-2 -9999 3.6582E-1 3.25263E-1 5.31933E-1 -9999 -9999 -9999 -9999 -9999 -9999 -9999 -9999 -9999 -9999 -9999 -9999 -9999 -9999 -9999 -9999 -9999 -9999 -9999 -9999 -9999 -9999 -9999 -9999
9.14215E-3 9.0588E-3 9.72548E-3 9.08038E-3 -9999 1.07564E-2 1.04023E-2 1.20808E-2 1.02966E-2 1.26339E-2 5.69864E-3 4.44295E-3 1.08071E-2 1.45691E-2 9.92049E-3 1.07127E-2 1.08344E-2 1.06303E-2 8.00553E-3 9.70731E-3 8.59389E-3 5.57284E-3 8.2018E-3 -9999 -9999 -9999 -9999 -9999 -9999 -9999 -9999 -9999 -9999 8.06155E-1 -9999 -9999 -9999 -9999 -9999 -9999 -9999 -9999 -9999 -9999 -9999 -9999 -9999 -9999 -9999 -9999 -9999 -9999 -9999 -9999 -9999 -9999 -9999 -9999 -9999
8.37043E-3 7.9671E-3 8.72866E-3 8.38941E-3 9.28343E-3 9.79469E-3 8.56382E-3 1.10855E-2 1.07781E-2 1.05315E-2 1.07479E-2 7.18081E-3 8.58051E-3 1.54427E-2 1.37191E-2 1.05055E-2 9.68176E-3 4.14746E-3 1.12623E-2 7.74043E-3 7.57489E-3 9.7303E-3 9.70198E-3 8.77305E-3 -9999 -9999 -9999 1.05426E-3 -9999 -9999 -9999 -9999 -9999 -9999 9.55051E-1 9.39476E-1 -9999 -9999 4.3282E-1 -9999 -9999 -9999 -9999 -9999 -9999 -9999 -9999 -9999 -9999 -9999 -9999 -9999 -9999 -9999 -9999 -9999 -9999 -9999 -9999
6.93112E-3 8.27248E-3 3.57671E-3 4.17231E-3 7.51873E-3 9.05352E-3 9.8705E-3 9.86269E-3 5.3853E-3 1.08653E-2 9.01441E-3 8.02498E-3 1.14006E-2 1.38442E-2 8.7262E-3 1.20114E-2 1.29537E-2 1.11184E-2 1.36995E-2 1.02563E-2 9.88564E-3 -9999 -9999 -9999 -9999 -9999 -9999 -9999 -9999 -9999 -9999 -9999 -9999 3.68374E-2 -9999 9.8259E-1 9.92667E-1 -9999 6.85287E-1 3.58469E-1 -9999 -9999 -9999 -9999 -9999 -9999 -9999 -9999 -9999 -9999 -9999 -9999 -9999 -9999 -9999 -9999 -9999 -9999 -9999
8.00649E-3 8.16218E-3 8.36809E-3 8.64023E-3 8.98666E-3 9.39886E-3 5.95347E-3 1.00804E-2 1.02157E-2 9.91298E-3 9.84894E-3 1.11652E-2 1.17476E-2 7.03802E-3 9.37164E-3 5.05269E-3 1.56444E-2 1.44662E-2 1.23312E-2 1.0742E-2 -9999 -9999 -9999 -9999 -9999 -9999 -9999 -9999 -9999 -9999 -9999 -9999 -9999 6.38497E-2 -9999 1.70999E-1 9.82689E-1 -9999 6.3511E-1 5.53829E-1 4.62475E-1 -9999 -9999 -9999 -9999 -9999 -9999 -9999 -9999 -9999 -9999 -9999 -9999 -9999 -9999 -9999 -9999 -9999 -9999
7.23878E-3 6.80635E-3 6.75015E-3 6.22843E-3 8.62456E-3 8.67455E-3 9.09478E-3 8.862E-3 8.49191E-3 1.09584E-2 1.13537E-2 1.14343E-2 9.46713E-3 1.17616E-2 1.19874E-2 1.16839E-2 1.31614E-2 1.02416E-2 1.5121E-2 1.31081E-2 3.48834E-3 -9999 -9999 -9999 -9999 -9999 -9999 -9999 2.29976E-3 -9999 -9999 -9999 -9999 -9999 -9999 -9999 7.70014E-1 9.43202E-1 7.93811E-1 -9999 4.40333E-1 4.20957E-1 -9999 -9999 -9999 -9999 -9999 -9999 -9999 -9999 -9999 -9999 -9999 -9999 -9999 -9999 -9999 -9999 -9999
7.85903E-3 6.80348E-3 6.31341E-3 7.75536E-3 8.59052E-3 8.96577E-3 8.84082E-3 9.42609E-3 2.87754E-3 1.10366E-2 1.08893E-2 1.12371E-2 1.1919E-2 1.17056E-2 9.1898E-3 1.10123E-2 1.13409E-2 1.0789E-2 -9999 -9999 -9999 -9999 -9999 -9999 -9999 -9999 -9999 -9999 -9999 -9999 -9999 -9999 -9999 -9999 -9999 2.41773E-2 2.78593E-1 6.6175E-1 6.14947E-1 5.10266E-1 4.47303E-1 3.85616E-1 3.18363E-1 -9999 -9999 -9999 -9999 -9999 -9999 -9999 -9999 -9999 -9999 -9999 -9999 -9999 -9999 -9999 -9999
7.92644E-3 7.38565E-3 7.33199E-3 7.678E-3 8.61392E-3 8.9959E-3 5.80263E-3 6.25408E-3 1.00423E-2 9.08951E-3 1.11219E-2 1.1867E-2 1.19806E-2 7.18328E-3 8.83504E-3 -9999 1.35594E-2 8.75304E-3 1.47237E-2 -9999 -9999 -9999 -9999 -9999 -9999 -9999 -9999 5.0921E-3 -9999 -9999 -9999 -9999 6.8961E-3 1.74543E-2 -9999 -9999 6.70943E-2 3.10168E-1 3.4132E-1 3.99355E-1 3.13683E-1 3.47914E-1 3.2034E-1 2.10549E-1 -9999 -9999 -9999 -9999 -9999 -9999 -9999 -9999 -9999 -9999 -9999 -9999 -9999 -9999 -9999
7.08872E-3 8.06214E-3 8.11905E-3 8.82831E-3 6.89083E-3 8.99537E-3 8.87666E-3 8.63772E-3 7.68546E-3 7.91483E-3 8.71817E-3 1.39951E-2 -9999 -9999 4.97062E-3 1.28371E-2 1.34698E-2 -9999 -9999 -9999 5.1559E-3 -9999 -9999 -9999 -9999 -9999 -9999 -9999 -9999 -9999 -9999 -9999 -9999 1.39092E-2 4.45722E-2 6.85711E-2 1.17918E-1 2.02679E-1 2.42954E-1 1.88495E-1 2.69367E-1 2.76168E-1 3.78683E-1 -9999 -9999 -9999 -9999 -9999 -9999 -9999 -9999 -9999 -9999 -9999 -9999 -9999 -9999 -9999 -9999
8.01377E-3 7.72579E-3 8.3712E-3 4.78211E-3 4.39946E-3 -9999 6.77671E-3 6.64484E-3 1.06259E-2 -9999 -9999 1.52056E-3 1.21517E-2 -9999 1.25728E-2 5.28532E-3 3.17503E-3 -9999 -9999 -9999 -9999 -9999 -9999 -9999 -9999 3.48872E-2 -9999 -9999 -9999 -9999 -9999 -9999 -9999 2.07093E-2 -9999 -9999 -9999 -9999 -9999 1.82424E-1 1.85405E-1 2.14227E-1 4.30423E-1 4.65386E-1 -9999 -9999 -9999 -9999 -9999 -9999 -9999 -9999 -9999 -9999 -9999 -9999 -9999 -9999 -9999
5.86277E-3 6.36369E-3 6.40124E-3 -9999 9.54703E-3 3.83514E-3 3.45545E-3 4.78328E-3 8.46459E-3 7.96063E-3 -9999 5.28758E-3 -9999 -9999 -9999 -9999 -9999 1.50258E-2 -9999 -9999 -9999 -9999 -9999 -9999 -9999 9.47164E-2 -9999 -9999 -9999 -9999 -9999 -9999 1.99927E-2 1.91158E-2 -9999 -9999 -9999 -9999 -9999 1.72066E-1 1.11849E-1 1.82501E-1 3.65355E-1 5.65123E-1 4.46163E-1 -9999 -9999 -9999 -9999 -9999 -9999 -9999 -9999 -9999 -9999 -9999 -9999 -9999 -9999
5.88511E-3 8.0427E-3 7.62219E-3 -9999 -9999 1.10879E-2 -9999 2.21567E-3 1.47717E-2 1.16123E-2 3.44824E-3 -9999 1.40569E-2 -9999 -9999 -9999 -9999 -9999 -9999 -9999 -9999 -9999 3.16882E-2 -9999 -9999 -9999 -9999 -9999 4.76023E-2 1.10051E-1 5.86734E-2 5.51281E-2 3.5339E-2 2.35472E-2 2.50152E-2 3.7815E-2 5.39707E-2 4.91851E-2 2.21674E-1 8.37919E-2 1.44112E-1 2.39187E-1 4.29021E-1 5.53561E-1 3.24303E-1 7.76011E-2 7.10802E-2 9.83905E-3 -9999 -9999 -9999 -9999 -9999 -9999 -9999 -9999 -9999 -9999 -9999
-9999 8.20825E-3 6.39542E-3 -9999 -9999 -9999 -9999 -9999 1.13662E-2 1.77726E-2 -9999 -9999 4.13746E-2 -9999 -9999 -9999 -9999 -9999 -9999 -9999 -9999 -9999 -9999 -9999 -9999 -9999 -9999 -9999 2.76005E-1 2.50126E-1 1.92508E-1 1.95627E-1 1.1551E-1 5.0254E-2 4.47372E-2 7.3332E-2 1.19015E-1 1.0623E-1 1.11974E-1 1.03247E-1 1.46071E-1 1.60544E-1 2.0362E-1 1.67811E-1 -9999 3.08128E-2 -9999 -9999 1.56424E-2 4.97495E-3 -9999 -9999 -9999 -9999 -9999 -9999 -9999 -9999 -9999
-9999 4.93803E-3 2.71708E-3 1.26448E-2 -9999 -9999 -9999 -9999 -9999 -9999 2.99994E-2 7.40575E-2 -9999 -9999 -9999 -9999 -9999 -9999 -9999 3.70497E-1 4.20553E-1 -9999 -9999 -9999 -9999 -9999 -9999 2.29494E-1 2.71097E-1 2.95411E-1 2.72003E-1 1.88724E-1 1.57739E-1 3.00889E-1 2.60076E-1 2.5276E-1 2.45171E-1 2.13068E-1 2.02409E-1 2.00493E-1 1.98645E-1 1.16492E-1 9.98716E-2 6.45406E-2 -9999 -9999 -9999 -9999 -9999 2.93841E-3 -9999 -9999 1.77669E-2 -9999 -9999 7.11648E-3 -9999 -9999 -9999
2.98752E-3 2.06875E-2 1.54125E-2 9.59278E-3 -9999 2.26068E-2 1.44341E-2 -9999 4.32578E-2 -9999 -9999 8.28893E-2 6.04987E-2 1.13523E-1 -9999 -9999 3.44409E-1 3.61779E-1 -9999 4.39001E-1 4.80653E-1 4.88655E-1 -9999 -9999 -9999 -9999 -9999 3.21638E-1 4.3877E-1 4.38835E-1 3.90959E-1 4.16584E-1 4.43063E-1 4.88351E-1 5.37971E-1 5.3975E-1 5.46799E-1 5.33267E-1 2.5938E-1 2.0557E-1 1.60554E-1 1.10953E-1 7.35759E-2 6.16129E-2 1.94502E-2 -9999 4.08852E-3 -9999 1.18368E-2 8.01881E-3 -9999 -9999 -9999 -9999 2.0015E-1 1.30363E-2 2.07277E-3 -9999 -9999
1.56454E-2 5.60419E-3 7.4848E-3 2.45058E-2 4.25301E-2 -9999 9.29616E-3 -9999 -9999 -9999 -9999 3.66807E-2 -9999 1.71072E-1 2.2887E-1 2.37973E-1 1.75816E-1 3.66943E-1 4.00073E-1 4.46128E-1 4.83317E-1 5.03803E-1 5.24957E-1 5.34416E-1 -9999 2.62654E-1 4.2136E-1 5.73344E-1 5.88136E-1 6.13371E-1 5.82321E-1 5.19658E-1 5.17741E-1 5.38375E-1 6.18945E-1 6.47536E-1 4.25157E-1 4.7712E-1 4.02387E-1 2.92859E-1 1.90753E-1 1.00446E-1 1.21936E-1 7.26358E-2 3.7261E-2 -9999 2.77169E-2 -9999 -9999 -9999 1.9312E-2 -9999 -9999 1.68209E-1 7.63578E-2 1.26544E-2 4.67568E-3 -9999 5.5833E-3
2.29995E-2 1.15507E-2 -9999 4.24625E-2 6.56999E-2 7.5615E-2 9.32212E-2 1.35524E-1 4.60868E-2 3.81642E-2 -9999 -9999 2.16282E-1 2.07392E-1 1.91025E-1 3.26617E-1 3.04724E-1 3.48529E-1 4.08883E-1 4.31643E-1 4.52002E-1 4.55639E-1 4.50156E-1 4.14048E-1 4.20713E-1 4.64022E-1 4.35734E-1 5.36907E-1 5.92238E-1 6.33192E-1 6.11091E-1 5.87561E-1 5.73877E-1 6.01789E-1 6.19064E-1 5.14037E-1 4.84897E-1 3.59243E-1 3.8111E-1 2.65728E-1 2.54114E-1 1.50754E-1 1.62368E-1 1.29944E-1 8.99778E-2 8.51354E-2 5.53028E-2 2.31233E-2 5.11195E-2 2.5641E-2 4.17984E-2 -9999 -9999 9.51225E-2 2.54894E-2 -9999 1.60207E-2 -9999 -9999
2.65253E-2 4.46939E-2 8.81209E-2 1.18444E-1 1.58646E-1 2.26175E-1 1.84749E-1 2.42394E-1 2.38368E-1 2.05942E-1 3.01869E-1 1.72468E-1 2.22144E-1 2.3198E-1 2.91285E-1 3.56102E-1 3.66134E-1 3.85395E-1 3.79699E-1 3.42285E-1 3.79543E-1 3.08564E-1 3.46741E-1 4.16517E-1 3.9835E-1 4.48037E-1 4.66481E-1 5.22785E-1 6.10585E-1 6.29512E-1 6.36797E-1 6.02447E-1 6.12741E-1 6.1557E-1 5.98556E-1 4.41306E-1 3.81048E-1 3.94818E-1 4.4256E-1 3.64554E-1 9.65719E-2 2.78144E-1 1.0408E-1 1.16546E-1 1.44588E-1 -9999 4.81438E-2 -9999 -9999 1.07217E-1 -9999 -9999 -9999 3.1529E-2 4.39157E-2 -9999 -9999 -9999 1.3905E-2
2.20917E-2 1.28573E-2 5.09971E-2 1.21233E-1 2.1358E-1 1.96035E-1 2.518E-1 2.60124E-1 2.93004E-1 3.27393E-1 2.34621E-1 3.5505E-1 3.12401E-1 3.43654E-1 3.48716E-1 3.70927E-1 3.36019E-1 2.87964E-1 3.28667E-1 2.68511E-1 3.47404E-1 3.111E-1 4.23428E-1 3.99768E-1 5.04372E-1 5.2223E-1 5.01071E-1 5.35777E-1 5.07133E-1 5.15947E-1 6.20967E-1 5.94779E-1 6.07504E-1 6.62624E-1 6.18212E-1 5.15592E-1 2.61259E-1 3.47794E-1 2.17909E-1 4.35384E-1 4.0577E-1 2.16397E-1 -9999 3.08681E-1 2.48003E-1 2.08455E-1 -9999 1.43711E-1 2.35754E-1 1.428E-1 2.33712E-1 2.12174E-1 1.70079E-1 6.42636E-2 1.1874E-1 1.07498E-1 1.28632E-1 1.98966E-1 3.41484E-1
3.56717E-2 8.17511E-2 1.6329E-1 1.23601E-1 1.70057E-1 2.43826E-1 2.60479E-1 2.78717E-1 2.70811E-1 3.53621E-1 2.49058E-1 3.0595E-1 3.56532E-1 3.42242E-1 3.12527E-1 2.60918E-1 3.20386E-1 2.38753E-1 2.41461E-1 2.57095E-1 3.22225E-1 2.54153E-1 2.78369E-1 3.32591E-1 3.27863E-1 4.95422E-1 5.4113E-1 5.50446E-1 4.1694E-1 4.40256E-1 5.84318E-1 5.51862E-1 5.57587E-1 5.78799E-1 5.94614E-1 4.54786E-1 4.05222E-1 3.17001E-1 4.9627E-1 4.52796E-1 4.63296E-1 -9999 2.13668E-1 -9999 -9999 3.48258E-1 3.36667E-1 2.21339E-1 2.9563E-1 9.85942E-2 3.11913E-1 3.10926E-1 2.45923E-1 1.95336E-1 2.18502E-1 2.27996E-1 2.51064E-1 3.48047E-1 2.49097E-1
1.98784E-1 1.30148E-1 1.84268E-1 1.04873E-1 2.85987E-1 2.5427E-1 2.86834E-1 2.83469E-1 2.75145E-1 2.04777E-1 3.18364E-1 2.58562E-1 2.02916E-1 2.21592E-1 2.82837E-1 2.36974E-1 2.40088E-1 2.85616E-1 2.34499E-1 3.24139E-1 1.57683E-1 2.98772E-1 2.83242E-1 3.0271E-1 3.29143E-1 4.29058E-1 5.11979E-1 3.47015E-1 5.18648E-1 4.35896E-1 4.79022E-1 5.12887E-1 4.91629E-1 4.93823E-1 5.01199E-1 3.85685E-1 5.17036E-1 4.63516E-1 5.35482E-1 3.07911E-1 4.97595E-1 4.64842E-1 5.42914E-1 5.4722E-1 5.67917E-1 4.93758E-1 4.41461E-1 4.76545E-1 4.53764E-1 4.15467E-1 2.92093E-1 3.68288E-1 3.63158E-1 2.94032E-1 2.247E-1 2.9593E-1 2.88318E-1 2.63623E-1 2.12346E-1
3.23222E-1 2.90458E-1 3.63952E-1 3.18111E-1 3.01902E-1 2.69956E-1 3.03282E-1 2.17015E-1 3.40175E-1 2.82845E-1 2.9879E-1 1.80558E-1 2.13114E-1 2.83769E-1 2.67963E-1 2.75903E-1 2.1803E-1 2.52303E-1 3.55136E-1 3.16877E-1 2.67185E-1 3.84173E-1 4.10418E-1 4.40772E-1 4.72029E-1 4.37662E-1 3.77439E-1 4.53037E-1 4.1383E-1 3.03574E-1 6.46291E-1 6.26766E-1 5.25151E-1 5.63067E-1 4.52514E-1 6.20929E-1 4.641E-1 5.13771E-1 5.40521E-1 4.5051E-1 5.83446E-1 5.84581E-1 6.44201E-1 6.72551E-1 5.9258E-1 6.49554E-1 6.66672E-1 6.22558E-1 6.67413E-1 5.50979E-1 4.19021E-1 4.28151E-1 4.53195E-1 3.25822E-1 3.46396E-1 3.49876E-1 3.36259E-1 2.55557E-1 2.27808E-1
