data/Modelo 4/SPZn_min.asc
ncols         78
nrows         61
xllcorner     -149.5
yllcorner     -28.5
cellsize      1.0
NODATA_value  -9999
[rows 0 to 25 of 61, columns 0 to 58 of 78]
1.95532E-2 1.86798E-2 1.84813E-2 1.78508E-2 1.86065E-2 1.79949E-2 1.677E-2 1.51602E-2 -9999 1.28892E-2 1.20232E-2 1.11647E-2 1.0801E-2 9.47094E-3 4.64376E-3 -9999 9.57176E-3 -9999 -9999 -9999 -9999 -9999 -9999 -9999 3.7557E-2 -9999 -9999 -9999 -9999 2.4401E-1 1.73337E-1 2.17207E-1 -9999 -9999 -9999 -9999 -9999 -9999 -9999 -9999 -9999 -9999 -9999 -9999 -9999 -9999 -9999 -9999 -9999 -9999 -9999 -9999 -9999 -9999 -9999 -9999 -9999 -9999 -9999
1.37156E-2 1.52746E-2 1.59104E-2 1.46499E-2 1.40916E-2 1.44374E-2 1.37513E-2 1.53694E-2 1.50821E-2 1.03695E-2 1.17794E-2 1.19322E-2 1.11001E-2 1.03912E-2 1.06058E-2 1.01047E-2 8.06129E-3 9.50204E-3 -9999 -9999 -9999 -9999 -9999 2.701E-3 1.09051E-2 -9999 2.84706E-2 6.86486E-2 9.91731E-2 1.56456E-1 3.14338E-2 2.66267E-1 -9999 -9999 -9999 -9999 -9999 -9999 -9999 -9999 -9999 -9999 -9999 -9999 -9999 -9999 -9999 -9999 -9999 -9999 -9999 -9999 -9999 -9999 -9999 -9999 -9999 -9999 -9999
1.06102E-2 8.25628E-3 6.84842E-3 -9999 8.63253E-3 6.12789E-3 -9999 -9999 1.4191E-2 1.41023E-2 9.84216E-3 1.2064E-2 8.38286E-3 9.98655E-3 9.23571E-3 1.04931E-2 6.77827E-3 7.05316E-3 -9999 2.14698E-3 -9999 -9999 2.62381E-3 -9999 6.9303E-3 4.66349E-3 7.20254E-3 -9999 4.82085E-3 4.79963E-2 8.22136E-2 6.56168E-2 3.81744E-1 -9999 7.96311E-1 8.76993E-1 -9999 -9999 -9999 -9999 -9999 -9999 -9999 -9999 -9999 -9999 -9999 -9999 -9999 -9999 -9999 -9999 -9999 -9999 -9999 -9999 -9999 -9999 -9999
7.52111E-3 8.79716E-3 -9999 9.22543E-3 5.19827E-3 -9999 7.89256E-3 9.54678E-3 9.93143E-3 -9999 -9999 -9999 8.89118E-3 1.00097E-2 1.18308E-2 9.23795E-3 2.77933E-3 8.61118E-3 7.12608E-3 6.21166E-3 4.49421E-3 3.29228E-3 4.12092E-3 3.0289E-3 3.88663E-3 -9999 -9999 -9999 3.87953E-3 -9999 4.16179E-2 -9999 5.92728E-2 4.1483E-1 -9999 -9999 8.81842E-1 -9999 -9999 -9999 -9999 -9999 -9999 -9999 -9999 -9999 -9999 -9999 -9999 -9999 -9999 -9999 -9999 -9999 -9999 -9999 -9999 -9999 -9999
7.49914E-3 7.67624E-3 7.47307E-3 7.19672E-3 7.33704E-3 5.33722E-3 8.00813E-3 9.49066E-3 -9999 2.27761E-3 5.47472E-3 2.91286E-3 7.5463E-3 2.38335E-3 1.05491E-2 1.04895E-2 1.0014E-2 8.44879E-3 5.63287E-3 5.45773E-3 5.05928E-3 3.28701E-3 3.45049E-3 4.04693E-3 -9999 -9999 7.17566E-3 -9999 -9999 -9999 2.1333E-2 -9999 3.2481E-1 2.41063E-1 4.7379E-1 -9999 -9999 -9999 -9999 -9999 -9999 -9999 -9999 -9999 -9999 -9999 -9999 -9999 -9999 -9999 -9999 -9999 -9999 -9999 -9999 -9999 -9999 -9999 -9999
7.28754E-3 6.82989E-3 7.05661E-3 6.46033E-3 -9999 7.31104E-3 6.83396E-3 7.83208E-3 6.53368E-3 8.06551E-3 3.62104E-3 2.8916E-3 7.94814E-3 1.22086E-2 8.57567E-3 9.09687E-3 9.05864E-3 8.85103E-3 6.82705E-3 8.35987E-3 7.27287E-3 4.83209E-3 7.2213E-3 -9999 -9999 -9999 -9999 -9999 -9999 -9999 -9999 -9999 -9999 7.76501E-1 -9999 -9999 -9999 -9999 -9999 -9999 -9999 -9999 -9999 -9999 -9999 -9999 -9999 -9999 -9999 -9999 -9999 -9999 -9999 -9999 -9999 -9999 -9999 -9999 -9999
6.64787E-3 6.12218E-3 6.60095E-3 6.12864E-3 6.62891E-3 6.60671E-3 5.69326E-3 7.3301E-3 7.14832E-3 6.94784E-3 7.18743E-3 4.87952E-3 6.24884E-3 1.14574E-2 1.05447E-2 8.42779E-3 8.07494E-3 3.27993E-3 9.65728E-3 6.63811E-3 6.43259E-3 8.52675E-3 8.53955E-3 7.47765E-3 -9999 -9999 -9999 6.77634E-4 -9999 -9999 -9999 -9999 -9999 -9999 9.42782E-1 9.26432E-1 -9999 -9999 3.47554E-1 -9999 -9999 -9999 -9999 -9999 -9999 -9999 -9999 -9999 -9999 -9999 -9999 -9999 -9999 -9999 -9999 -9999 -9999 -9999 -9999
5.67679E-3 6.52472E-3 2.64409E-3 3.01286E-3 5.47726E-3 6.44002E-3 7.09815E-3 7.04316E-3 3.73397E-3 7.78158E-3 6.10019E-3 5.35382E-3 7.95721E-3 9.81903E-3 5.91924E-3 8.72634E-3 9.76799E-3 8.84769E-3 1.15735E-2 8.71161E-3 8.41289E-3 -9999 -9999 -9999 -9999 -9999 -9999 -9999 -9999 -9999 -9999 -9999 -9999 2.99668E-2 -9999 9.77484E-1 9.88853E-1 -9999 6.49432E-1 2.9875E-1 -9999 -9999 -9999 -9999 -9999 -9999 -9999 -9999 -9999 -9999 -9999 -9999 -9999 -9999 -9999 -9999 -9999 -9999 -9999
6.88125E-3 6.66376E-3 6.705E-3 6.87577E-3 7.02799E-3 7.28687E-3 4.44873E-3 7.54813E-3 7.68572E-3 7.54548E-3 7.27337E-3 8.22384E-3 8.46421E-3 4.94114E-3 6.68991E-3 3.54049E-3 1.16773E-2 1.11522E-2 1.01245E-2 8.82103E-3 -9999 -9999 -9999 -9999 -9999 -9999 -9999 -9999 -9999 -9999 -9999 -9999 -9999 5.30787E-2 -9999 1.29326E-1 9.78181E-1 -9999 6.04285E-1 5.21849E-1 4.20827E-1 -9999 -9999 -9999 -9999 -9999 -9999 -9999 -9999 -9999 -9999 -9999 -9999 -9999 -9999 -9999 -9999 -9999 -9999
6.01294E-3 5.67339E-3 5.73669E-3 5.19355E-3 6.91773E-3 6.95513E-3 7.12668E-3 6.72097E-3 6.54872E-3 8.75631E-3 8.99518E-3 9.13336E-3 7.35723E-3 8.9773E-3 9.31735E-3 8.68461E-3 9.87833E-3 8.08321E-3 1.19456E-2 9.86686E-3 2.40695E-3 -9999 -9999 -9999 -9999 -9999 -9999 -9999 1.38084E-3 -9999 -9999 -9999 -9999 -9999 -9999 -9999 7.21489E-1 9.33652E-1 7.74062E-1 -9999 4.05288E-1 3.83509E-1 -9999 -9999 -9999 -9999 -9999 -9999 -9999 -9999 -9999 -9999 -9999 -9999 -9999 -9999 -9999 -9999 -9999
6.52637E-3 5.63099E-3 5.34248E-3 6.42311E-3 6.85949E-3 7.08083E-3 7.07006E-3 7.45613E-3 2.16188E-3 8.91481E-3 8.93874E-3 9.277E-3 9.86775E-3 9.6033E-3 7.71056E-3 8.80758E-3 9.1394E-3 8.90497E-3 -9999 -9999 -9999 -9999 -9999 -9999 -9999 -9999 -9999 -9999 -9999 -9999 -9999 -9999 -9999 -9999 -9999 1.79433E-2 2.26635E-1 6.22942E-1 5.64027E-1 4.71968E-1 4.11843E-1 3.58741E-1 2.62382E-1 -9999 -9999 -9999 -9999 -9999 -9999 -9999 -9999 -9999 -9999 -9999 -9999 -9999 -9999 -9999 -9999
7.04672E-3 6.23606E-3 6.18319E-3 6.51585E-3 7.18734E-3 7.69022E-3 4.9155E-3 5.24377E-3 8.34578E-3 7.65414E-3 9.08233E-3 9.93739E-3 1.02461E-2 6.20603E-3 7.33463E-3 -9999 1.14669E-2 7.4316E-3 1.23221E-2 -9999 -9999 -9999 -9999 -9999 -9999 -9999 -9999 4.06694E-3 -9999 -9999 -9999 -9999 5.54086E-3 1.49677E-2 -9999 -9999 5.33477E-2 2.69178E-1 3.05485E-1 3.71279E-1 2.72341E-1 3.09202E-1 2.9287E-1 1.59255E-1 -9999 -9999 -9999 -9999 -9999 -9999 -9999 -9999 -9999 -9999 -9999 -9999 -9999 -9999 -9999
5.9842E-3 7.18547E-3 6.99838E-3 7.77101E-3 5.84613E-3 7.87568E-3 7.4509E-3 7.17533E-3 6.63186E-3 6.79778E-3 7.46346E-3 1.20488E-2 -9999 -9999 4.17249E-3 1.09693E-2 1.15583E-2 -9999 -9999 -9999 4.16495E-3 -9999 -9999 -9999 -9999 -9999 -9999 -9999 -9999 -9999 -9999 -9999 -9999 1.15757E-2 3.7863E-2 5.66873E-2 9.73493E-2 1.64069E-1 2.09036E-1 1.6439E-1 2.4454E-1 2.43101E-1 3.41824E-1 -9999 -9999 -9999 -9999 -9999 -9999 -9999 -9999 -9999 -9999 -9999 -9999 -9999 -9999 -9999 -9999
7.19208E-3 6.54274E-3 7.16856E-3 4.19368E-3 3.82033E-3 -9999 5.7955E-3 5.77184E-3 9.28913E-3 -9999 -9999 9.18849E-4 1.03781E-2 -9999 1.06833E-2 4.32106E-3 2.36447E-3 -9999 -9999 -9999 -9999 -9999 -9999 -9999 -9999 3.0435E-2 -9999 -9999 -9999 -9999 -9999 -9999 -9999 1.78804E-2 -9999 -9999 -9999 -9999 -9999 1.577E-1 1.65721E-1 1.87509E-1 4.02637E-1 3.95085E-1 -9999 -9999 -9999 -9999 -9999 -9999 -9999 -9999 -9999 -9999 -9999 -9999 -9999 -9999 -9999
5.23001E-3 5.61891E-3 5.72114E-3 -9999 8.27758E-3 3.21772E-3 2.84576E-3 4.08535E-3 7.40479E-3 7.11612E-3 -9999 4.22423E-3 -9999 -9999 -9999 -9999 -9999 1.32195E-2 -9999 -9999 -9999 -9999 -9999 -9999 -9999 7.96573E-2 -9999 -9999 -9999 -9999 -9999 -9999 1.71226E-2 1.64187E-2 -9999 -9999 -9999 -9999 -9999 1.50074E-1 9.88234E-2 1.6645E-1 3.40545E-1 5.36973E-1 3.79862E-1 -9999 -9999 -9999 -9999 -9999 -9999 -9999 -9999 -9999 -9999 -9999 -9999 -9999 -9999
5.24946E-3 6.96203E-3 6.75522E-3 -9999 -9999 9.48952E-3 -9999 1.50873E-3 1.26774E-2 1.03888E-2 2.43051E-3 -9999 1.17317E-2 -9999 -9999 -9999 -9999 -9999 -9999 -9999 -9999 -9999 2.2184E-2 -9999 -9999 -9999 -9999 -9999 3.49536E-2 8.99942E-2 4.74669E-2 4.50557E-2 2.89753E-2 1.97112E-2 2.10664E-2 3.10414E-2 4.35441E-2 3.62949E-2 1.90824E-1 6.56397E-2 1.26029E-1 2.13304E-1 3.93874E-1 5.09518E-1 3.01761E-1 5.48561E-2 6.08537E-2 6.44493E-3 -9999 -9999 -9999 -9999 -9999 -9999 -9999 -9999 -9999 -9999 -9999
-9999 7.36436E-3 5.52679E-3 -9999 -9999 -9999 -9999 -9999 9.50875E-3 1.54316E-2 -9999 -9999 3.60115E-2 -9999 -9999 -9999 -9999 -9999 -9999 -9999 -9999 -9999 -9999 -9999 -9999 -9999 -9999 -9999 2.43324E-1 2.10026E-1 1.56181E-1 1.58278E-1 9.32631E-2 4.03617E-2 3.656E-2 6.09073E-2 9.77006E-2 8.69116E-2 9.0514E-2 8.20055E-2 1.15824E-1 1.33647E-1 1.75336E-1 1.4962E-1 -9999 2.41094E-2 -9999 -9999 1.27374E-2 3.69132E-3 -9999 -9999 -9999 -9999 -9999 -9999 -9999 -9999 -9999
-9999 3.90063E-3 1.91602E-3 1.13324E-2 -9999 -9999 -9999 -9999 -9999 -9999 2.464E-2 6.34367E-2 -9999 -9999 -9999 -9999 -9999 -9999 -9999 3.38196E-1 3.8984E-1 -9999 -9999 -9999 -9999 -9999 -9999 2.05015E-1 2.44588E-1 2.64714E-1 2.41077E-1 1.61151E-1 1.27549E-1 2.63109E-1 2.27231E-1 2.17953E-1 2.12415E-1 1.7094E-1 1.60865E-1 1.57153E-1 1.60746E-1 9.63272E-2 8.77063E-2 5.76061E-2 -9999 -9999 -9999 -9999 -9999 1.80183E-3 -9999 -9999 1.46712E-2 -9999 -9999 4.61396E-3 -9999 -9999 -9999
2.07148E-3 1.81539E-2 1.34885E-2 7.78078E-3 -9999 2.00441E-2 1.13619E-2 -9999 3.68795E-2 -9999 -9999 6.89245E-2 4.88239E-2 9.21904E-2 -9999 -9999 3.10314E-1 3.28946E-1 -9999 4.12635E-1 4.55979E-1 4.65495E-1 -9999 -9999 -9999 -9999 -9999 2.85862E-1 4.10934E-1 4.15228E-1 3.68337E-1 3.84488E-1 4.06157E-1 4.48241E-1 4.9821E-1 4.9989E-1 5.01463E-1 4.77428E-1 2.21887E-1 1.77223E-1 1.389E-1 9.78752E-2 6.37098E-2 5.10842E-2 1.583E-2 -9999 2.42334E-3 -9999 9.40455E-3 6.25815E-3 -9999 -9999 -9999 -9999 1.69421E-1 1.01053E-2 1.43553E-3 -9999 -9999
1.37781E-2 4.04574E-3 5.52821E-3 2.13642E-2 3.71062E-2 -9999 5.39358E-3 -9999 -9999 -9999 -9999 2.52937E-2 -9999 1.38413E-1 1.99942E-1 2.10136E-1 1.50236E-1 3.34967E-1 3.69571E-1 4.17643E-1 4.55744E-1 4.7606E-1 4.98594E-1 5.05391E-1 -9999 2.02149E-1 3.79476E-1 5.3894E-1 5.59652E-1 5.85046E-1 5.51752E-1 4.86904E-1 4.80595E-1 5.0072E-1 5.78509E-1 6.06644E-1 3.71661E-1 4.4257E-1 3.70389E-1 2.69366E-1 1.68317E-1 8.42008E-2 1.0224E-1 6.25782E-2 3.2019E-2 -9999 2.27072E-2 -9999 -9999 -9999 1.55937E-2 -9999 -9999 1.47977E-1 6.4641E-2 1.06474E-2 3.61168E-3 -9999 4.01936E-3
2.01746E-2 8.84276E-3 -9999 3.60436E-2 5.45927E-2 6.1613E-2 7.58105E-2 1.09869E-1 3.07013E-2 2.23104E-2 -9999 -9999 1.87438E-1 1.79114E-1 1.64804E-1 2.94475E-1 2.7537E-1 3.17898E-1 3.7502E-1 4.00664E-1 4.20846E-1 4.19903E-1 4.13409E-1 3.85532E-1 3.87428E-1 4.33419E-1 3.96261E-1 5.0714E-1 5.60587E-1 6.03688E-1 5.8785E-1 5.54667E-1 5.37959E-1 5.64587E-1 5.77103E-1 4.68655E-1 4.48195E-1 3.26243E-1 3.3314E-1 2.38554E-1 2.34351E-1 1.41263E-1 1.5021E-1 1.16118E-1 7.62637E-2 7.09595E-2 4.56701E-2 1.82865E-2 4.09205E-2 2.06257E-2 3.44354E-2 -9999 -9999 7.95311E-2 2.02858E-2 -9999 1.29504E-2 -9999 -9999
2.21648E-2 3.79473E-2 7.32623E-2 9.72027E-2 1.29793E-1 1.9244E-1 1.59198E-1 2.1477E-1 2.11567E-1 1.80448E-1 2.71235E-1 1.46861E-1 1.97055E-1 2.05512E-1 2.62289E-1 3.26954E-1 3.38291E-1 3.58507E-1 3.49333E-1 3.20869E-1 3.49716E-1 2.8911E-1 3.21881E-1 3.87001E-1 3.69296E-1 4.22539E-1 4.38097E-1 4.93834E-1 5.72053E-1 5.88746E-1 6.00286E-1 5.6175E-1 5.87779E-1 5.78653E-1 5.54654E-1 4.05147E-1 3.54093E-1 3.51226E-1 4.08171E-1 3.4437E-1 6.68322E-2 2.62444E-1 8.71392E-2 1.03318E-1 1.22252E-1 -9999 3.91934E-2 -9999 -9999 9.11702E-2 -9999 -9999 -9999 2.01945E-2 3.65978E-2 -9999 -9999 -9999 6.04006E-3
1.55471E-2 7.62844E-3 3.62659E-2 9.55523E-2 1.90487E-1 1.72759E-1 2.263E-1 2.36986E-1 2.6916E-1 3.0086E-1 2.12426E-1 3.3253E-1 2.9146E-1 3.2384E-1 3.28593E-1 3.46591E-1 3.17634E-1 2.67832E-1 3.09103E-1 2.47957E-1 3.24102E-1 2.95007E-1 4.01629E-1 3.6585E-1 4.72386E-1 4.90196E-1 4.74682E-1 5.17815E-1 4.87575E-1 4.92605E-1 5.85195E-1 5.58269E-1 5.84615E-1 6.33871E-1 5.91779E-1 4.76839E-1 2.08672E-1 3.15538E-1 1.78558E-1 4.17545E-1 3.87882E-1 1.999E-1 -9999 2.85927E-1 2.27228E-1 1.90328E-1 -9999 1.31046E-1 2.18106E-1 1.13545E-1 2.01656E-1 1.80232E-1 1.43467E-1 4.64473E-2 9.9528E-2 9.01339E-2 1.08274E-1 1.68073E-1 2.8939E-1
2.50751E-2 6.492E-2 1.34939E-1 9.79769E-2 1.38601E-1 2.14199E-1 2.32338E-1 2.52645E-1 2.45041E-1 3.23787E-1 2.21522E-1 2.77116E-1 3.24095E-1 3.16187E-1 2.86311E-1 2.34681E-1 2.90395E-1 2.13468E-1 2.1572E-1 2.30727E-1 2.95E-1 2.28224E-1 2.51271E-1 3.04755E-1 2.93118E-1 4.54241E-1 5.10733E-1 5.21878E-1 3.88948E-1 4.09559E-1 5.51645E-1 5.2361E-1 5.30306E-1 5.47667E-1 5.64084E-1 4.27182E-1 3.76514E-1 2.73952E-1 4.69225E-1 4.25333E-1 4.40093E-1 -9999 1.80462E-1 -9999 -9999 3.26664E-1 3.17782E-1 1.90749E-1 2.61281E-1 4.99968E-2 2.63835E-1 2.61184E-1 2.05505E-1 1.6174E-1 1.80419E-1 1.87925E-1 2.0107E-1 2.66494E-1 1.774E-1
1.65325E-1 1.05007E-1 1.50717E-1 8.17073E-2 2.37687E-1 2.10063E-1 2.42736E-1 2.42432E-1 2.37162E-1 1.70327E-1 2.78972E-1 2.12541E-1 1.62629E-1 1.81113E-1 2.40497E-1 1.95335E-1 1.94284E-1 2.34979E-1 1.952E-1 2.75101E-1 1.2532E-1 2.59158E-1 2.4663E-1 2.66044E-1 2.9391E-1 3.94952E-1 4.76296E-1 3.09624E-1 4.92496E-1 4.11106E-1 4.50699E-1 4.82985E-1 4.56802E-1 4.54068E-1 4.62643E-1 3.41397E-1 4.82888E-1 4.343E-1 4.90965E-1 2.53335E-1 4.62386E-1 4.38575E-1 5.10143E-1 5.14809E-1 5.33221E-1 4.5925E-1 4.06588E-1 4.46035E-1 4.24947E-1 3.76097E-1 2.17625E-1 3.10651E-1 3.03741E-1 2.41927E-1 1.81208E-1 2.26438E-1 2.1766E-1 1.87251E-1 1.41832E-1
2.85405E-1 2.55313E-1 3.26914E-1 2.82572E-1 2.67189E-1 2.37021E-1 2.68489E-1 1.84999E-1 3.0464E-1 2.50134E-1 2.64846E-1 1.48274E-1 1.80019E-1 2.47548E-1 2.32649E-1 2.40315E-1 1.84044E-1 2.16882E-1 3.08405E-1 2.75483E-1 2.28832E-1 3.36772E-1 3.61816E-1 3.89724E-1 4.23451E-1 3.94501E-1 3.38263E-1 4.13848E-1 3.71257E-1 2.34909E-1 6.12263E-1 5.84521E-1 4.87176E-1 5.23397E-1 4.10086E-1 5.75419E-1 4.14801E-1 4.64297E-1 4.9974E-1 3.93782E-1 5.41415E-1 5.39064E-1 6.18926E-1 6.44362E-1 5.61385E-1 6.23441E-1 6.34272E-1 5.89718E-1 6.30583E-1 5.21795E-1 3.8623E-1 3.66308E-1 3.87584E-1 2.66787E-1 2.852E-1 2.87074E-1 2.5598E-1 1.94969E-1 1.66792E-1
