data/Modelo 4/SPZn_stddev.asc
ncols         78
nrows         61
xllcorner     -149.5
yllcorner     -28.5
cellsize      1.0
NODATA_value  -9999
[rows 26 to 51 of 61, columns 0 to 58 of 78]
2.689E-2 2.79985E-2 2.77668E-2 2.46295E-2 2.31374E-2 2.49019E-2 2.19201E-2 2.16521E-2 2.08561E-2 2.38687E-2 2.31299E-2 1.97996E-2 2.01422E-2 1.89155E-2 1.89107E-2 1.87564E-2 2.4025E-2 2.03361E-2 2.26603E-2 1.98503E-2 2.48484E-2 2.17054E-2 2.05097E-2 2.29117E-2 2.65011E-2 2.45183E-2 2.34507E-2 2.44383E-2 2.37854E-2 2.39698E-2 2.72696E-2 2.30435E-2 2.74893E-2 2.72565E-2 2.77706E-2 2.78213E-2 2.75711E-2 2.8759E-2 2.9392E-2 2.40117E-2 2.70985E-2 1.88653E-2 2.693E-2 1.78192E-2 2.23684E-2 1.8773E-2 1.96359E-2 1.87965E-2 1.83935E-2 1.88498E-2 2.56622E-2 2.57267E-2 3.65991E-2 2.77712E-2 4.03892E-2 3.48656E-2 3.0792E-2 2.49449E-2 2.32772E-2
2.73587E-2 2.6202E-2 2.51644E-2 2.40276E-2 2.34693E-2 2.33211E-2 2.33351E-2 2.31153E-2 2.20189E-2 2.26573E-2 2.24931E-2 2.23265E-2 2.28389E-2 2.175E-2 2.17219E-2 2.33227E-2 2.14107E-2 2.27476E-2 2.15445E-2 2.1437E-2 1.99842E-2 2.10792E-2 2.07706E-2 2.24026E-2 2.0854E-2 2.13574E-2 2.0792E-2 2.05647E-2 2.29821E-2 2.23058E-2 2.14208E-2 2.35432E-2 2.16209E-2 2.36779E-2 2.41168E-2 2.14181E-2 2.36011E-2 2.3255E-2 2.58337E-2 1.93437E-2 2.61303E-2 2.6106E-2 2.9008E-2 2.78393E-2 2.61696E-2 2.08481E-2 1.80237E-2 1.56696E-2 1.64153E-2 1.21508E-2 1.08408E-2 1.29585E-2 1.63913E-2 2.08074E-2 2.62754E-2 2.6292E-2 2.57692E-2 2.77234E-2 3.01269E-2
2.77232E-2 2.57898E-2 2.51424E-2 2.37828E-2 2.36917E-2 2.42277E-2 2.45393E-2 2.03101E-2 2.01633E-2 2.35218E-2 2.29598E-2 2.34493E-2 2.27676E-2 2.27899E-2 2.11823E-2 2.17652E-2 2.29805E-2 1.95869E-2 2.15498E-2 2.18288E-2 2.11794E-2 2.01848E-2 1.96382E-2 1.97139E-2 1.94887E-2 1.96666E-2 1.98826E-2 1.77246E-2 2.06408E-2 2.19653E-2 2.0114E-2 2.07802E-2 2.25579E-2 1.87942E-2 2.27374E-2 1.94465E-2 2.43074E-2 2.48576E-2 2.35576E-2 2.47287E-2 2.25056E-2 2.63347E-2 2.55585E-2 2.32072E-2 2.06716E-2 1.51013E-2 1.80275E-2 1.70856E-2 1.61692E-2 1.42513E-2 1.04861E-2 9.84827E-3 1.13129E-2 1.35219E-2 1.56252E-2 1.20818E-2 1.11934E-2 1.2054E-2 1.2697E-2
2.27852E-2 2.21116E-2 2.14568E-2 2.08697E-2 2.057E-2 2.09627E-2 2.01031E-2 1.94527E-2 1.88836E-2 1.83343E-2 2.07322E-2 2.08114E-2 2.09214E-2 1.99505E-2 2.08267E-2 1.90953E-2 2.06505E-2 1.76491E-2 1.89176E-2 2.00138E-2 1.95271E-2 1.80807E-2 2.06747E-2 1.89348E-2 2.40815E-2 1.92919E-2 2.60744E-2 2.06683E-2 2.0799E-2 1.93368E-2 1.91082E-2 1.89651E-2 1.91918E-2 1.78274E-2 1.75286E-2 1.73271E-2 1.60548E-2 1.79166E-2 1.66282E-2 1.78317E-2 1.61549E-2 1.61532E-2 1.88939E-2 1.82148E-2 1.42988E-2 1.58399E-2 1.48553E-2 1.77912E-2 1.57872E-2 1.33341E-2 1.50001E-2 1.55203E-2 1.55499E-2 1.69159E-2 1.82234E-2 1.11547E-2 1.06631E-2 1.04698E-2 9.18146E-3
1.74039E-2 1.89208E-2 1.69134E-2 1.87117E-2 2.06765E-2 1.84599E-2 1.91249E-2 2.47891E-2 2.56524E-2 2.53219E-2 2.32623E-2 2.59716E-2 2.58761E-2 1.90115E-2 2.5503E-2 2.53801E-2 2.34286E-2 1.64632E-2 2.98214E-2 2.78738E-2 2.46813E-2 2.55478E-2 1.88111E-2 1.6134E-2 1.85586E-2 1.58971E-2 1.59966E-2 2.60466E-2 2.45758E-2 2.3146E-2 1.52109E-2 1.60499E-2 1.74787E-2 1.81462E-2 2.08911E-2 1.71867E-2 1.50215E-2 1.44883E-2 1.63391E-2 1.38016E-2 1.90142E-2 2.72612E-2 1.59792E-2 2.00633E-2 2.08906E-2 2.03793E-2 1.99697E-2 1.95367E-2 2.09986E-2 2.20918E-2 2.28056E-2 2.43947E-2 2.51051E-2 2.46899E-2 2.62164E-2 2.47545E-2 2.47889E-2 2.12239E-2 2.07001E-2
2.40513E-2 2.84645E-2 2.22745E-2 3.67499E-2 3.71159E-2 3.42271E-2 2.15685E-2 3.31429E-2 2.28204E-2 2.63009E-2 2.87845E-2 3.48128E-2 3.20983E-2 2.72424E-2 2.36478E-2 3.20835E-2 3.15033E-2 1.93549E-2 -9999 3.33969E-2 2.35821E-2 2.69996E-2 2.86021E-2 1.66542E-2 3.1564E-2 2.32807E-2 2.44929E-2 2.09116E-2 3.0203E-2 2.32233E-2 2.29466E-2 2.52918E-2 1.9816E-2 2.50416E-2 2.33359E-2 2.43747E-2 1.87316E-2 2.43661E-2 2.45666E-2 1.74035E-2 2.33382E-2 2.363E-2 2.29003E-2 2.16482E-2 1.86703E-2 1.958E-2 2.12007E-2 2.51305E-2 2.31721E-2 2.09805E-2 2.74672E-2 1.94266E-2 2.21388E-2 2.54878E-2 2.662E-2 2.22387E-2 2.24669E-2 2.84097E-2 3.48142E-2
2.17284E-2 2.38592E-2 2.85792E-2 1.84127E-2 1.92962E-2 2.53928E-2 -9999 -9999 1.58541E-2 2.03203E-2 2.45606E-2 2.37953E-2 2.28938E-2 1.95301E-2 1.89934E-2 2.56462E-2 2.10061E-2 2.52509E-2 2.24391E-2 1.76609E-2 2.47129E-2 2.88683E-2 2.91188E-2 3.27332E-2 3.50016E-2 3.43205E-2 3.45753E-2 3.62827E-2 3.02323E-2 3.44106E-2 3.46043E-2 3.48025E-2 3.47073E-2 3.49774E-2 3.46143E-2 3.31504E-2 3.25032E-2 3.24735E-2 3.23033E-2 2.53672E-2 3.08971E-2 3.09044E-2 3.10877E-2 3.11585E-2 3.18744E-2 2.83213E-2 3.00319E-2 3.60093E-2 3.30812E-2 3.52495E-2 3.54916E-2 3.40938E-2 3.42499E-2 3.39386E-2 3.07295E-2 3.77665E-2 3.86956E-2 3.58106E-2 3.35699E-2
2.96357E-2 2.30427E-2 2.21612E-2 2.03276E-2 2.69925E-2 2.03492E-2 2.61583E-2 1.68146E-2 2.46122E-2 2.43139E-2 1.99405E-2 1.64192E-2 2.39074E-2 1.97178E-2 2.82307E-2 2.49371E-2 2.61621E-2 2.50113E-2 2.95133E-2 3.20241E-2 -9999 3.13362E-2 3.59036E-2 3.30885E-2 -9999 2.58963E-2 2.73651E-2 2.52922E-2 2.52405E-2 2.58619E-2 3.18746E-2 3.20739E-2 3.23825E-2 3.26894E-2 3.33899E-2 2.52011E-2 2.86028E-2 3.07526E-2 3.48898E-2 3.14054E-2 3.10637E-2 2.79821E-2 3.22718E-2 3.54394E-2 3.38376E-2 2.61105E-2 3.5386E-2 3.16493E-2 3.55123E-2 3.5187E-2 3.33337E-2 3.1933E-2 3.61243E-2 3.65267E-2 3.49491E-2 3.92348E-2 4.45731E-2 6.00015E-2 3.55961E-2
2.67607E-2 2.5625E-2 2.52808E-2 2.5253E-2 2.24003E-2 2.48179E-2 1.9344E-2 2.45696E-2 2.45407E-2 2.46265E-2 2.59919E-2 2.6289E-2 2.54951E-2 2.50395E-2 1.96593E-2 2.42713E-2 2.39274E-2 2.32824E-2 2.33592E-2 1.75185E-2 3.61023E-2 2.87276E-2 -9999 3.39093E-2 3.25946E-2 2.75935E-2 2.67419E-2 2.74749E-2 3.02933E-2 2.29342E-2 2.5916E-2 2.42093E-2 2.50996E-2 2.62798E-2 2.65178E-2 4.06168E-2 4.18936E-2 4.0442E-2 3.89136E-2 3.52828E-2 3.43775E-2 3.40363E-2 3.41069E-2 3.42629E-2 3.45123E-2 3.46711E-2 3.45756E-2 3.45411E-2 3.45411E-2 3.45798E-2 2.97835E-2 3.25426E-2 3.55211E-2 3.68355E-2 3.97374E-2 4.31528E-2 3.69866E-2 4.53517E-2 3.66498E-2
2.12771E-2 2.14292E-2 2.17032E-2 2.26691E-2 2.1705E-2 2.46921E-2 2.52786E-2 2.51406E-2 1.56324E-2 1.64886E-2 1.60764E-2 1.61843E-2 2.37319E-2 2.35841E-2 2.37425E-2 2.35696E-2 2.30659E-2 1.47885E-2 1.93739E-2 2.22254E-2 3.67086E-2 4.47151E-2 3.68491E-2 1.72281E-2 4.60135E-2 4.37674E-2 3.89913E-2 2.51825E-2 2.0122E-2 1.98098E-2 1.52839E-2 1.53627E-2 1.32762E-2 1.91926E-2 1.58034E-2 2.10803E-2 2.22875E-2 2.30755E-2 2.4188E-2 2.55731E-2 2.62129E-2 2.66712E-2 2.69391E-2 2.65561E-2 2.62247E-2 2.63623E-2 2.66827E-2 2.69936E-2 2.71772E-2 2.75398E-2 3.12058E-2 4.14281E-2 4.04156E-2 3.50883E-2 3.61897E-2 3.7495E-2 2.96755E-2 2.58187E-2 2.73462E-2
2.74491E-2 2.5576E-2 2.21947E-2 2.44864E-2 1.82342E-2 1.75289E-2 1.68224E-2 1.85382E-2 1.93405E-2 2.45113E-2 2.27611E-2 1.81209E-2 1.88361E-2 2.43894E-2 2.25598E-2 1.9532E-2 1.9122E-2 1.82146E-2 1.51389E-2 1.96985E-2 1.3417E-2 -9999 4.02206E-2 3.32062E-2 2.18597E-2 3.42868E-2 3.6649E-2 3.1825E-2 2.1643E-2 1.75626E-2 1.68704E-2 2.41654E-2 2.13591E-2 3.45979E-2 4.00514E-2 2.56404E-2 1.711E-2 1.9458E-2 1.89652E-2 1.89487E-2 1.90872E-2 1.96875E-2 2.02065E-2 1.98794E-2 1.95643E-2 1.97313E-2 2.06411E-2 2.05404E-2 2.08585E-2 2.19545E-2 2.46599E-2 2.60036E-2 2.99814E-2 3.98681E-2 4.36221E-2 4.4369E-2 3.69716E-2 3.269E-2 2.38319E-2
3.30169E-2 3.17749E-2 3.0834E-2 2.93673E-2 2.99515E-2 2.88006E-2 2.76124E-2 2.19964E-2 2.31056E-2 2.10646E-2 2.00132E-2 2.23187E-2 2.32041E-2 2.24458E-2 2.00703E-2 1.85981E-2 2.02784E-2 2.56223E-2 1.72025E-2 2.18369E-2 2.43236E-2 -9999 -9999 2.59936E-2 2.69773E-2 -9999 2.14183E-2 2.26013E-2 2.77394E-2 3.13222E-2 2.56329E-2 3.06251E-2 1.34563E-2 2.65237E-2 3.4801E-2 1.92406E-2 1.89222E-2 2.43792E-2 2.05749E-2 1.46516E-2 1.74511E-2 1.76772E-2 2.00697E-2 1.98196E-2 1.89071E-2 1.90258E-2 1.88172E-2 1.83974E-2 1.6995E-2 1.65279E-2 1.87762E-2 1.97746E-2 1.94944E-2 1.55206E-2 2.12053E-2 2.29845E-2 1.72069E-2 1.46041E-2 1.61294E-2
2.35147E-2 2.31109E-2 2.15499E-2 2.05088E-2 1.92677E-2 1.86738E-2 2.1614E-2 -9999 -9999 -9999 2.01029E-2 2.08044E-2 2.34239E-2 2.1935E-2 2.38967E-2 2.22938E-2 2.33436E-2 2.3622E-2 2.38762E-2 2.70058E-2 2.56184E-2 2.68825E-2 2.69833E-2 2.19729E-2 2.09172E-2 2.05926E-2 2.10744E-2 2.3724E-2 2.02196E-2 2.02837E-2 2.2852E-2 1.76457E-2 1.88055E-2 2.85441E-2 1.73024E-2 2.07175E-2 1.99956E-2 1.55663E-2 2.21411E-2 1.65683E-2 1.18787E-2 1.56583E-2 1.53081E-2 1.47739E-2 1.40719E-2 1.35364E-2 1.34572E-2 1.3538E-2 1.31041E-2 1.33089E-2 1.36905E-2 1.43676E-2 1.36511E-2 1.32777E-2 1.25585E-2 3.73989E-2 2.04576E-2 1.3289E-2 1.51052E-2
2.96325E-2 2.78371E-2 2.3608E-2 2.01795E-2 1.96632E-2 1.91659E-2 -9999 -9999 -9999 -9999 1.90046E-2 1.71256E-2 1.81551E-2 1.88212E-2 2.36801E-2 2.37306E-2 2.87424E-2 2.46221E-2 2.57682E-2 2.6865E-2 2.22647E-2 2.38492E-2 2.24054E-2 2.34974E-2 2.0851E-2 2.33239E-2 2.55513E-2 2.03307E-2 1.92191E-2 2.02958E-2 2.15666E-2 2.70264E-2 2.4922E-2 2.35988E-2 2.15665E-2 2.02318E-2 1.88519E-2 1.90255E-2 1.76857E-2 1.66732E-2 1.57329E-2 1.55836E-2 1.37012E-2 1.28398E-2 1.54155E-2 1.30619E-2 1.21476E-2 2.02787E-2 1.05399E-2 1.05533E-2 1.03488E-2 1.02042E-2 1.05293E-2 1.10167E-2 1.0385E-2 2.49017E-2 1.23031E-2 1.18901E-2 1.42311E-2
3.0972E-2 3.7235E-2 3.50857E-2 3.08078E-2 2.69765E-2 -9999 2.29916E-2 2.23456E-2 2.50412E-2 2.38099E-2 1.41573E-2 -9999 1.762E-2 1.87497E-2 1.99748E-2 2.12389E-2 2.30489E-2 2.63043E-2 2.03034E-2 1.95674E-2 2.3077E-2 2.52651E-2 2.42521E-2 2.44491E-2 2.3628E-2 2.00791E-2 2.10049E-2 2.02846E-2 1.7199E-2 1.78088E-2 1.95341E-2 1.96141E-2 1.99929E-2 2.01652E-2 2.05083E-2 2.07156E-2 2.473E-2 2.30103E-2 2.3162E-2 2.25063E-2 2.60971E-2 2.46827E-2 2.74831E-2 2.41286E-2 1.9967E-2 2.2627E-2 1.64694E-2 1.48671E-2 1.39379E-2 1.56381E-2 1.42593E-2 1.25464E-2 1.30173E-2 1.32634E-2 1.28009E-2 1.67881E-2 1.96245E-2 1.45323E-2 1.72413E-2
1.60671E-2 2.04092E-2 2.51339E-2 2.98728E-2 3.41108E-2 2.4501E-2 -9999 2.43607E-2 2.86056E-2 2.45096E-2 -9999 -9999 -9999 2.0558E-2 2.07387E-2 1.7278E-2 1.79895E-2 1.95462E-2 2.04992E-2 2.14078E-2 2.18844E-2 2.69605E-2 2.07966E-2 2.28008E-2 2.06261E-2 1.73682E-2 1.53061E-2 1.65652E-2 1.56271E-2 1.41814E-2 1.59777E-2 1.8347E-2 1.89467E-2 2.0182E-2 1.96585E-2 1.73432E-2 1.94387E-2 2.1955E-2 1.96978E-2 2.28238E-2 2.27548E-2 2.21661E-2 1.95181E-2 2.4052E-2 3.24641E-2 3.48038E-2 3.06472E-2 2.63705E-2 2.39559E-2 2.16957E-2 2.26484E-2 2.60599E-2 2.54537E-2 1.99213E-2 1.94251E-2 2.08202E-2 1.81623E-2 2.33458E-2 2.26559E-2
2.74326E-3 3.73448E-3 6.14955E-3 9.94882E-3 1.6224E-2 1.71669E-2 2.33596E-2 2.5069E-2 3.15834E-2 3.01186E-2 1.69831E-2 1.63003E-2 -9999 1.62221E-2 1.71016E-2 1.52961E-2 1.37425E-2 1.34137E-2 1.06948E-2 1.24031E-2 1.84522E-2 1.79544E-2 1.38326E-2 1.42582E-2 1.32515E-2 1.24041E-2 1.26716E-2 1.52697E-2 1.52609E-2 1.39405E-2 1.50416E-2 1.8001E-2 1.84974E-2 1.74009E-2 1.65877E-2 1.66073E-2 1.67161E-2 1.63348E-2 1.53357E-2 1.66326E-2 1.73292E-2 1.88524E-2 1.63743E-2 1.86361E-2 2.13153E-2 1.98344E-2 2.24414E-2 2.28398E-2 2.6678E-2 2.25808E-2 2.65035E-2 2.37001E-2 2.44156E-2 2.88241E-2 2.93345E-2 2.79094E-2 2.63919E-2 2.59923E-2 2.02142E-2
9.06317E-4 9.08346E-4 1.74804E-3 2.73856E-3 4.76677E-3 7.41503E-3 1.20397E-2 2.85989E-2 2.30197E-2 2.49201E-2 1.67715E-2 1.25597E-2 -9999 -9999 1.51121E-2 1.3302E-2 1.20967E-2 1.09621E-2 1.11498E-2 9.83065E-3 1.28355E-2 1.26309E-2 8.55109E-3 1.11073E-2 1.14969E-2 1.12273E-2 1.23147E-2 1.10327E-2 1.16379E-2 1.08784E-2 1.17392E-2 1.25794E-2 1.31162E-2 1.42145E-2 1.54407E-2 1.59472E-2 1.57887E-2 1.7127E-2 1.80013E-2 1.94954E-2 2.04693E-2 2.1699E-2 1.91291E-2 1.78501E-2 1.73594E-2 1.79294E-2 1.69792E-2 1.60005E-2 1.5235E-2 1.63265E-2 1.43658E-2 2.05088E-2 2.4265E-2 2.33586E-2 2.53274E-2 1.90828E-2 3.03532E-2 2.70621E-2 2.22293E-2
4.58068E-4 7.59381E-4 9.70184E-4 6.89581E-4 2.12737E-3 3.5794E-3 4.01462E-3 9.32179E-3 1.24633E-2 1.21065E-2 1.16237E-2 4.00367E-3 -9999 7.29387E-3 7.89452E-3 8.90603E-3 9.95745E-3 1.07878E-2 1.1824E-2 1.22195E-2 1.28016E-2 1.31978E-2 1.16808E-2 1.24267E-2 1.18144E-2 1.23839E-2 1.21924E-2 9.94344E-3 1.02789E-2 1.16364E-2 1.08187E-2 1.2428E-2 1.18095E-2 1.32317E-2 1.42001E-2 1.48602E-2 1.58161E-2 1.69716E-2 1.883E-2 2.05961E-2 2.09854E-2 2.17997E-2 1.85473E-2 1.81556E-2 2.01092E-2 2.07181E-2 1.85209E-2 1.8376E-2 2.05319E-2 1.94822E-2 2.00606E-2 2.03059E-2 2.12606E-2 2.01019E-2 2.17415E-2 2.20302E-2 2.25677E-2 2.58977E-2 2.3958E-2
2.95073E-4 3.73192E-4 6.3737E-4 7.6129E-4 1.2169E-3 1.38335E-3 2.48992E-3 3.23035E-3 3.14588E-3 2.74844E-3 2.07515E-3 1.73579E-3 1.69837E-3 3.0917E-3 3.23845E-3 3.5029E-3 3.7623E-3 4.81214E-3 6.98375E-3 9.24523E-3 1.08812E-2 1.24697E-2 1.25946E-2 1.23168E-2 1.28893E-2 1.3169E-2 1.44699E-2 1.18192E-2 1.10786E-2 1.24482E-2 1.21477E-2 1.34863E-2 1.31571E-2 1.43612E-2 1.41394E-2 1.5843E-2 1.70934E-2 1.72229E-2 1.79357E-2 1.80147E-2 1.95475E-2 2.133E-2 1.95583E-2 1.91431E-2 2.03644E-2 2.20975E-2 2.023E-2 2.50017E-2 2.64127E-2 2.88641E-2 3.04382E-2 2.95271E-2 3.1018E-2 3.14403E-2 3.38814E-2 3.43163E-2 3.20755E-2 3.00227E-2 2.69164E-2
3.15359E-4 3.53871E-4 4.663E-4 7.2446E-4 8.65437E-4 9.54964E-4 1.22902E-3 1.31432E-3 1.37279E-3 1.61122E-3 1.64593E-3 -9999 6.20233E-4 1.42655E-3 1.39237E-3 1.43206E-3 1.59852E-3 2.00117E-3 2.74665E-3 3.69953E-3 4.53385E-3 5.52825E-3 6.24222E-3 6.93697E-3 7.16576E-3 7.24531E-3 7.54334E-3 6.16226E-3 5.239E-3 5.97156E-3 6.24503E-3 7.63314E-3 7.03965E-3 9.61056E-3 1.20917E-2 1.38372E-2 1.39917E-2 1.43524E-2 1.30873E-2 1.28183E-2 1.54613E-2 1.75127E-2 1.78632E-2 1.64264E-2 1.85875E-2 2.20553E-2 2.31456E-2 2.28838E-2 2.31891E-2 2.52188E-2 2.74397E-2 2.76595E-2 2.72012E-2 2.75456E-2 2.88878E-2 3.06558E-2 3.45794E-2 3.90748E-2 3.8662E-2
6.372E-4 6.0277E-4 8.71999E-4 7.15493E-4 9.38142E-4 6.74089E-4 6.28509E-4 5.93685E-4 7.07188E-4 7.94239E-4 8.13765E-4 -9999 -9999 7.1438E-4 7.30667E-4 7.35134E-4 7.54327E-4 9.22704E-4 1.16504E-3 1.69203E-3 1.97312E-3 2.34369E-3 2.58386E-3 2.70223E-3 2.71211E-3 2.67527E-3 2.6153E-3 2.47072E-3 2.36253E-3 2.37235E-3 2.36399E-3 2.70743E-3 2.86274E-3 3.5328E-3 4.74052E-3 5.95639E-3 7.8998E-3 9.82011E-3 1.15403E-2 1.31441E-2 1.44595E-2 1.57315E-2 1.58216E-2 1.61947E-2 1.3491E-2 1.76971E-2 1.92475E-2 2.14099E-2 2.24148E-2 2.33837E-2 2.38681E-2 2.13339E-2 1.98977E-2 2.1477E-2 2.35845E-2 2.67549E-2 3.1474E-2 3.44593E-2 3.59868E-2
1.31148E-3 2.55825E-3 1.64925E-3 9.26897E-4 9.87199E-4 8.17809E-4 7.31741E-4 5.93944E-4 2.85112E-4 2.60073E-4 3.53559E-4 -9999 -9999 4.38343E-4 4.33916E-4 4.35594E-4 4.66773E-4 5.17016E-4 6.13364E-4 8.27671E-4 9.12437E-4 1.09206E-3 1.23528E-3 1.19669E-3 1.22702E-3 1.20327E-3 1.12448E-3 1.22979E-3 1.2551E-3 1.12944E-3 1.0916E-3 1.11814E-3 1.26328E-3 1.37725E-3 1.68996E-3 2.17422E-3 3.04005E-3 3.94904E-3 4.77936E-3 5.64887E-3 7.13388E-3 7.52875E-3 6.99227E-3 7.78463E-3 9.2163E-3 1.1491E-2 1.30591E-2 1.57769E-2 1.64068E-2 1.861E-2 1.93024E-2 2.24731E-2 1.95815E-2 1.77222E-2 2.3056E-2 2.92917E-2 3.25446E-2 3.25442E-2 3.72467E-2
1.57442E-3 2.91079E-3 3.51103E-3 2.32167E-3 1.78279E-3 6.76977E-4 3.7292E-4 4.46199E-4 2.48555E-4 2.65154E-4 2.49686E-4 3.02739E-4 1.63526E-4 -9999 -9999 2.94488E-4 3.27938E-4 3.54765E-4 4.15962E-4 4.62383E-4 5.01753E-4 5.98601E-4 6.44888E-4 6.69393E-4 6.55868E-4 6.39614E-4 6.57297E-4 6.73318E-4 6.28411E-4 5.86223E-4 5.83604E-4 6.21453E-4 6.65467E-4 7.6476E-4 8.21972E-4 9.24813E-4 1.13479E-3 1.35041E-3 1.63518E-3 2.02394E-3 2.56614E-3 2.61034E-3 2.72567E-3 3.16381E-3 5.02898E-3 6.8283E-3 7.20967E-3 8.79393E-3 9.16443E-3 1.00898E-2 1.04832E-2 1.34881E-2 1.28575E-2 1.43203E-2 1.92245E-2 2.64359E-2 2.76165E-2 2.90187E-2 2.7963E-2
7.39072E-4 1.17349E-3 2.68755E-3 1.79599E-3 9.73491E-4 -9999 4.76209E-4 2.4236E-4 1.88821E-4 -9999 -9999 -9999 2.76187E-4 1.5382E-4 -9999 1.56633E-4 2.60824E-4 2.72703E-4 3.00412E-4 3.24868E-4 3.53203E-4 3.76963E-4 3.89594E-4 4.16533E-4 4.03989E-4 3.72169E-4 4.00564E-4 4.20799E-4 3.97705E-4 4.14619E-4 4.05912E-4 4.58039E-4 4.84123E-4 4.93457E-4 5.37231E-4 5.69271E-4 6.32356E-4 7.67165E-4 9.74624E-4 1.32264E-3 1.54261E-3 1.55941E-3 1.71125E-3 1.89351E-3 3.23365E-3 4.30723E-3 4.62924E-3 5.3323E-3 4.91397E-3 5.60875E-3 6.30202E-3 8.17853E-3 8.78743E-3 9.4948E-3 1.40166E-2 1.55319E-2 1.57395E-2 1.87443E-2 1.77517E-2
4.02929E-4 6.12639E-4 8.29557E-4 9.92467E-4 6.6783E-4 5.72252E-4 -9999 3.39497E-4 1.79315E-4 1.70756E-4 -9999 -9999 -9999 1.53492E-4 1.67539E-4 -9999 2.55224E-4 2.35771E-4 2.52719E-4 2.58973E-4 2.68797E-4 2.83154E-4 2.83958E-4 3.21355E-4 3.07543E-4 3.04392E-4 3.27173E-4 3.49567E-4 3.48298E-4 3.48796E-4 3.63019E-4 3.81941E-4 4.05829E-4 4.5632E-4 4.58711E-4 5.16612E-4 5.14535E-4 7.79277E-4 9.07713E-4 9.89026E-4 1.07994E-3 1.16244E-3 1.31538E-3 1.69306E-3 2.17966E-3 2.27857E-3 2.7242E-3 2.74401E-3 3.42347E-3 3.75919E-3 4.1325E-3 5.20252E-3 5.01475E-3 5.15298E-3 7.1501E-3 7.10023E-3 6.87221E-3 7.32627E-3 7.89536E-3
