data/Modelo 4/SPZn_median.asc
ncols         78
nrows         61
xllcorner     -149.5
yllcorner     -28.5
cellsize      1.0
NODATA_value  -9999
[rows 26 to 51 of 61, columns 0 to 58 of 78]
5.38337E-1 5.49026E-1 5.46883E-1 4.86235E-1 4.54575E-1 5.13343E-1 4.34346E-1 3.68477E-1 4.42269E-1 4.87298E-1 4.76139E-1 4.13031E-1 4.2053E-1 3.73121E-1 3.64849E-1 3.66454E-1 4.7074E-1 4.32661E-1 4.74195E-1 3.92629E-1 4.98717E-1 3.40238E-1 4.18772E-1 4.7535E-1 5.25852E-1 5.20791E-1 4.20301E-1 5.37404E-1 5.2543E-1 5.28139E-1 6.17982E-1 6.84069E-1 6.17741E-1 5.77356E-1 5.73039E-1 5.43154E-1 5.33355E-1 4.83555E-1 6.93156E-1 7.90511E-1 7.83428E-1 8.49701E-1 7.67245E-1 8.79829E-1 7.4449E-1 8.16737E-1 7.48001E-1 7.14914E-1 7.0898E-1 7.28141E-1 6.18037E-1 5.8362E-1 4.20954E-1 6.94398E-1 5.96606E-1 5.78192E-1 3.73239E-1 3.07349E-1 2.9871E-1
5.92854E-1 5.66348E-1 5.22682E-1 5.341E-1 5.41118E-1 5.33935E-1 5.37505E-1 5.32819E-1 4.99E-1 4.51095E-1 5.81599E-1 5.12154E-1 4.42574E-1 4.75757E-1 4.56998E-1 3.91129E-1 4.38318E-1 5.274E-1 5.4248E-1 4.98596E-1 5.85831E-1 4.86737E-1 4.30396E-1 5.29169E-1 5.7326E-1 5.11996E-1 4.76972E-1 4.89867E-1 5.64341E-1 4.44666E-1 5.55342E-1 6.13911E-1 5.87515E-1 6.49374E-1 6.48654E-1 6.71474E-1 6.01183E-1 5.46589E-1 6.55063E-1 7.40533E-1 7.45361E-1 7.18064E-1 7.0565E-1 8.06116E-1 8.03832E-1 8.28559E-1 8.77697E-1 9.11433E-1 8.84473E-1 9.27033E-1 9.51034E-1 9.24228E-1 8.83609E-1 8.26488E-1 7.6433E-1 7.33669E-1 7.13846E-1 6.24477E-1 6.18085E-1
6.03412E-1 5.31158E-1 5.04399E-1 5.28667E-1 5.50595E-1 4.77338E-1 4.50227E-1 5.85539E-1 5.77657E-1 4.62191E-1 5.59007E-1 4.91584E-1 4.68156E-1 4.19231E-1 4.61752E-1 4.3639E-1 4.06004E-1 5.38035E-1 5.12992E-1 4.40531E-1 4.39457E-1 4.5457E-1 4.73474E-1 4.88687E-1 4.38218E-1 4.90707E-1 4.36138E-1 5.51286E-1 4.4628E-1 4.19492E-1 5.02231E-1 5.44735E-1 4.90415E-1 6.57011E-1 6.084E-1 6.83806E-1 6.63693E-1 7.02548E-1 6.49462E-1 6.9738E-1 7.43795E-1 7.45686E-1 7.72685E-1 7.942E-1 8.15941E-1 8.56486E-1 8.53513E-1 8.68847E-1 9.03095E-1 9.29306E-1 9.57384E-1 9.62851E-1 9.48796E-1 9.29492E-1 9.13922E-1 9.55217E-1 9.56631E-1 9.53766E-1 9.51622E-1
5.95896E-1 4.75864E-1 5.26964E-1 4.69005E-1 4.69125E-1 4.57445E-1 4.99555E-1 4.7246E-1 4.58046E-1 4.88746E-1 5.49799E-1 5.45756E-1 5.45193E-1 4.96218E-1 5.47792E-1 5.4553E-1 3.8204E-1 5.28709E-1 5.10896E-1 3.9603E-1 4.03777E-1 4.33892E-1 3.85289E-1 4.506E-1 3.36022E-1 4.36947E-1 3.00458E-1 4.00666E-1 4.04319E-1 4.36398E-1 4.54815E-1 4.65144E-1 5.49787E-1 5.43442E-1 5.64757E-1 5.76008E-1 5.4564E-1 5.06613E-1 6.029E-1 6.39122E-1 6.79765E-1 6.42377E-1 7.06182E-1 7.20828E-1 7.6541E-1 7.88218E-1 7.20946E-1 8.43933E-1 8.02895E-1 9.13762E-1 8.93227E-1 8.89831E-1 8.94189E-1 8.81431E-1 8.77222E-1 9.5215E-1 9.59996E-1 9.61825E-1 9.7015E-1
5.58999E-1 4.32701E-1 5.1658E-1 4.19402E-1 3.90503E-1 4.26051E-1 4.18769E-1 3.40584E-1 3.35499E-1 3.59839E-1 3.92705E-1 5.34905E-1 5.35812E-1 5.08876E-1 5.39801E-1 5.46044E-1 4.05067E-1 5.26235E-1 3.475E-1 3.7874E-1 4.20418E-1 4.17308E-1 4.99027E-1 5.40608E-1 4.99117E-1 5.32773E-1 5.74646E-1 4.15667E-1 4.31018E-1 4.50336E-1 5.67241E-1 5.7766E-1 5.14595E-1 6.12903E-1 6.28758E-1 5.23356E-1 5.50044E-1 6.01362E-1 6.06554E-1 5.87736E-1 5.24146E-1 4.51127E-1 5.61992E-1 6.72409E-1 6.88367E-1 6.12642E-1 6.76833E-1 7.67789E-1 7.14211E-1 7.01809E-1 7.42329E-1 7.07104E-1 7.53935E-1 7.98231E-1 7.81286E-1 8.24811E-1 8.24714E-1 8.74066E-1 8.97311E-1
5.42894E-1 5.57558E-1 5.43379E-1 2.86662E-1 2.18472E-1 3.54484E-1 4.92933E-1 3.36494E-1 4.63306E-1 4.29606E-1 3.96779E-1 1.98562E-1 3.24518E-1 3.85194E-1 5.32976E-1 3.2194E-1 3.31743E-1 4.79642E-1 -9999 3.37543E-1 4.47026E-1 4.00025E-1 3.67728E-1 5.28187E-1 3.34191E-1 4.22173E-1 5.65704E-1 5.36533E-1 3.32495E-1 4.07295E-1 5.55158E-1 5.59984E-1 5.28404E-1 5.69441E-1 5.77224E-1 5.68728E-1 4.47206E-1 5.65679E-1 5.7029E-1 5.20956E-1 3.9978E-1 5.68472E-1 5.86715E-1 5.9574E-1 5.88413E-1 5.37792E-1 5.39191E-1 6.48564E-1 5.17202E-1 5.48817E-1 4.8278E-1 6.0207E-1 5.54766E-1 5.04577E-1 5.04155E-1 6.01712E-1 6.50987E-1 6.86284E-1 4.88655E-1
3.60184E-1 3.30669E-1 2.1367E-1 7.13204E-2 4.12959E-1 4.50727E-1 -9999 -9999 4.18241E-1 3.44164E-1 2.80893E-1 2.71914E-1 2.77148E-1 3.22463E-1 3.97336E-1 4.1266E-1 2.99422E-1 4.19362E-1 2.93989E-1 3.80318E-1 1.30001E-1 2.12961E-1 3.12521E-1 2.95235E-1 2.52433E-1 4.05585E-1 2.81451E-1 3.97813E-1 3.51106E-1 3.81726E-1 3.84831E-1 3.89659E-1 3.91033E-1 3.96702E-1 3.96687E-1 3.84524E-1 3.78687E-1 3.82104E-1 3.82311E-1 3.1934E-1 3.50007E-1 3.54125E-1 3.66477E-1 3.76655E-1 4.01596E-1 4.01171E-1 4.15724E-1 4.77309E-1 4.51882E-1 4.62466E-1 4.74455E-1 4.68643E-1 4.71811E-1 4.12035E-1 4.83392E-1 5.56399E-1 4.23914E-1 5.00302E-1 1.75915E-1
3.30327E-1 3.96385E-1 3.84697E-1 3.8272E-1 2.72585E-1 3.59663E-1 4.62342E-1 4.01301E-1 2.87341E-1 2.82115E-1 3.2729E-1 6.27589E-2 2.57024E-1 3.25773E-1 4.00701E-1 3.09132E-1 3.93505E-1 3.90751E-1 3.36009E-1 2.06733E-1 -9999 1.70201E-1 2.48355E-1 3.84421E-1 -9999 1.35799E-1 3.0498E-1 1.50734E-1 1.89148E-1 2.46836E-1 2.81332E-1 2.88415E-1 2.92658E-1 2.95202E-1 2.92141E-1 2.06877E-1 2.49212E-1 2.50913E-1 2.701E-1 2.41971E-1 2.36223E-1 2.06895E-1 2.33828E-1 2.68427E-1 2.59288E-1 2.04664E-1 3.00263E-1 2.74092E-1 2.97917E-1 2.91606E-1 2.59308E-1 2.56746E-1 2.89218E-1 2.91409E-1 2.92547E-1 3.41517E-1 3.385E-1 4.23021E-1 5.06199E-1
6.46053E-1 6.55181E-1 6.55588E-1 6.52509E-1 6.40472E-1 6.53306E-1 5.63367E-1 6.52092E-1 6.4801E-1 6.46891E-1 6.51794E-1 6.55663E-1 6.48947E-1 6.28742E-1 5.17623E-1 6.19912E-1 6.2488E-1 6.07139E-1 6.01262E-1 5.6889E-1 2.76489E-1 3.90262E-1 -9999 2.18384E-1 3.12734E-1 3.62153E-1 3.564E-1 3.34769E-1 2.6624E-1 3.95655E-1 4.96851E-1 4.83584E-1 4.01285E-1 4.09627E-1 4.89067E-1 4.97491E-1 4.73478E-1 4.64201E-1 4.46738E-1 4.00348E-1 3.76815E-1 3.59583E-1 3.51741E-1 3.58513E-1 3.70629E-1 3.80006E-1 3.75937E-1 3.70739E-1 3.75523E-1 3.74003E-1 3.23694E-1 3.30618E-1 3.45689E-1 3.18064E-1 2.96671E-1 2.86243E-1 2.23022E-1 2.77708E-1 3.04586E-1
6.52807E-1 6.35263E-1 6.1645E-1 5.95811E-1 5.87479E-1 5.9677E-1 6.02979E-1 6.09868E-1 5.79737E-1 5.43714E-1 5.55512E-1 5.60325E-1 4.93941E-1 6.59406E-1 6.66635E-1 6.70147E-1 6.68381E-1 6.47618E-1 5.82345E-1 7.03784E-1 4.42564E-1 2.68219E-1 4.63745E-1 6.5893E-1 2.4104E-1 3.85763E-1 4.41742E-1 5.70515E-1 7.05911E-1 7.00703E-1 6.5894E-1 6.02079E-1 6.2588E-1 5.64875E-1 6.26865E-1 6.40415E-1 6.18065E-1 6.00258E-1 5.76088E-1 5.50666E-1 5.42288E-1 5.36267E-1 5.3617E-1 5.50894E-1 5.64874E-1 5.66068E-1 5.61355E-1 5.58414E-1 5.61904E-1 5.703E-1 5.70253E-1 5.57329E-1 4.26379E-1 4.21E-1 3.39126E-1 3.0581E-1 2.38331E-1 2.05204E-1 2.7869E-1
6.70294E-1 6.33348E-1 5.76924E-1 6.07696E-1 5.14761E-1 4.80892E-1 4.80598E-1 5.27502E-1 4.27543E-1 3.78301E-1 4.10278E-1 4.80684E-1 5.44806E-1 4.10233E-1 4.36618E-1 4.78769E-1 4.89464E-1 5.07274E-1 5.94192E-1 6.35461E-1 6.10088E-1 -9999 2.38482E-1 4.35865E-1 5.49548E-1 4.44783E-1 4.29684E-1 4.85783E-1 5.82287E-1 7.12599E-1 6.56464E-1 6.049E-1 6.36322E-1 5.36516E-1 4.97038E-1 5.99618E-1 6.89704E-1 6.98005E-1 6.8595E-1 6.77936E-1 6.70451E-1 6.53708E-1 6.39383E-1 6.50393E-1 6.61461E-1 6.45976E-1 6.39448E-1 6.45332E-1 6.39183E-1 6.11174E-1 5.94521E-1 5.84988E-1 5.75291E-1 4.51119E-1 4.44475E-1 2.87534E-1 4.46022E-1 4.07897E-1 4.82523E-1
6.64569E-1 6.21177E-1 5.95374E-1 5.90253E-1 5.89607E-1 5.82368E-1 5.71535E-1 4.43748E-1 3.47462E-1 3.60447E-1 4.54924E-1 5.01452E-1 5.02175E-1 5.08672E-1 4.40799E-1 4.78815E-1 5.1608E-1 5.65829E-1 5.17096E-1 4.4212E-1 4.13948E-1 -9999 -9999 4.29817E-1 4.28123E-1 -9999 4.94259E-1 4.90402E-1 4.47201E-1 4.22828E-1 4.90776E-1 4.6044E-1 6.3776E-1 5.26706E-1 4.66788E-1 6.24481E-1 7.33708E-1 6.08914E-1 6.48804E-1 7.2548E-1 7.61793E-1 7.73822E-1 7.65354E-1 7.69471E-1 7.80418E-1 7.83275E-1 7.69823E-1 7.58875E-1 7.56433E-1 7.20308E-1 6.75687E-1 6.60527E-1 6.71678E-1 6.38079E-1 5.89495E-1 5.87661E-1 6.50714E-1 6.73652E-1 6.51558E-1
5.38926E-1 5.38741E-1 5.32503E-1 5.28135E-1 5.19846E-1 5.07399E-1 3.14429E-1 -9999 -9999 -9999 3.51202E-1 4.68654E-1 4.61121E-1 4.15014E-1 4.47077E-1 4.76616E-1 4.5196E-1 4.31865E-1 4.49633E-1 5.41993E-1 5.25011E-1 5.75213E-1 6.00255E-1 4.52127E-1 5.33777E-1 5.18265E-1 4.80247E-1 4.33713E-1 4.88717E-1 4.94379E-1 4.73358E-1 5.43979E-1 5.40137E-1 4.42564E-1 5.70378E-1 5.41548E-1 5.57478E-1 6.0986E-1 5.53881E-1 6.09201E-1 6.71241E-1 7.44257E-1 7.50471E-1 7.59573E-1 7.6965E-1 7.89274E-1 8.00853E-1 8.12153E-1 8.24397E-1 8.29388E-1 8.3207E-1 8.35675E-1 8.38237E-1 8.38135E-1 8.32004E-1 5.97601E-1 7.10373E-1 8.1305E-1 8.00389E-1
4.99352E-1 4.56933E-1 4.73277E-1 4.41713E-1 4.03548E-1 3.87388E-1 -9999 -9999 -9999 -9999 7.99157E-2 3.56354E-1 3.88369E-1 3.82786E-1 3.83329E-1 3.76942E-1 3.99781E-1 3.84313E-1 4.1309E-1 4.42185E-1 4.05815E-1 4.17518E-1 4.44515E-1 4.00327E-1 4.50891E-1 4.41375E-1 3.91031E-1 4.65562E-1 4.83366E-1 5.08242E-1 5.61503E-1 5.81493E-1 5.4183E-1 5.73907E-1 5.41024E-1 5.58152E-1 5.91757E-1 5.68443E-1 6.08837E-1 6.36075E-1 6.61267E-1 6.72424E-1 6.57962E-1 7.33145E-1 6.36074E-1 7.86344E-1 7.94883E-1 6.31396E-1 8.1976E-1 8.24079E-1 8.29703E-1 8.31217E-1 8.26524E-1 8.17947E-1 7.44283E-1 6.13721E-1 7.46949E-1 7.70971E-1 7.42706E-1
3.49443E-1 4.64728E-1 4.54784E-1 4.38817E-1 4.07848E-1 -9999 3.36153E-1 4.35518E-1 3.7052E-1 2.7307E-1 5.1601E-2 -9999 3.32789E-1 3.35587E-1 3.27844E-1 3.1734E-1 3.18436E-1 3.31193E-1 3.14593E-1 3.33339E-1 3.54787E-1 3.2457E-1 3.39272E-1 3.48574E-1 3.24841E-1 3.62677E-1 3.43569E-1 3.67702E-1 3.87641E-1 4.28245E-1 4.30219E-1 4.44082E-1 4.68272E-1 4.9283E-1 4.90446E-1 4.77853E-1 4.02898E-1 4.4089E-1 4.73936E-1 6.05456E-1 5.66071E-1 6.98325E-1 5.30007E-1 5.71728E-1 6.13745E-1 5.73018E-1 6.49187E-1 6.69897E-1 6.78455E-1 6.65642E-1 6.88137E-1 8.047E-1 8.03999E-1 8.04165E-1 7.94559E-1 6.72765E-1 6.47916E-1 7.66411E-1 6.96329E-1
1.50845E-1 2.08753E-1 2.59828E-1 3.3226E-1 3.76802E-1 1.57111E-1 -9999 4.05938E-1 6.03943E-1 4.12021E-1 -9999 -9999 -9999 2.91546E-1 2.82488E-1 2.61121E-1 2.70903E-1 2.72301E-1 2.731E-1 2.76E-1 2.78903E-1 2.91969E-1 2.54318E-1 3.02598E-1 3.08253E-1 2.90714E-1 3.02844E-1 3.05824E-1 3.11237E-1 3.38128E-1 3.45147E-1 3.51668E-1 3.27521E-1 3.2921E-1 3.46026E-1 3.98281E-1 3.82642E-1 3.53944E-1 3.87264E-1 3.74916E-1 4.35012E-1 4.52074E-1 5.34227E-1 4.10138E-1 2.77521E-1 1.9747E-1 4.6102E-1 6.39504E-1 6.51875E-1 6.62906E-1 6.16969E-1 5.79785E-1 5.92678E-1 7.32375E-1 7.25908E-1 7.23089E-1 7.62349E-1 7.20772E-1 7.35938E-1
3.0166E-2 4.06318E-2 6.51193E-2 1.01496E-1 1.62994E-1 1.63384E-1 2.39424E-1 3.19754E-1 5.55272E-1 5.2122E-1 3.62948E-1 1.72311E-1 -9999 2.47093E-1 2.47776E-1 2.45235E-1 2.40209E-1 2.33158E-1 1.96254E-1 2.16108E-1 2.35899E-1 2.34664E-1 2.03205E-1 2.21441E-1 2.41718E-1 2.44739E-1 2.28872E-1 2.33128E-1 2.80379E-1 2.7557E-1 2.78057E-1 2.69406E-1 2.42249E-1 2.50874E-1 2.67583E-1 3.02854E-1 3.05724E-1 2.98625E-1 2.96396E-1 2.98343E-1 3.45075E-1 2.85467E-1 3.70908E-1 3.18391E-1 3.17687E-1 4.92512E-1 4.63446E-1 4.89035E-1 4.00887E-1 5.77421E-1 5.22856E-1 5.94244E-1 6.16152E-1 5.52367E-1 5.58756E-1 6.21044E-1 6.85972E-1 6.71498E-1 7.57908E-1
9.09679E-3 1.09197E-2 1.98575E-2 2.9471E-2 4.90106E-2 7.39334E-2 1.12427E-1 2.61598E-1 2.63895E-1 3.77337E-1 2.71459E-1 1.41378E-1 -9999 -9999 1.97461E-1 2.00818E-1 1.99844E-1 1.93719E-1 1.92067E-1 1.97307E-1 2.11714E-1 2.14783E-1 1.9246E-1 2.11449E-1 2.13476E-1 2.19075E-1 2.27187E-1 2.28455E-1 2.42292E-1 2.44527E-1 2.42276E-1 2.21682E-1 2.09961E-1 2.02285E-1 2.4038E-1 2.22155E-1 2.5899E-1 2.43353E-1 2.40482E-1 2.62839E-1 2.91154E-1 3.47398E-1 3.44072E-1 3.53021E-1 2.99163E-1 4.02247E-1 3.62494E-1 3.38883E-1 4.1975E-1 4.29946E-1 5.78258E-1 4.5647E-1 4.53613E-1 5.08499E-1 4.55865E-1 6.37204E-1 3.99365E-1 5.3624E-1 6.7514E-1
4.62991E-3 6.85396E-3 9.5363E-3 7.94625E-3 1.97189E-2 3.05565E-2 3.84829E-2 7.62839E-2 1.05278E-1 1.22298E-1 1.1418E-1 3.16411E-2 -9999 8.1732E-2 9.34517E-2 1.04645E-1 1.17066E-1 1.34795E-1 1.55891E-1 1.76331E-1 1.86497E-1 1.93769E-1 1.96648E-1 2.03122E-1 1.96291E-1 1.96746E-1 2.06376E-1 2.00221E-1 2.01378E-1 2.15464E-1 2.04275E-1 2.26048E-1 2.13355E-1 2.28376E-1 2.14777E-1 1.98465E-1 2.13793E-1 2.21274E-1 2.1861E-1 2.22745E-1 2.49453E-1 3.0125E-1 2.35546E-1 2.69241E-1 3.21664E-1 3.29249E-1 2.57924E-1 2.54441E-1 3.36056E-1 2.97193E-1 2.9208E-1 3.70121E-1 4.19038E-1 3.99087E-1 4.98903E-1 5.13054E-1 5.52092E-1 5.42388E-1 4.77714E-1
3.07757E-3 3.82837E-3 5.65153E-3 7.26168E-3 1.11369E-2 1.31488E-2 2.07191E-2 2.59992E-2 2.84854E-2 2.72025E-2 1.84612E-2 1.85065E-2 2.02486E-2 3.4819E-2 3.64655E-2 3.90727E-2 4.09823E-2 5.08959E-2 7.34342E-2 9.9986E-2 1.18302E-1 1.41529E-1 1.53939E-1 1.52881E-1 1.63215E-1 1.70808E-1 1.84188E-1 1.61122E-1 1.51888E-1 1.66392E-1 1.69551E-1 1.91619E-1 1.82319E-1 1.90615E-1 1.72533E-1 1.85882E-1 1.76239E-1 1.86804E-1 1.76736E-1 1.79276E-1 1.99861E-1 2.19311E-1 2.0301E-1 2.14023E-1 2.2429E-1 2.2856E-1 2.07539E-1 3.02692E-1 3.09306E-1 3.30619E-1 3.56171E-1 4.21525E-1 4.09536E-1 4.30215E-1 3.99632E-1 4.31025E-1 4.59954E-1 4.68967E-1 4.35303E-1
3.19769E-3 3.62185E-3 4.58387E-3 6.26169E-3 7.41309E-3 8.52254E-3 9.71391E-3 1.10021E-2 1.16472E-2 1.44947E-2 1.44115E-2 -9999 3.91158E-3 1.54721E-2 1.50267E-2 1.50108E-2 1.59351E-2 1.95052E-2 2.71414E-2 3.72653E-2 4.78999E-2 6.07204E-2 7.05649E-2 7.92938E-2 8.5069E-2 8.62062E-2 9.0343E-2 7.31498E-2 6.34969E-2 6.98122E-2 7.87738E-2 9.16657E-2 8.49285E-2 1.10389E-1 1.38296E-1 1.58719E-1 1.66822E-1 1.72579E-1 1.53211E-1 1.30485E-1 1.68313E-1 1.75165E-1 1.70585E-1 1.63318E-1 1.93367E-1 2.38796E-1 2.51173E-1 2.48224E-1 2.63919E-1 2.80076E-1 2.91457E-1 3.01638E-1 2.85151E-1 2.88484E-1 2.98364E-1 3.15012E-1 3.67186E-1 4.34941E-1 4.59071E-1
5.86268E-3 5.81887E-3 7.34564E-3 6.51104E-3 7.47319E-3 5.77369E-3 5.58483E-3 5.47687E-3 6.25587E-3 7.05102E-3 7.68147E-3 -9999 -9999 7.25452E-3 7.09016E-3 7.08925E-3 7.46186E-3 9.18872E-3 1.16227E-2 1.6455E-2 1.99969E-2 2.52282E-2 2.84774E-2 3.0177E-2 3.11173E-2 3.01973E-2 3.08865E-2 2.79961E-2 2.74397E-2 2.7597E-2 2.90308E-2 3.18865E-2 3.37289E-2 3.95767E-2 5.52203E-2 6.73044E-2 8.86595E-2 1.11123E-1 1.29162E-1 1.40103E-1 1.64397E-1 1.87407E-1 1.86969E-1 1.72085E-1 1.44239E-1 1.97319E-1 1.9958E-1 2.14438E-1 2.17266E-1 2.2983E-1 2.32179E-1 1.95562E-1 1.85223E-1 2.07213E-1 2.25371E-1 2.54028E-1 3.03341E-1 3.29464E-1 3.44983E-1
1.17141E-2 2.1638E-2 1.32122E-2 7.48747E-3 7.7638E-3 6.44494E-3 6.19369E-3 5.04408E-3 2.81823E-3 2.47829E-3 3.73183E-3 -9999 -9999 4.32469E-3 4.30312E-3 4.17146E-3 4.19799E-3 4.62489E-3 5.68406E-3 7.80004E-3 8.94655E-3 1.08366E-2 1.26443E-2 1.2486E-2 1.29902E-2 1.28028E-2 1.27038E-2 1.37251E-2 1.40471E-2 1.17557E-2 1.10029E-2 1.1726E-2 1.47436E-2 1.57365E-2 1.97359E-2 2.51419E-2 3.51966E-2 4.52603E-2 5.41222E-2 6.14721E-2 8.02547E-2 8.7314E-2 8.07571E-2 7.94758E-2 8.91902E-2 1.11041E-1 1.19911E-1 1.35077E-1 1.39411E-1 1.5943E-1 1.49846E-1 1.87136E-1 1.63369E-1 1.47638E-1 1.87234E-1 2.37767E-1 2.52422E-1 2.5048E-1 2.99652E-1
1.35781E-2 2.61181E-2 3.08956E-2 1.90572E-2 1.58631E-2 6.62281E-3 3.68353E-3 4.28545E-3 2.70676E-3 2.91028E-3 2.71899E-3 3.10152E-3 1.90242E-3 -9999 -9999 2.80242E-3 2.9925E-3 3.18227E-3 3.77978E-3 4.35002E-3 4.7936E-3 5.61592E-3 6.23128E-3 6.54753E-3 6.64452E-3 6.55142E-3 6.8129E-3 6.8302E-3 6.69363E-3 6.32597E-3 5.85662E-3 6.96717E-3 7.38318E-3 8.4054E-3 9.16274E-3 1.03531E-2 1.27269E-2 1.51534E-2 1.80054E-2 2.17948E-2 2.86902E-2 2.66693E-2 2.62384E-2 2.9926E-2 4.12026E-2 4.84998E-2 4.85238E-2 5.70221E-2 5.98547E-2 6.45946E-2 7.06123E-2 8.41287E-2 8.05457E-2 9.16272E-2 1.14119E-1 1.69724E-1 1.62666E-1 1.86502E-1 1.80906E-1
7.58408E-3 1.18473E-2 2.72665E-2 1.46375E-2 8.04492E-3 -9999 5.03716E-3 2.69409E-3 1.95716E-3 -9999 -9999 -9999 2.6206E-3 1.80751E-3 -9999 1.68242E-3 2.44991E-3 2.58379E-3 2.77631E-3 2.9353E-3 3.17357E-3 3.48822E-3 3.63248E-3 4.00452E-3 4.15364E-3 3.94005E-3 4.18009E-3 4.39965E-3 4.31108E-3 4.33966E-3 4.35615E-3 4.77205E-3 5.03706E-3 5.01668E-3 5.39611E-3 5.96846E-3 6.72951E-3 7.81838E-3 8.74916E-3 1.07961E-2 1.22016E-2 1.23508E-2 1.29006E-2 1.30945E-2 1.69727E-2 2.15312E-2 2.39978E-2 2.6672E-2 2.51736E-2 2.81365E-2 3.21703E-2 4.42325E-2 4.65761E-2 4.76199E-2 6.61974E-2 7.34986E-2 7.28585E-2 9.53605E-2 9.51179E-2
4.86172E-3 7.1798E-3 9.04392E-3 1.09158E-2 7.20087E-3 5.95101E-3 -9999 3.81934E-3 1.91582E-3 2.06511E-3 -9999 -9999 -9999 1.6429E-3 1.80118E-3 -9999 2.27221E-3 2.23683E-3 2.38624E-3 2.47463E-3 2.59603E-3 2.7284E-3 2.85867E-3 3.12228E-3 3.13578E-3 3.14456E-3 3.25689E-3 3.32913E-3 3.42375E-3 3.4898E-3 3.46264E-3 3.71467E-3 3.83519E-3 3.98967E-3 4.14295E-3 4.41243E-3 4.18457E-3 5.02037E-3 5.56546E-3 6.30542E-3 7.13073E-3 7.26006E-3 7.95864E-3 9.37371E-3 1.0306E-2 1.15257E-2 1.36582E-2 1.36296E-2 1.61288E-2 1.85851E-2 1.86098E-2 2.42538E-2 2.26237E-2 2.35209E-2 3.19197E-2 3.10534E-2 3.00631E-2 3.51279E-2 4.16107E-2
