data/Modelo 4/SPZn_stddev.asc
ncols         78
nrows         61
xllcorner     -149.5
yllcorner     -28.5
cellsize      1.0
NODATA_value  -9999
[rows 0 to 25 of 61, columns 0 to 58 of 78]
3.12416E-3 3.04049E-3 3.06473E-3 3.03413E-3 3.27001E-3 3.11161E-3 2.89169E-3 2.67041E-3 -9999 2.3035E-3 2.06787E-3 1.91055E-3 1.72737E-3 1.73099E-3 5.23363E-4 -9999 1.37986E-3 -9999 -9999 -9999 -9999 -9999 -9999 -9999 5.38393E-3 -9999 -9999 -9999 -9999 3.87635E-2 2.96727E-2 4.12441E-2 -9999 -9999 -9999 -9999 -9999 -9999 -9999 -9999 -9999 -9999 -9999 -9999 -9999 -9999 -9999 -9999 -9999 -9999 -9999 -9999 -9999 -9999 -9999 -9999 -9999 -9999 -9999
2.73873E-3 2.65887E-3 2.51058E-3 2.23516E-3 2.18235E-3 2.37128E-3 2.46031E-3 2.92641E-3 2.78473E-3 1.76221E-3 2.21182E-3 2.09359E-3 1.95812E-3 1.78328E-3 1.71584E-3 1.56905E-3 1.26981E-3 1.39504E-3 -9999 -9999 -9999 -9999 -9999 5.46415E-4 1.22967E-3 -9999 3.58689E-3 9.48773E-3 2.07167E-2 2.82875E-2 1.62646E-2 3.48505E-2 -9999 -9999 -9999 -9999 -9999 -9999 -9999 -9999 -9999 -9999 -9999 -9999 -9999 -9999 -9999 -9999 -9999 -9999 -9999 -9999 -9999 -9999 -9999 -9999 -9999 -9999 -9999
2.33145E-3 2.08442E-3 1.50009E-3 -9999 1.55564E-3 1.13487E-3 -9999 -9999 2.47355E-3 2.82005E-3 1.9236E-3 2.26136E-3 1.51552E-3 1.81474E-3 1.58775E-3 1.7193E-3 9.65708E-4 1.13115E-3 -9999 2.74008E-4 -9999 -9999 2.19769E-4 -9999 8.70887E-4 3.97953E-4 7.03366E-4 -9999 2.21461E-3 7.52537E-3 1.08027E-2 1.50666E-2 3.81724E-2 -9999 1.6973E-2 1.25241E-2 -9999 -9999 -9999 -9999 -9999 -9999 -9999 -9999 -9999 -9999 -9999 -9999 -9999 -9999 -9999 -9999 -9999 -9999 -9999 -9999 -9999 -9999 -9999
1.7467E-3 2.07063E-3 -9999 1.771E-3 1.04637E-3 -9999 1.27373E-3 1.67614E-3 1.83406E-3 -9999 -9999 -9999 1.72656E-3 1.93553E-3 2.01376E-3 1.75277E-3 3.511E-4 1.60119E-3 1.21829E-3 9.40258E-4 5.05025E-4 3.04615E-4 4.80135E-4 2.4515E-4 3.70368E-4 -9999 -9999 -9999 5.35913E-4 -9999 4.73426E-3 -9999 2.55073E-2 4.16579E-2 -9999 -9999 1.1236E-2 -9999 -9999 -9999 -9999 -9999 -9999 -9999 -9999 -9999 -9999 -9999 -9999 -9999 -9999 -9999 -9999 -9999 -9999 -9999 -9999 -9999 -9999
1.27302E-3 1.37623E-3 1.37199E-3 1.27428E-3 1.32366E-3 9.85006E-4 1.38657E-3 1.57572E-3 -9999 7.26216E-4 1.23842E-3 8.54637E-4 1.44348E-3 5.59352E-4 2.04017E-3 2.21419E-3 1.91966E-3 1.68422E-3 7.35197E-4 7.2562E-4 6.45223E-4 3.37325E-4 3.4501E-4 4.92176E-4 -9999 -9999 9.64224E-4 -9999 -9999 -9999 2.55165E-3 -9999 1.80986E-2 3.67388E-2 3.39785E-2 -9999 -9999 -9999 -9999 -9999 -9999 -9999 -9999 -9999 -9999 -9999 -9999 -9999 -9999 -9999 -9999 -9999 -9999 -9999 -9999 -9999 -9999 -9999 -9999
8.61667E-4 9.04303E-4 1.01558E-3 1.04626E-3 -9999 1.23347E-3 1.34199E-3 1.49314E-3 1.42061E-3 1.75145E-3 8.99002E-4 7.60389E-4 1.38853E-3 2.48288E-3 1.38247E-3 1.63335E-3 1.76445E-3 1.79717E-3 1.09515E-3 1.60151E-3 1.45482E-3 6.27014E-4 1.15952E-3 -9999 -9999 -9999 -9999 -9999 -9999 -9999 -9999 -9999 -9999 1.61036E-2 -9999 -9999 -9999 -9999 -9999 -9999 -9999 -9999 -9999 -9999 -9999 -9999 -9999 -9999 -9999 -9999 -9999 -9999 -9999 -9999 -9999 -9999 -9999 -9999 -9999
7.76872E-4 8.41435E-4 8.6365E-4 9.27334E-4 9.90011E-4 1.13435E-3 1.07801E-3 1.336E-3 1.38739E-3 1.39332E-3 1.43229E-3 9.47285E-4 1.04336E-3 2.17482E-3 2.12943E-3 1.43801E-3 1.30489E-3 4.94933E-4 1.9381E-3 1.01318E-3 1.03936E-3 1.54326E-3 1.45052E-3 1.48549E-3 -9999 -9999 -9999 2.29728E-4 -9999 -9999 -9999 -9999 -9999 -9999 6.27796E-3 8.92375E-3 -9999 -9999 3.82564E-2 -9999 -9999 -9999 -9999 -9999 -9999 -9999 -9999 -9999 -9999 -9999 -9999 -9999 -9999 -9999 -9999 -9999 -9999 -9999 -9999
6.83407E-4 7.73592E-4 4.28654E-4 4.89628E-4 8.2844E-4 1.0096E-3 1.06185E-3 1.10839E-3 6.72167E-4 1.22426E-3 1.14372E-3 1.04254E-3 1.5089E-3 1.78798E-3 1.16315E-3 1.63047E-3 1.94189E-3 1.58024E-3 2.07674E-3 1.56676E-3 1.50497E-3 -9999 -9999 -9999 -9999 -9999 -9999 -9999 -9999 -9999 -9999 -9999 -9999 4.17084E-3 -9999 3.70107E-3 2.44673E-3 -9999 2.39255E-2 2.91694E-2 -9999 -9999 -9999 -9999 -9999 -9999 -9999 -9999 -9999 -9999 -9999 -9999 -9999 -9999 -9999 -9999 -9999 -9999 -9999
7.60879E-4 7.58806E-4 8.05372E-4 8.43189E-4 8.8354E-4 9.35898E-4 6.16143E-4 1.05885E-3 1.10604E-3 1.20899E-3 1.19277E-3 1.39365E-3 1.50321E-3 8.74118E-4 1.15851E-3 7.44475E-4 2.08461E-3 2.14343E-3 1.8637E-3 1.50823E-3 -9999 -9999 -9999 -9999 -9999 -9999 -9999 -9999 -9999 -9999 -9999 -9999 -9999 1.04138E-2 -9999 2.44336E-2 3.19754E-3 -9999 2.2689E-2 2.3383E-2 2.45021E-2 -9999 -9999 -9999 -9999 -9999 -9999 -9999 -9999 -9999 -9999 -9999 -9999 -9999 -9999 -9999 -9999 -9999 -9999
8.01935E-4 6.79353E-4 6.74069E-4 5.82601E-4 8.5916E-4 9.60542E-4 9.88578E-4 1.01854E-3 9.50217E-4 1.16711E-3 1.21053E-3 1.30981E-3 1.10321E-3 1.5564E-3 1.56599E-3 1.5198E-3 1.77505E-3 1.22163E-3 2.19964E-3 1.75406E-3 6.70466E-4 -9999 -9999 -9999 -9999 -9999 -9999 -9999 5.15993E-4 -9999 -9999 -9999 -9999 -9999 -9999 -9999 2.49561E-2 6.73762E-3 1.50878E-2 -9999 2.45901E-2 2.09139E-2 -9999 -9999 -9999 -9999 -9999 -9999 -9999 -9999 -9999 -9999 -9999 -9999 -9999 -9999 -9999 -9999 -9999
7.39707E-4 6.81132E-4 6.02912E-4 8.80337E-4 8.49613E-4 8.98165E-4 1.01226E-3 1.05312E-3 4.19134E-4 1.15604E-3 1.31862E-3 1.30235E-3 1.3052E-3 1.51505E-3 1.04968E-3 1.38489E-3 1.43546E-3 1.32447E-3 -9999 -9999 -9999 -9999 -9999 -9999 -9999 -9999 -9999 -9999 -9999 -9999 -9999 -9999 -9999 -9999 -9999 4.0965E-3 2.76172E-2 2.38103E-2 2.13385E-2 2.38617E-2 2.24648E-2 1.77704E-2 3.11173E-2 -9999 -9999 -9999 -9999 -9999 -9999 -9999 -9999 -9999 -9999 -9999 -9999 -9999 -9999 -9999 -9999
7.97652E-4 9.17299E-4 8.46351E-4 9.14581E-4 8.67243E-4 9.11367E-4 5.20644E-4 5.7885E-4 1.09942E-3 1.04771E-3 1.54182E-3 1.44718E-3 1.42682E-3 7.10456E-4 1.00797E-3 -9999 1.67744E-3 9.43495E-4 1.89637E-3 -9999 -9999 -9999 -9999 -9999 -9999 -9999 -9999 5.87661E-4 -9999 -9999 -9999 -9999 8.22489E-4 1.93722E-3 -9999 -9999 7.73553E-3 2.33363E-2 2.22396E-2 2.45582E-2 2.10007E-2 2.4422E-2 1.7889E-2 3.21635E-2 -9999 -9999 -9999 -9999 -9999 -9999 -9999 -9999 -9999 -9999 -9999 -9999 -9999 -9999 -9999
8.52771E-4 9.06464E-4 9.56037E-4 1.01313E-3 7.47125E-4 1.03067E-3 1.10987E-3 1.08706E-3 7.99869E-4 8.126E-4 9.00031E-4 1.68094E-3 -9999 -9999 4.66052E-4 1.59482E-3 1.64295E-3 -9999 -9999 -9999 5.73547E-4 -9999 -9999 -9999 -9999 -9999 -9999 -9999 -9999 -9999 -9999 -9999 -9999 1.50033E-3 4.91862E-3 7.30346E-3 1.30492E-2 1.99073E-2 1.91892E-2 1.29723E-2 1.97024E-2 2.30237E-2 2.08283E-2 -9999 -9999 -9999 -9999 -9999 -9999 -9999 -9999 -9999 -9999 -9999 -9999 -9999 -9999 -9999 -9999
9.0657E-4 1.04415E-3 1.04599E-3 3.78733E-4 3.52665E-4 -9999 7.282E-4 6.64682E-4 1.25088E-3 -9999 -9999 3.4323E-4 1.32011E-3 -9999 1.38829E-3 5.28977E-4 4.86032E-4 -9999 -9999 -9999 -9999 -9999 -9999 -9999 -9999 3.89477E-3 -9999 -9999 -9999 -9999 -9999 -9999 -9999 2.44769E-3 -9999 -9999 -9999 -9999 -9999 1.45925E-2 1.20594E-2 1.94042E-2 1.88769E-2 3.2624E-2 -9999 -9999 -9999 -9999 -9999 -9999 -9999 -9999 -9999 -9999 -9999 -9999 -9999 -9999 -9999
5.59911E-4 6.35176E-4 5.97197E-4 -9999 1.15399E-3 3.34168E-4 3.35835E-4 4.09828E-4 8.63589E-4 7.40082E-4 -9999 5.73282E-4 -9999 -9999 -9999 -9999 -9999 1.44873E-3 -9999 -9999 -9999 -9999 -9999 -9999 -9999 9.92937E-3 -9999 -9999 -9999 -9999 -9999 -9999 2.60041E-3 2.28343E-3 -9999 -9999 -9999 -9999 -9999 1.31422E-2 8.59751E-3 1.05913E-2 1.8434E-2 1.93239E-2 3.44986E-2 -9999 -9999 -9999 -9999 -9999 -9999 -9999 -9999 -9999 -9999 -9999 -9999 -9999 -9999
5.07362E-4 9.46123E-4 7.77675E-4 -9999 -9999 1.49421E-3 -9999 4.33793E-4 1.89668E-3 1.09512E-3 6.2829E-4 -9999 1.30135E-3 -9999 -9999 -9999 -9999 -9999 -9999 -9999 -9999 -9999 6.05965E-3 -9999 -9999 -9999 -9999 -9999 7.92117E-3 1.24942E-2 6.39737E-3 6.23188E-3 4.04659E-3 2.8408E-3 3.14174E-3 4.37597E-3 6.0412E-3 7.97342E-3 1.7301E-2 1.03296E-2 1.02516E-2 1.41815E-2 2.22443E-2 3.19997E-2 1.6665E-2 1.03406E-2 7.43784E-3 2.17372E-3 -9999 -9999 -9999 -9999 -9999 -9999 -9999 -9999 -9999 -9999 -9999
-9999 8.30987E-4 5.43413E-4 -9999 -9999 -9999 -9999 -9999 1.00817E-3 1.54918E-3 -9999 -9999 4.35694E-3 -9999 -9999 -9999 -9999 -9999 -9999 -9999 -9999 -9999 -9999 -9999 -9999 -9999 -9999 -9999 2.12317E-2 2.15695E-2 1.97744E-2 2.0373E-2 1.3421E-2 5.91219E-3 5.19201E-3 9.5579E-3 1.36433E-2 1.12708E-2 1.15535E-2 1.08258E-2 1.49919E-2 1.49815E-2 1.3314E-2 1.10561E-2 -9999 4.11691E-3 -9999 -9999 2.37323E-3 1.15693E-3 -9999 -9999 -9999 -9999 -9999 -9999 -9999 -9999 -9999
-9999 5.43432E-4 4.91657E-4 1.353E-3 -9999 -9999 -9999 -9999 -9999 -9999 3.03659E-3 8.57796E-3 -9999 -9999 -9999 -9999 -9999 -9999 -9999 2.01994E-2 1.82829E-2 -9999 -9999 -9999 -9999 -9999 -9999 1.94706E-2 1.59661E-2 1.91102E-2 1.898E-2 1.48492E-2 1.45532E-2 2.2721E-2 1.93346E-2 1.98483E-2 1.95729E-2 2.07351E-2 2.08195E-2 2.13963E-2 1.90383E-2 9.57917E-3 8.08578E-3 7.11021E-3 -9999 -9999 -9999 -9999 -9999 7.3353E-4 -9999 -9999 2.93645E-3 -9999 -9999 1.75903E-3 -9999 -9999 -9999
5.78126E-4 2.31556E-3 1.41302E-3 9.33901E-4 -9999 2.17103E-3 1.66299E-3 -9999 4.26884E-3 -9999 -9999 8.28587E-3 6.63035E-3 1.13703E-2 -9999 -9999 2.00016E-2 1.9003E-2 -9999 1.85348E-2 2.10655E-2 2.38484E-2 -9999 -9999 -9999 -9999 -9999 2.64663E-2 2.72615E-2 2.34624E-2 2.24851E-2 2.16315E-2 2.22884E-2 2.5311E-2 2.32174E-2 2.67963E-2 2.9372E-2 2.79926E-2 1.8005E-2 1.68321E-2 1.19934E-2 9.81608E-3 9.48082E-3 8.03214E-3 3.36936E-3 -9999 1.05915E-3 -9999 1.77481E-3 1.40601E-3 -9999 -9999 -9999 -9999 1.90286E-2 2.50402E-3 5.94615E-4 -9999 -9999
1.52214E-3 9.27772E-4 1.13455E-3 2.30608E-3 5.01049E-3 -9999 2.43367E-3 -9999 -9999 -9999 -9999 7.4439E-3 -9999 1.61025E-2 1.59696E-2 1.49128E-2 1.68814E-2 1.8339E-2 1.97295E-2 2.36669E-2 2.73701E-2 2.68864E-2 2.54645E-2 2.55297E-2 -9999 3.26046E-2 2.71618E-2 2.53091E-2 2.29785E-2 2.32336E-2 2.35584E-2 2.2122E-2 2.05403E-2 2.51557E-2 2.11096E-2 2.79363E-2 3.16004E-2 2.67525E-2 2.34217E-2 2.04444E-2 1.71434E-2 1.08328E-2 1.08E-2 7.64695E-3 4.81828E-3 -9999 3.97236E-3 -9999 -9999 -9999 3.09405E-3 -9999 -9999 1.34471E-2 7.61654E-3 2.08497E-3 1.04323E-3 -9999 1.40742E-3
2.36244E-3 1.53557E-3 -9999 4.30379E-3 6.44539E-3 7.69603E-3 9.36245E-3 1.35691E-2 1.01642E-2 9.71413E-3 -9999 -9999 1.57495E-2 1.51911E-2 1.5815E-2 2.00298E-2 1.80773E-2 2.06143E-2 2.55024E-2 2.81459E-2 3.09745E-2 3.08669E-2 2.97705E-2 2.65252E-2 2.52551E-2 2.2801E-2 1.98446E-2 1.69967E-2 1.90824E-2 1.93869E-2 2.03664E-2 2.03986E-2 1.92373E-2 1.97593E-2 2.22192E-2 2.47612E-2 2.16096E-2 1.99349E-2 2.02554E-2 1.36163E-2 1.2316E-2 9.64934E-3 1.09467E-2 1.07508E-2 1.01746E-2 1.01741E-2 7.65216E-3 3.9937E-3 6.64626E-3 3.74095E-3 5.13629E-3 -9999 -9999 1.10762E-2 3.95013E-3 -9999 2.61721E-3 -9999 -9999
2.54391E-3 4.47725E-3 9.55657E-3 1.21461E-2 1.41718E-2 1.92358E-2 1.40475E-2 1.83624E-2 1.50285E-2 1.45881E-2 1.91204E-2 1.89057E-2 1.83331E-2 1.77313E-2 1.89384E-2 2.18289E-2 2.47011E-2 2.56535E-2 2.70485E-2 2.39136E-2 2.56271E-2 1.89927E-2 1.68648E-2 1.99427E-2 1.67375E-2 1.78893E-2 1.64434E-2 1.21909E-2 1.69349E-2 1.81678E-2 1.67719E-2 1.96179E-2 1.66726E-2 1.99938E-2 2.10107E-2 2.01476E-2 1.74372E-2 1.85543E-2 1.50977E-2 1.3841E-2 1.51563E-2 1.3579E-2 1.19937E-2 1.14492E-2 1.47388E-2 -9999 6.75965E-3 -9999 -9999 9.40905E-3 -9999 -9999 -9999 6.17742E-3 5.27145E-3 -9999 -9999 -9999 4.42665E-3
3.51926E-3 3.3554E-3 8.15358E-3 1.19119E-2 1.44954E-2 1.33977E-2 1.73194E-2 1.56092E-2 1.72875E-2 1.95147E-2 1.92828E-2 2.23122E-2 2.31054E-2 2.48756E-2 2.55111E-2 2.51328E-2 2.29683E-2 2.18606E-2 2.17156E-2 2.02517E-2 2.08702E-2 1.71479E-2 1.38854E-2 1.56879E-2 1.58859E-2 1.3764E-2 1.26769E-2 1.4291E-2 1.27257E-2 1.50891E-2 1.91417E-2 1.90153E-2 1.64505E-2 1.99186E-2 1.60855E-2 1.87514E-2 2.48321E-2 1.79881E-2 1.97692E-2 1.10066E-2 1.05443E-2 1.27545E-2 -9999 1.65356E-2 1.63871E-2 1.43216E-2 -9999 1.02015E-2 1.22346E-2 1.58685E-2 1.80564E-2 1.7324E-2 1.36988E-2 9.75457E-3 1.00147E-2 9.55528E-3 1.09028E-2 1.59689E-2 3.07126E-2
6.12314E-3 8.91877E-3 1.70541E-2 1.36464E-2 1.4758E-2 1.76108E-2 1.75719E-2 1.76991E-2 1.6677E-2 2.07603E-2 1.69769E-2 1.90252E-2 2.18778E-2 1.95629E-2 1.76157E-2 1.62169E-2 1.98931E-2 1.43297E-2 1.4238E-2 1.43002E-2 1.66209E-2 1.39511E-2 1.51726E-2 1.69742E-2 1.86635E-2 1.5102E-2 1.36562E-2 1.49202E-2 1.94066E-2 2.04423E-2 1.80155E-2 1.76656E-2 1.66747E-2 1.93333E-2 1.912E-2 1.82459E-2 1.85572E-2 2.18076E-2 1.56214E-2 1.86723E-2 1.20646E-2 -9999 1.78218E-2 -9999 -9999 1.46951E-2 1.64073E-2 1.84347E-2 2.06278E-2 2.32741E-2 2.52312E-2 2.30306E-2 1.85918E-2 1.55275E-2 2.0598E-2 2.35483E-2 2.90042E-2 4.46355E-2 3.75736E-2
2.22008E-2 1.31426E-2 1.82469E-2 1.35897E-2 2.69391E-2 2.45114E-2 2.6762E-2 2.57397E-2 2.43834E-2 1.89171E-2 2.91981E-2 2.45656E-2 1.99635E-2 2.08819E-2 2.58251E-2 2.19399E-2 2.31391E-2 2.82561E-2 2.17913E-2 2.81318E-2 1.75886E-2 2.52038E-2 2.14342E-2 1.90327E-2 1.67588E-2 1.8497E-2 1.90739E-2 2.00814E-2 1.78441E-2 1.76969E-2 1.80871E-2 1.90091E-2 1.91953E-2 2.05932E-2 2.05226E-2 2.35269E-2 1.86481E-2 1.76458E-2 2.0173E-2 2.66338E-2 1.8584E-2 1.39103E-2 1.58445E-2 1.73832E-2 1.90615E-2 1.67827E-2 1.74113E-2 1.79953E-2 1.86173E-2 2.14589E-2 3.57239E-2 3.26703E-2 2.71515E-2 2.7655E-2 2.84614E-2 4.16725E-2 4.21535E-2 4.0822E-2 3.71412E-2
2.95997E-2 2.56854E-2 2.93752E-2 2.62808E-2 2.53772E-2 2.35498E-2 2.42353E-2 2.13658E-2 2.53853E-2 2.1511E-2 2.27618E-2 1.99082E-2 2.03561E-2 2.44447E-2 2.28677E-2 2.3379E-2 2.07121E-2 2.25119E-2 3.31204E-2 2.69792E-2 2.26379E-2 3.11018E-2 2.92268E-2 2.94691E-2 2.91751E-2 2.57968E-2 2.56714E-2 2.5695E-2 2.85996E-2 3.37534E-2 2.42499E-2 2.75523E-2 2.62189E-2 2.53054E-2 2.481E-2 2.35674E-2 2.4547E-2 2.43171E-2 2.27311E-2 2.88308E-2 2.16463E-2 2.17303E-2 2.06356E-2 1.79338E-2 1.57264E-2 1.70185E-2 1.64006E-2 1.99048E-2 1.966E-2 1.94142E-2 2.21137E-2 3.4557E-2 3.62036E-2 3.03066E-2 3.01735E-2 3.88539E-2 4.6957E-2 3.77485E-2 3.70939E-2
