data/Modelo 3/SPZn_avg.asc
ncols         78
nrows         61
xllcorner     -149.5
yllcorner     -28.5
cellsize      1.0
NODATA_value  -9999
[rows 0 to 25 of 61, columns 0 to 57 of 78]
1.37859E-2 1.32845E-2 1.24549E-2 1.16538E-2 1.24273E-2 1.14115E-2 1.03719E-2 9.67957E-3 8.25495E-3 6.98065E-3 6.33794E-3 5.78721E-3 5.51614E-3 5.28878E-3 4.92297E-3 4.69755E-3 4.30754E-3 4.36574E-3 4.61096E-3 4.35132E-3 4.61358E-3 5.5385E-3 5.72491E-3 8.2419E-3 2.10506E-2 4.17704E-2 6.34645E-2 1.0412E-1 1.57424E-1 1.5452E-1 1.29674E-1 1.68862E-1 -9999 -9999 -9999 -9999 -9999 -9999 -9999 -9999 -9999 -9999 -9999 -9999 -9999 -9999 -9999 -9999 -9999 -9999 -9999 -9999 -9999 -9999 -9999 -9999 -9999 -9999
1.223E-2 1.21341E-2 1.16758E-2 1.00312E-2 9.6887E-3 9.91344E-3 1.02271E-2 1.09452E-2 1.01303E-2 8.94817E-3 8.25484E-3 7.63169E-3 7.14802E-3 6.67151E-3 5.60017E-3 5.04273E-3 4.59481E-3 4.28801E-3 4.34677E-3 4.08196E-3 4.07231E-3 4.15531E-3 4.09578E-3 5.15863E-3 8.51649E-3 1.03558E-2 1.8778E-2 6.37438E-2 1.22372E-1 1.77279E-1 1.91821E-1 1.87845E-1 -9999 -9999 4.93196E-1 -9999 -9999 -9999 -9999 -9999 -9999 -9999 -9999 -9999 -9999 -9999 -9999 -9999 -9999 -9999 -9999 -9999 -9999 -9999 -9999 -9999 -9999 -9999
9.80072E-3 1.03211E-2 1.03976E-2 9.41223E-3 8.29688E-3 7.84841E-3 8.31617E-3 9.50309E-3 1.01392E-2 1.067E-2 9.93783E-3 8.92888E-3 7.96912E-3 7.00069E-3 5.80559E-3 5.25521E-3 4.71978E-3 4.12976E-3 3.94852E-3 3.70759E-3 3.14262E-3 2.76507E-3 2.70227E-3 2.8933E-3 3.14344E-3 3.15674E-3 4.19417E-3 9.82887E-3 2.87978E-2 6.37447E-2 1.11612E-1 1.67125E-1 2.84859E-1 -9999 8.17281E-1 8.99034E-1 -9999 -9999 -9999 -9999 -9999 -9999 -9999 -9999 -9999 -9999 -9999 -9999 -9999 -9999 -9999 -9999 -9999 -9999 -9999 -9999 -9999 -9999
8.41193E-3 8.4946E-3 8.31007E-3 7.69733E-3 7.34546E-3 7.29746E-3 7.50028E-3 8.06104E-3 8.60171E-3 8.83429E-3 9.33975E-3 9.10892E-3 8.46149E-3 8.09215E-3 6.80344E-3 5.72407E-3 4.83892E-3 4.50976E-3 4.2344E-3 3.81111E-3 3.24178E-3 2.80596E-3 2.53518E-3 2.39463E-3 2.49043E-3 2.3702E-3 2.73261E-3 4.01307E-3 6.0005E-3 9.71532E-3 2.2667E-2 9.29872E-2 3.65683E-1 3.24165E-1 -9999 -9999 8.9678E-1 -9999 -9999 -9999 -9999 -9999 -9999 -9999 -9999 -9999 -9999 -9999 -9999 -9999 -9999 -9999 -9999 -9999 -9999 -9999 -9999 -9999
5.97979E-3 6.29881E-3 6.09846E-3 5.69434E-3 5.95295E-3 6.37296E-3 6.67324E-3 6.93857E-3 7.30278E-3 7.666E-3 8.18516E-3 8.66192E-3 9.02098E-3 8.27161E-3 7.05285E-3 6.22461E-3 5.52343E-3 4.9766E-3 4.61299E-3 4.04646E-3 3.58015E-3 3.25197E-3 2.79038E-3 2.57985E-3 2.73437E-3 2.8422E-3 2.97425E-3 3.83782E-3 5.0146E-3 6.865E-3 1.0685E-2 3.14112E-2 2.45038E-1 4.90104E-1 4.10376E-1 -9999 8.66176E-1 -9999 -9999 -9999 -9999 -9999 -9999 -9999 -9999 -9999 -9999 -9999 -9999 -9999 -9999 -9999 -9999 -9999 -9999 -9999 -9999 -9999
4.53205E-3 4.67973E-3 4.94611E-3 4.97042E-3 5.09696E-3 5.4863E-3 5.90856E-3 6.26594E-3 6.74411E-3 7.17783E-3 7.41267E-3 7.67598E-3 8.21688E-3 8.38628E-3 7.45739E-3 6.79681E-3 6.08997E-3 5.48216E-3 4.92358E-3 4.41256E-3 3.97664E-3 3.56622E-3 3.29312E-3 3.21887E-3 3.18702E-3 3.24618E-3 3.27203E-3 3.86075E-3 5.0397E-3 6.06995E-3 7.6896E-3 1.7311E-2 1.22187E-1 7.06993E-1 -9999 -9999 -9999 7.56864E-1 -9999 -9999 -9999 -9999 -9999 -9999 -9999 -9999 -9999 -9999 -9999 -9999 -9999 -9999 -9999 -9999 -9999 -9999 -9999 -9999
4.065E-3 4.19566E-3 4.32551E-3 4.46527E-3 4.61855E-3 4.96478E-3 5.31314E-3 5.66998E-3 5.95199E-3 6.26553E-3 6.55444E-3 7.03841E-3 7.4969E-3 8.17889E-3 8.60159E-3 7.83678E-3 7.06532E-3 6.41344E-3 5.80318E-3 5.11988E-3 4.55234E-3 4.23908E-3 4.1501E-3 4.05516E-3 3.92881E-3 3.90858E-3 3.90298E-3 4.06539E-3 4.73289E-3 5.27665E-3 6.27439E-3 1.06393E-2 2.63347E-2 3.05971E-1 9.26429E-1 9.34515E-1 -9999 -9999 6.48287E-1 5.15778E-1 -9999 -9999 -9999 -9999 -9999 -9999 -9999 -9999 -9999 -9999 -9999 -9999 -9999 -9999 -9999 -9999 -9999 -9999
3.87045E-3 3.96044E-3 4.03114E-3 4.19856E-3 4.44026E-3 4.70583E-3 4.87224E-3 5.08473E-3 5.29456E-3 5.51497E-3 5.94768E-3 6.43073E-3 6.82415E-3 7.2833E-3 7.8568E-3 8.39187E-3 8.37819E-3 7.58225E-3 6.74985E-3 6.15184E-3 5.71458E-3 5.59817E-3 5.36783E-3 5.13784E-3 5.04933E-3 5.20958E-3 5.42744E-3 5.70666E-3 6.10374E-3 7.02727E-3 8.80921E-3 1.2169E-2 1.93962E-2 4.61816E-2 3.87903E-1 9.78595E-1 9.89275E-1 -9999 6.31234E-1 4.93733E-1 -9999 -9999 -9999 -9999 -9999 -9999 -9999 -9999 -9999 -9999 -9999 -9999 -9999 -9999 -9999 -9999 -9999 -9999
3.70664E-3 3.844E-3 3.9524E-3 4.09016E-3 4.29269E-3 4.51294E-3 4.67169E-3 4.89437E-3 5.10746E-3 5.30172E-3 5.61817E-3 5.89418E-3 6.26716E-3 6.62176E-3 7.10813E-3 7.64088E-3 8.08289E-3 8.33765E-3 8.28885E-3 8.03305E-3 7.55529E-3 7.2393E-3 6.93454E-3 6.91379E-3 6.88574E-3 6.9087E-3 7.3428E-3 7.80677E-3 8.72711E-3 1.05147E-2 1.34759E-2 1.60212E-2 2.40491E-2 3.77298E-2 9.79195E-2 2.86652E-1 9.76382E-1 -9999 5.74925E-1 4.88751E-1 3.96794E-1 -9999 -9999 -9999 -9999 -9999 -9999 -9999 -9999 -9999 -9999 -9999 -9999 -9999 -9999 -9999 -9999 -9999
3.65624E-3 3.75205E-3 3.82404E-3 3.93552E-3 4.16259E-3 4.35826E-3 4.54794E-3 4.81127E-3 5.01498E-3 5.20492E-3 5.42711E-3 5.63541E-3 5.93731E-3 6.2579E-3 6.50933E-3 6.872E-3 7.27982E-3 7.70574E-3 8.12873E-3 8.58446E-3 9.12865E-3 9.53776E-3 9.82747E-3 9.60888E-3 9.398E-3 9.69657E-3 1.06187E-2 1.13564E-2 1.198E-2 1.35151E-2 1.55303E-2 1.5739E-2 1.82535E-2 2.27353E-2 3.15951E-2 8.54507E-2 7.07536E-1 9.26006E-1 7.41643E-1 -9999 3.80922E-1 3.66536E-1 -9999 -9999 -9999 -9999 -9999 -9999 -9999 -9999 -9999 -9999 -9999 -9999 -9999 -9999 -9999 -9999
3.65684E-3 3.76453E-3 3.78189E-3 3.87674E-3 4.06763E-3 4.26717E-3 4.46121E-3 4.71589E-3 4.93601E-3 5.24336E-3 5.43056E-3 5.46835E-3 5.62335E-3 5.79588E-3 6.00431E-3 6.35549E-3 6.71194E-3 6.96855E-3 7.40108E-3 7.94505E-3 8.39649E-3 9.00784E-3 9.29687E-3 9.96923E-3 1.02388E-2 1.0132E-2 9.58603E-3 9.5531E-3 1.01563E-2 1.0706E-2 1.08987E-2 1.10918E-2 1.15468E-2 1.35288E-2 2.08776E-2 5.69197E-2 2.00874E-1 5.92264E-1 7.04524E-1 4.45898E-1 3.94524E-1 3.48378E-1 2.5427E-1 -9999 -9999 -9999 -9999 -9999 -9999 -9999 -9999 -9999 -9999 -9999 -9999 -9999 -9999 -9999
3.59688E-3 3.64916E-3 3.73973E-3 3.87534E-3 4.00514E-3 4.15051E-3 4.29649E-3 4.529E-3 4.83187E-3 5.18086E-3 5.55952E-3 5.71148E-3 5.4822E-3 5.53883E-3 5.69652E-3 5.93813E-3 6.24606E-3 6.45277E-3 6.78257E-3 7.41566E-3 7.81039E-3 8.31831E-3 8.5742E-3 9.13782E-3 9.54875E-3 8.82172E-3 8.15375E-3 8.08598E-3 8.25578E-3 8.53676E-3 8.57834E-3 9.05551E-3 9.9439E-3 1.36076E-2 1.92934E-2 4.83161E-2 8.70889E-2 2.86843E-1 3.63977E-1 3.87864E-1 3.47991E-1 2.90126E-1 2.83763E-1 2.90396E-1 -9999 -9999 -9999 -9999 -9999 -9999 -9999 -9999 -9999 -9999 -9999 -9999 -9999 -9999
3.56102E-3 3.58489E-3 3.72069E-3 3.93996E-3 4.00033E-3 4.01454E-3 4.14713E-3 4.38968E-3 4.8267E-3 5.29797E-3 5.95821E-3 6.49223E-3 6.30973E-3 6.25404E-3 6.06111E-3 5.86221E-3 6.20945E-3 6.4501E-3 6.84838E-3 7.37876E-3 7.84625E-3 8.25046E-3 8.18357E-3 8.80618E-3 9.80511E-3 8.85614E-3 8.25273E-3 8.05103E-3 7.81221E-3 7.60626E-3 7.47128E-3 8.08909E-3 1.0666E-2 1.64065E-2 2.4751E-2 5.31911E-2 8.35959E-2 1.69073E-1 2.00608E-1 1.87081E-1 2.18487E-1 2.23541E-1 3.28549E-1 -9999 -9999 -9999 -9999 -9999 -9999 -9999 -9999 -9999 -9999 -9999 -9999 -9999 -9999 -9999
3.57776E-3 3.75747E-3 3.96157E-3 4.17098E-3 4.08577E-3 3.95714E-3 4.00446E-3 4.30881E-3 4.8563E-3 5.51836E-3 6.09578E-3 6.66455E-3 7.81868E-3 8.28476E-3 8.06292E-3 7.21716E-3 7.39439E-3 7.88934E-3 8.72116E-3 1.0364E-2 1.16024E-2 1.31024E-2 1.3059E-2 1.40122E-2 1.8874E-2 1.84386E-2 1.7364E-2 1.51762E-2 1.16591E-2 1.0665E-2 1.00475E-2 9.86582E-3 1.04401E-2 1.10473E-2 1.68763E-2 3.24831E-2 4.3416E-2 6.74476E-2 1.07603E-1 1.39437E-1 1.56767E-1 1.68596E-1 3.81327E-1 4.89928E-1 -9999 -9999 -9999 -9999 -9999 -9999 -9999 -9999 -9999 -9999 -9999 -9999 -9999 -9999
3.65748E-3 3.85224E-3 4.19827E-3 4.61045E-3 4.47537E-3 4.23473E-3 4.27007E-3 4.75881E-3 5.4214E-3 5.85377E-3 7.06342E-3 7.80697E-3 9.97405E-3 1.15486E-2 1.20839E-2 1.08313E-2 1.02127E-2 1.18461E-2 1.42634E-2 2.07035E-2 3.00056E-2 3.81905E-2 4.01106E-2 3.2604E-2 4.43259E-2 5.76703E-2 5.70752E-2 5.25542E-2 3.15801E-2 2.28216E-2 1.8103E-2 1.35501E-2 1.13353E-2 9.82747E-3 1.05256E-2 2.40017E-2 4.53917E-2 9.21219E-2 1.49017E-1 1.35642E-1 1.13391E-1 1.5974E-1 3.94242E-1 5.35007E-1 3.59635E-1 -9999 -9999 -9999 -9999 -9999 -9999 -9999 -9999 -9999 -9999 -9999 -9999 -9999
4.17151E-3 4.1999E-3 4.60632E-3 5.25581E-3 5.64064E-3 5.61499E-3 6.07705E-3 7.06523E-3 7.61542E-3 8.35222E-3 1.00091E-2 1.21831E-2 1.59814E-2 1.90899E-2 2.52507E-2 2.73523E-2 2.107E-2 2.3506E-2 3.98343E-2 6.62119E-2 7.80876E-2 8.7862E-2 9.82337E-2 8.81007E-2 9.84678E-2 1.28247E-1 1.67481E-1 1.58241E-1 1.06962E-1 7.46344E-2 5.35697E-2 4.17548E-2 2.77289E-2 1.55718E-2 1.37799E-2 2.81557E-2 4.99044E-2 9.4072E-2 1.72482E-1 1.49201E-1 1.36274E-1 2.09992E-1 3.76025E-1 4.94626E-1 2.46169E-1 1.01086E-1 3.7178E-2 1.46047E-2 -9999 -9999 -9999 -9999 -9999 -9999 -9999 -9999 -9999 -9999
4.91103E-3 5.01018E-3 5.34449E-3 6.1629E-3 7.21592E-3 8.23432E-3 9.1036E-3 1.03481E-2 1.22358E-2 1.54814E-2 1.92133E-2 2.3303E-2 2.83855E-2 3.67137E-2 5.13848E-2 6.5534E-2 6.2846E-2 8.0264E-2 1.24603E-1 1.69553E-1 2.03225E-1 2.16078E-1 2.42213E-1 2.5148E-1 2.53615E-1 2.54795E-1 2.73681E-1 2.62603E-1 2.23722E-1 1.84764E-1 1.41924E-1 1.36964E-1 8.38861E-2 4.39413E-2 3.51968E-2 5.06371E-2 1.01106E-1 9.98921E-2 1.09821E-1 1.03843E-1 1.37055E-1 2.01058E-1 1.55554E-1 1.10384E-1 6.07998E-2 3.78151E-2 2.48865E-2 1.20611E-2 7.08048E-3 3.9696E-3 -9999 -9999 -9999 -9999 -9999 -9999 -9999 -9999
6.04179E-3 6.85069E-3 7.08838E-3 7.49563E-3 8.72704E-3 1.04406E-2 1.25887E-2 1.53973E-2 2.07079E-2 2.96725E-2 3.65096E-2 4.72787E-2 6.26101E-2 7.86772E-2 1.06271E-1 1.37866E-1 1.85261E-1 2.13801E-1 2.54405E-1 2.90089E-1 3.38123E-1 3.56862E-1 3.65754E-1 3.82092E-1 3.79219E-1 3.72266E-1 3.6221E-1 3.26564E-1 2.81281E-1 2.26685E-1 2.0564E-1 2.04567E-1 2.07867E-1 2.43251E-1 2.62597E-1 2.54577E-1 2.50736E-1 2.25614E-1 1.97075E-1 2.20993E-1 1.97466E-1 1.10356E-1 5.61066E-2 3.20548E-2 1.86755E-2 1.21047E-2 8.59088E-3 7.05775E-3 4.87917E-3 3.4719E-3 3.1025E-3 3.94233E-3 1.38844E-2 2.97083E-1 1.59514E-1 3.03542E-3 -9999 -9999
8.30091E-3 1.03619E-2 1.12613E-2 1.12379E-2 1.2413E-2 1.57293E-2 2.09608E-2 2.74338E-2 3.3078E-2 4.18843E-2 5.21865E-2 6.77139E-2 7.70693E-2 1.10646E-1 2.01643E-1 2.43296E-1 2.67995E-1 2.84531E-1 3.1459E-1 3.59275E-1 4.00649E-1 4.34967E-1 4.59323E-1 4.75834E-1 4.83577E-1 4.86964E-1 4.64432E-1 4.18391E-1 3.9493E-1 3.72994E-1 3.62331E-1 3.49636E-1 3.76417E-1 4.41576E-1 4.75741E-1 5.11447E-1 5.1666E-1 4.75718E-1 2.75061E-1 1.56676E-1 1.00731E-1 6.43574E-2 4.07598E-2 2.81116E-2 1.88943E-2 1.36459E-2 1.02019E-2 7.73347E-3 5.95355E-3 4.2308E-3 4.3626E-3 7.0825E-3 3.66493E-2 3.08778E-1 1.4513E-1 5.54514E-3 6.04314E-4 -9999
1.06165E-2 1.23551E-2 1.47146E-2 1.83176E-2 2.60269E-2 3.44208E-2 4.70264E-2 6.33784E-2 7.78404E-2 9.83181E-2 1.06809E-1 1.09824E-1 1.18967E-1 1.6733E-1 2.23557E-1 2.54479E-1 2.73897E-1 3.00067E-1 3.32272E-1 3.69257E-1 4.04301E-1 4.2432E-1 4.45719E-1 4.5609E-1 4.48187E-1 4.71279E-1 4.95969E-1 5.14475E-1 5.3399E-1 5.53123E-1 5.1735E-1 4.59658E-1 4.56738E-1 5.15958E-1 5.62145E-1 6.29895E-1 5.87559E-1 4.39879E-1 3.06606E-1 1.99303E-1 1.28365E-1 9.16685E-2 6.38167E-2 4.33658E-2 3.07746E-2 2.27476E-2 1.73531E-2 1.34913E-2 1.00852E-2 8.9355E-3 1.16699E-2 2.54261E-2 7.57544E-2 1.4079E-1 4.206E-2 6.44095E-3 1.9547E-3 1.41638E-3
1.50934E-2 1.79067E-2 2.24419E-2 3.12958E-2 5.67217E-2 8.28666E-2 9.61429E-2 1.26367E-1 1.65685E-1 1.92492E-1 2.04623E-1 2.12199E-1 2.10291E-1 2.17228E-1 2.44461E-1 2.7685E-1 2.9227E-1 3.05784E-1 3.37006E-1 3.62257E-1 3.75575E-1 3.82177E-1 3.79129E-1 3.55528E-1 3.57698E-1 4.05495E-1 4.47974E-1 4.90015E-1 5.35957E-1 5.78421E-1 5.54217E-1 5.28766E-1 5.14765E-1 5.43849E-1 5.69955E-1 4.73382E-1 4.04899E-1 3.90815E-1 3.46503E-1 2.63561E-1 1.88306E-1 1.35473E-1 9.29425E-2 6.75736E-2 5.34274E-2 4.10641E-2 3.22097E-2 2.57457E-2 2.09656E-2 1.99048E-2 2.82795E-2 6.01643E-2 1.12756E-1 7.93669E-2 2.55663E-2 9.69548E-3 6.50579E-3 8.40607E-3
2.42377E-2 3.34684E-2 5.49056E-2 9.49837E-2 1.49867E-1 1.64967E-1 1.73693E-1 1.96648E-1 2.20224E-1 2.30044E-1 2.52069E-1 2.79951E-1 2.86462E-1 2.73733E-1 2.85221E-1 3.13939E-1 3.36797E-1 3.27737E-1 3.13296E-1 3.16023E-1 3.15599E-1 3.1329E-1 3.21709E-1 3.58517E-1 3.80767E-1 3.8971E-1 4.08898E-1 4.81109E-1 5.55883E-1 5.75015E-1 5.82707E-1 5.88178E-1 5.56749E-1 5.60944E-1 5.37604E-1 4.28791E-1 3.89569E-1 3.72361E-1 3.36435E-1 2.89803E-1 2.30937E-1 1.8764E-1 1.48677E-1 1.13143E-1 8.13151E-2 6.55906E-2 5.70522E-2 5.10042E-2 5.19616E-2 5.40075E-2 6.57127E-2 9.08361E-2 9.07772E-2 5.58791E-2 3.01717E-2 2.19184E-2 2.48382E-2 4.15349E-2
4.8319E-2 6.7434E-2 1.09585E-1 1.71851E-1 1.96012E-1 2.01072E-1 2.00782E-1 2.30811E-1 2.65362E-1 2.74849E-1 2.91679E-1 3.17817E-1 3.36463E-1 3.49116E-1 3.51521E-1 3.42021E-1 3.2934E-1 3.16284E-1 3.06701E-1 3.00688E-1 3.13588E-1 3.41189E-1 3.89625E-1 4.38343E-1 4.48241E-1 4.71229E-1 4.6374E-1 4.89063E-1 5.50938E-1 5.70196E-1 5.67696E-1 5.69233E-1 5.66802E-1 6.09452E-1 5.55619E-1 4.88021E-1 4.45185E-1 4.07421E-1 3.6562E-1 3.27485E-1 2.95491E-1 2.47605E-1 2.24419E-1 2.01553E-1 1.50755E-1 1.21638E-1 1.1275E-1 1.23973E-1 1.47321E-1 1.58064E-1 1.49478E-1 1.37217E-1 1.07423E-1 8.41614E-2 7.04676E-2 6.36702E-2 7.90119E-2 1.37868E-1
9.50316E-2 1.12043E-1 1.42151E-1 1.85403E-1 2.24798E-1 2.4576E-1 2.63207E-1 2.79739E-1 2.97413E-1 2.99677E-1 3.05811E-1 3.09129E-1 3.06938E-1 3.19254E-1 3.14624E-1 2.979E-1 2.80343E-1 2.74309E-1 2.7884E-1 2.82525E-1 2.9418E-1 3.02812E-1 3.44292E-1 3.91982E-1 4.44157E-1 4.90784E-1 4.90742E-1 5.05987E-1 5.34177E-1 5.56517E-1 5.52658E-1 5.23079E-1 5.17601E-1 5.44356E-1 5.56911E-1 5.15345E-1 4.78046E-1 4.48232E-1 4.1305E-1 3.84663E-1 3.59931E-1 3.28483E-1 3.25475E-1 3.23201E-1 3.19872E-1 2.80553E-1 2.5695E-1 2.75266E-1 2.96114E-1 3.03937E-1 2.62847E-1 2.31197E-1 1.78593E-1 1.55744E-1 1.64211E-1 1.77483E-1 2.05764E-1 3.20406E-1
1.51461E-1 1.63481E-1 1.83165E-1 1.96279E-1 2.16564E-1 2.40365E-1 2.67831E-1 2.69756E-1 2.74355E-1 2.83484E-1 2.8082E-1 2.52949E-1 2.43795E-1 2.56759E-1 2.64876E-1 2.59534E-1 2.50549E-1 2.50147E-1 2.75911E-1 2.63458E-1 2.51364E-1 2.49908E-1 2.72323E-1 3.14488E-1 3.72405E-1 4.23005E-1 4.54207E-1 4.6961E-1 4.90107E-1 5.11871E-1 5.3233E-1 5.31051E-1 5.09623E-1 5.01472E-1 5.30393E-1 5.20149E-1 5.13291E-1 5.0975E-1 5.22937E-1 5.20252E-1 4.76903E-1 4.40247E-1 4.49429E-1 4.6803E-1 4.93553E-1 4.81314E-1 4.50064E-1 4.51797E-1 4.39796E-1 4.02693E-1 3.86878E-1 3.66435E-1 3.04828E-1 2.67231E-1 2.60788E-1 2.89378E-1 2.89111E-1 2.46919E-1
3.5161E-1 3.69091E-1 3.81271E-1 3.76894E-1 3.7423E-1 3.70654E-1 3.58096E-1 3.53245E-1 3.455E-1 3.46099E-1 3.37872E-1 3.21E-1 3.11062E-1 3.00619E-1 3.02717E-1 3.08004E-1 3.09102E-1 3.08108E-1 3.06848E-1 3.17545E-1 3.27007E-1 3.33582E-1 3.42297E-1 3.7565E-1 4.23104E-1 4.66958E-1 5.08051E-1 5.42667E-1 5.6887E-1 5.76451E-1 5.94418E-1 6.17845E-1 6.12057E-1 5.88837E-1 5.73203E-1 5.64022E-1 5.6082E-1 5.66991E-1 6.0069E-1 6.33108E-1 6.09851E-1 5.93405E-1 5.97311E-1 6.09021E-1 6.20931E-1 6.11854E-1 5.82023E-1 5.71646E-1 5.82195E-1 5.41724E-1 5.0223E-1 4.75512E-1 4.44754E-1 3.85807E-1 3.52431E-1 3.32846E-1 3.09027E-1 2.9536E-1
