data/Modelo 3/SPZn_min.asc
ncols         78
nrows         61
xllcorner     -149.5
yllcorner     -28.5
cellsize      1.0
NODATA_value  -9999
[rows 26 to 51 of 61, columns 0 to 57 of 78]
4.90198E-1 5.04289E-1 5.0022E-1 4.93781E-1 4.91659E-1 4.89383E-1 4.69483E-1 4.50293E-1 4.34449E-1 4.32931E-1 4.27822E-1 4.22475E-1 4.16831E-1 4.04211E-1 4.11228E-1 4.08802E-1 4.11182E-1 4.14999E-1 4.04621E-1 4.13963E-1 4.35381E-1 4.38658E-1 4.41296E-1 4.55103E-1 4.72717E-1 4.94934E-1 5.12016E-1 5.21834E-1 5.3161E-1 5.39226E-1 5.61881E-1 5.86559E-1 5.95675E-1 6.0978E-1 6.07636E-1 5.97313E-1 5.90019E-1 5.97664E-1 6.28317E-1 6.94348E-1 7.45822E-1 7.72907E-1 7.90187E-1 7.99106E-1 8.04315E-1 7.8583E-1 7.61791E-1 7.46917E-1 7.47996E-1 7.31893E-1 7.07015E-1 6.64179E-1 6.36144E-1 5.87454E-1 5.19665E-1 4.43544E-1 3.41168E-1 2.46431E-1
5.78207E-1 5.56144E-1 5.44998E-1 5.3584E-1 5.33135E-1 5.36182E-1 5.18967E-1 5.01578E-1 4.91549E-1 4.97636E-1 5.07764E-1 5.03487E-1 4.80047E-1 4.67682E-1 4.66598E-1 4.63356E-1 4.61213E-1 4.64401E-1 4.65525E-1 4.7426E-1 4.7886E-1 4.73497E-1 4.7315E-1 4.78248E-1 4.84598E-1 4.96564E-1 5.00364E-1 4.94197E-1 5.10795E-1 5.21895E-1 5.38973E-1 5.52873E-1 5.71519E-1 5.88338E-1 5.90398E-1 5.90552E-1 5.95007E-1 6.09917E-1 6.28614E-1 6.44688E-1 7.03244E-1 7.51663E-1 7.82165E-1 8.0237E-1 8.33001E-1 8.71973E-1 8.99101E-1 9.07305E-1 9.18803E-1 9.28668E-1 9.33543E-1 9.12735E-1 8.89001E-1 8.71974E-1 8.46392E-1 7.97527E-1 6.88568E-1 6.09595E-1
5.46313E-1 5.28379E-1 5.15231E-1 5.0759E-1 5.09335E-1 5.15208E-1 5.0425E-1 4.93788E-1 4.90142E-1 4.88645E-1 4.89701E-1 4.86437E-1 4.68282E-1 4.51342E-1 4.51688E-1 4.55557E-1 4.60033E-1 4.56511E-1 4.54606E-1 4.62313E-1 4.59553E-1 4.46264E-1 4.41762E-1 4.46194E-1 4.51843E-1 4.64288E-1 4.62954E-1 4.63361E-1 4.84168E-1 4.94542E-1 5.11431E-1 5.30055E-1 5.50423E-1 5.65007E-1 5.80985E-1 6.03437E-1 6.24088E-1 6.40449E-1 6.50124E-1 6.57542E-1 6.80068E-1 6.94104E-1 7.17281E-1 7.36222E-1 7.51807E-1 7.85411E-1 8.30494E-1 8.64313E-1 8.90457E-1 9.17772E-1 9.36087E-1 9.41676E-1 9.41432E-1 9.37689E-1 9.34236E-1 9.24355E-1 9.14978E-1 9.0872E-1
5.01506E-1 4.86691E-1 4.74773E-1 4.72884E-1 4.77499E-1 4.84234E-1 4.80399E-1 4.72308E-1 4.67148E-1 4.54921E-1 4.42015E-1 4.38692E-1 4.37693E-1 4.36355E-1 4.39936E-1 4.40616E-1 4.39446E-1 4.32903E-1 4.27372E-1 4.2447E-1 4.21893E-1 4.21696E-1 4.23655E-1 4.2698E-1 4.32914E-1 4.38906E-1 4.39042E-1 4.46273E-1 4.58121E-1 4.66773E-1 4.73313E-1 4.86327E-1 5.01032E-1 5.16469E-1 5.37948E-1 5.56084E-1 5.69173E-1 5.82714E-1 5.96398E-1 6.00825E-1 6.00764E-1 6.15506E-1 6.42005E-1 6.64442E-1 6.8595E-1 7.23908E-1 7.7083E-1 8.11213E-1 8.449E-1 8.73323E-1 8.83498E-1 8.82671E-1 8.82241E-1 8.8563E-1 8.93626E-1 9.08204E-1 9.18293E-1 9.20032E-1
4.71425E-1 4.57886E-1 4.41924E-1 4.33589E-1 4.3033E-1 4.29606E-1 4.27123E-1 4.2136E-1 4.19501E-1 4.26043E-1 4.29018E-1 4.30314E-1 4.30866E-1 4.31313E-1 4.34756E-1 4.43309E-1 4.56603E-1 4.6854E-1 4.77902E-1 4.84874E-1 4.92466E-1 4.97615E-1 4.99401E-1 5.01867E-1 5.04936E-1 5.07139E-1 5.08237E-1 5.04576E-1 5.06636E-1 5.1162E-1 5.14446E-1 5.15346E-1 5.20087E-1 5.26682E-1 5.3654E-1 5.45318E-1 5.45342E-1 5.45182E-1 5.45203E-1 5.50269E-1 5.56317E-1 5.63663E-1 5.7057E-1 5.79271E-1 5.99358E-1 6.31426E-1 6.62579E-1 6.86031E-1 7.05234E-1 7.19388E-1 7.28051E-1 7.31611E-1 7.34848E-1 7.47779E-1 7.76811E-1 8.03323E-1 8.04399E-1 8.04197E-1
4.68137E-1 4.75639E-1 4.81398E-1 4.75776E-1 4.79071E-1 4.90825E-1 4.84635E-1 4.76603E-1 4.83841E-1 4.89757E-1 4.86758E-1 4.78208E-1 4.69674E-1 4.68772E-1 4.71667E-1 4.69714E-1 4.66641E-1 4.81468E-1 4.89842E-1 4.87299E-1 4.83653E-1 4.70779E-1 4.58914E-1 4.66915E-1 4.71139E-1 4.62285E-1 4.59329E-1 4.52928E-1 4.53773E-1 4.50071E-1 4.55368E-1 4.57232E-1 4.54635E-1 4.67934E-1 4.77059E-1 4.67665E-1 4.57883E-1 4.66493E-1 4.72886E-1 4.64671E-1 4.59391E-1 4.73473E-1 4.96377E-1 5.14494E-1 5.31225E-1 5.46489E-1 5.59798E-1 5.59323E-1 5.50924E-1 5.4956E-1 5.56226E-1 5.55644E-1 5.44251E-1 5.35652E-1 5.46614E-1 5.68914E-1 5.80531E-1 5.79894E-1
3.79473E-1 3.75026E-1 3.63343E-1 3.48986E-1 3.39205E-1 3.41564E-1 3.39646E-1 3.41074E-1 3.50034E-1 3.53531E-1 3.44163E-1 3.30202E-1 3.24752E-1 3.22382E-1 3.19788E-1 3.16477E-1 3.17412E-1 3.23789E-1 3.296E-1 3.32376E-1 3.31764E-1 3.26199E-1 3.15964E-1 3.04591E-1 2.95704E-1 2.82371E-1 2.71119E-1 2.63546E-1 2.56557E-1 2.51464E-1 2.542E-1 2.58079E-1 2.59526E-1 2.64189E-1 2.65014E-1 2.57269E-1 2.54823E-1 2.58045E-1 2.5953E-1 2.49522E-1 2.35555E-1 2.39373E-1 2.54977E-1 2.63948E-1 2.77363E-1 2.94765E-1 3.13635E-1 3.22718E-1 3.20734E-1 3.19043E-1 3.22764E-1 3.28269E-1 3.29598E-1 3.34816E-1 3.69121E-1 4.05124E-1 3.95342E-1 3.5581E-1
4.28094E-1 4.18653E-1 3.9968E-1 3.77732E-1 3.60125E-1 3.55156E-1 3.52527E-1 3.48069E-1 3.40452E-1 3.34496E-1 3.26432E-1 3.17926E-1 3.13756E-1 3.10268E-1 3.06852E-1 3.00586E-1 2.98259E-1 2.95876E-1 2.91199E-1 2.87492E-1 2.86526E-1 2.84249E-1 2.78622E-1 2.65852E-1 2.49347E-1 2.38648E-1 2.32049E-1 2.2221E-1 2.0351E-1 1.83623E-1 1.72196E-1 1.71471E-1 1.74471E-1 1.75487E-1 1.72502E-1 1.68918E-1 1.60829E-1 1.52648E-1 1.47542E-1 1.43557E-1 1.40808E-1 1.34611E-1 1.33802E-1 1.37818E-1 1.47463E-1 1.58652E-1 1.64887E-1 1.67236E-1 1.65249E-1 1.54826E-1 1.46095E-1 1.49661E-1 1.51026E-1 1.50698E-1 1.67047E-1 1.87933E-1 1.82702E-1 2.05237E-1
5.34537E-1 5.4227E-1 5.44776E-1 5.45207E-1 5.48752E-1 5.52548E-1 5.53821E-1 5.54945E-1 5.5378E-1 5.60245E-1 5.67333E-1 5.69796E-1 5.61869E-1 5.40582E-1 5.19458E-1 5.20492E-1 5.24392E-1 5.2362E-1 5.07417E-1 5.01012E-1 4.95018E-1 4.79507E-1 4.68636E-1 4.64895E-1 4.60486E-1 4.44099E-1 4.2707E-1 4.15543E-1 4.05974E-1 4.03775E-1 3.9621E-1 3.94894E-1 4.06141E-1 4.1119E-1 3.87353E-1 3.55894E-1 3.25624E-1 3.15732E-1 3.02672E-1 2.73738E-1 2.60498E-1 2.42813E-1 2.31489E-1 2.37967E-1 2.50978E-1 2.61161E-1 2.54977E-1 2.47259E-1 2.51921E-1 2.48443E-1 2.30836E-1 2.21643E-1 2.10439E-1 1.77454E-1 1.51969E-1 1.37729E-1 1.21713E-1 1.22734E-1
5.55996E-1 5.40231E-1 5.19504E-1 4.96435E-1 4.87312E-1 4.9455E-1 5.01592E-1 5.08215E-1 5.14949E-1 5.26661E-1 5.33928E-1 5.41507E-1 5.55775E-1 5.686E-1 5.71305E-1 5.75827E-1 5.82613E-1 5.91948E-1 6.0061E-1 6.1143E-1 6.20055E-1 6.26226E-1 6.31617E-1 6.43775E-1 6.54312E-1 6.43028E-1 6.35799E-1 6.3525E-1 6.27644E-1 6.1948E-1 5.99774E-1 5.90283E-1 5.99176E-1 5.84975E-1 5.59273E-1 5.39704E-1 5.18573E-1 5.02522E-1 4.8056E-1 4.53353E-1 4.43483E-1 4.36373E-1 4.35669E-1 4.51225E-1 4.66026E-1 4.67086E-1 4.6199E-1 4.58645E-1 4.62258E-1 4.71455E-1 4.61498E-1 4.11867E-1 3.64995E-1 3.00928E-1 2.05737E-1 1.62645E-1 1.55293E-1 1.78916E-1
5.67506E-1 5.48611E-1 5.26469E-1 5.03373E-1 4.89997E-1 4.78836E-1 4.70008E-1 4.59417E-1 4.47343E-1 4.49321E-1 4.53152E-1 4.5603E-1 4.63358E-1 4.72943E-1 4.79589E-1 4.90887E-1 5.03379E-1 5.13399E-1 5.25626E-1 5.42588E-1 5.58696E-1 5.70152E-1 5.81998E-1 5.95213E-1 6.08439E-1 6.14477E-1 6.23321E-1 6.30569E-1 6.36351E-1 6.45358E-1 6.54814E-1 6.62265E-1 6.71285E-1 6.77264E-1 6.84983E-1 6.67732E-1 6.27172E-1 5.95787E-1 5.84229E-1 5.77007E-1 5.70058E-1 5.53666E-1 5.39995E-1 5.51822E-1 5.63825E-1 5.48877E-1 5.43252E-1 5.50391E-1 5.45725E-1 5.19295E-1 4.99056E-1 4.87215E-1 4.69717E-1 4.24145E-1 3.97673E-1 4.05977E-1 4.3842E-1 4.74426E-1
5.51891E-1 5.29407E-1 5.10713E-1 4.95037E-1 4.8174E-1 4.70411E-1 4.58775E-1 4.47052E-1 4.34992E-1 4.17885E-1 4.02376E-1 3.99697E-1 4.06588E-1 4.15272E-1 4.25426E-1 4.36541E-1 4.47938E-1 4.56444E-1 4.65415E-1 4.74861E-1 4.8375E-1 4.97001E-1 5.12731E-1 5.25952E-1 5.37057E-1 5.43958E-1 5.50126E-1 5.58294E-1 5.67902E-1 5.7847E-1 5.92802E-1 6.06216E-1 6.17503E-1 6.318E-1 6.44406E-1 6.56266E-1 6.65974E-1 6.70464E-1 6.74388E-1 6.84214E-1 6.95788E-1 6.97783E-1 6.95297E-1 6.99667E-1 7.13676E-1 7.07102E-1 6.87047E-1 6.71188E-1 6.66472E-1 6.29365E-1 5.84123E-1 5.69852E-1 5.82614E-1 6.04759E-1 6.13657E-1 6.3416E-1 6.60784E-1 6.58831E-1
4.64478E-1 4.51655E-1 4.36285E-1 4.25359E-1 4.17746E-1 4.09755E-1 3.99443E-1 3.92436E-1 3.96391E-1 3.94463E-1 3.82159E-1 3.66555E-1 3.58883E-1 3.67416E-1 3.86355E-1 4.01063E-1 4.14062E-1 4.21968E-1 4.27648E-1 4.33697E-1 4.43321E-1 4.60255E-1 4.70634E-1 4.76814E-1 4.87196E-1 4.96089E-1 5.00543E-1 5.0526E-1 5.12246E-1 5.25852E-1 5.38604E-1 5.52355E-1 5.67091E-1 5.81228E-1 5.92115E-1 6.01684E-1 6.17245E-1 6.2697E-1 6.28748E-1 6.36714E-1 6.48813E-1 6.55524E-1 6.66003E-1 6.80487E-1 6.96455E-1 7.15586E-1 7.30872E-1 7.42882E-1 7.59957E-1 7.65629E-1 7.67852E-1 7.72134E-1 7.75076E-1 7.74328E-1 7.73915E-1 7.7056E-1 7.67223E-1 7.54751E-1
4.20911E-1 4.1551E-1 3.99971E-1 3.84549E-1 3.73471E-1 3.66466E-1 3.60977E-1 3.60013E-1 3.5976E-1 3.51285E-1 3.31447E-1 3.14234E-1 3.04797E-1 2.99986E-1 2.96018E-1 2.97855E-1 3.13497E-1 3.20449E-1 3.28067E-1 3.46791E-1 3.67719E-1 3.81901E-1 3.81999E-1 3.81074E-1 3.95724E-1 4.07463E-1 4.14605E-1 4.27955E-1 4.39513E-1 4.61367E-1 4.91346E-1 5.15518E-1 5.30069E-1 5.4361E-1 5.57519E-1 5.6571E-1 5.75012E-1 5.86288E-1 5.96235E-1 6.09535E-1 6.22989E-1 6.3151E-1 6.41847E-1 6.6237E-1 6.77898E-1 6.98512E-1 7.12998E-1 7.3093E-1 7.51764E-1 7.58067E-1 7.64599E-1 7.66765E-1 7.60752E-1 7.50052E-1 7.4085E-1 7.35029E-1 7.27568E-1 7.21192E-1
3.31161E-1 3.69653E-1 3.64292E-1 3.56862E-1 3.4934E-1 3.49293E-1 3.59642E-1 3.73212E-1 3.92632E-1 3.27413E-1 2.97839E-1 2.87084E-1 2.78106E-1 2.66205E-1 2.5797E-1 2.52133E-1 2.43326E-1 2.50012E-1 2.62384E-1 2.77395E-1 2.88299E-1 2.89109E-1 2.85383E-1 2.93502E-1 2.99934E-1 3.06569E-1 3.17588E-1 3.26671E-1 3.36784E-1 3.55589E-1 3.86197E-1 4.14856E-1 4.26789E-1 4.45752E-1 4.60424E-1 4.68465E-1 4.77827E-1 4.82497E-1 5.09293E-1 5.55306E-1 5.7997E-1 5.90925E-1 6.02142E-1 6.19395E-1 6.44876E-1 6.65301E-1 6.73088E-1 6.96974E-1 7.163E-1 7.20813E-1 7.25087E-1 7.24648E-1 7.23684E-1 7.2411E-1 7.20429E-1 7.11264E-1 7.00906E-1 6.98144E-1
8.28804E-2 1.11247E-1 1.53536E-1 2.23183E-1 2.94182E-1 3.09943E-1 3.53837E-1 4.05325E-1 5.29225E-1 4.28201E-1 2.7541E-1 2.34144E-1 2.1839E-1 2.03892E-1 1.96082E-1 1.9831E-1 1.97637E-1 1.99609E-1 2.07832E-1 2.08017E-1 2.08142E-1 2.04675E-1 2.10517E-1 2.27147E-1 2.38306E-1 2.51518E-1 2.56711E-1 2.62172E-1 2.80706E-1 2.97777E-1 3.11656E-1 3.20306E-1 3.21006E-1 3.31088E-1 3.43401E-1 3.52706E-1 3.60162E-1 3.71739E-1 3.91304E-1 4.15381E-1 4.35389E-1 4.4647E-1 4.58976E-1 4.79612E-1 5.22001E-1 5.6889E-1 5.96531E-1 6.46238E-1 6.68943E-1 6.78738E-1 6.88171E-1 6.91739E-1 6.95193E-1 6.96877E-1 6.93178E-1 6.89285E-1 6.85879E-1 6.85598E-1
1.34315E-2 1.89591E-2 2.91113E-2 5.10181E-2 8.97668E-2 1.34331E-1 2.35169E-1 3.58723E-1 5.13847E-1 5.35762E-1 3.58295E-1 2.05938E-1 1.81387E-1 1.63531E-1 1.56412E-1 1.60681E-1 1.62579E-1 1.60119E-1 1.55777E-1 1.55088E-1 1.55838E-1 1.55734E-1 1.6348E-1 1.73862E-1 1.8071E-1 1.88436E-1 1.88186E-1 1.95822E-1 2.13172E-1 2.21051E-1 2.14305E-1 2.15542E-1 2.25456E-1 2.38913E-1 2.48093E-1 2.55282E-1 2.58033E-1 2.62707E-1 2.83584E-1 2.96875E-1 3.11542E-1 3.31697E-1 3.5163E-1 3.67793E-1 4.00327E-1 4.45247E-1 4.76187E-1 5.03187E-1 5.35461E-1 5.89368E-1 6.11279E-1 6.09518E-1 6.26397E-1 6.48476E-1 6.49732E-1 6.58373E-1 6.56455E-1 6.47032E-1
4.09098E-3 5.9908E-3 8.36433E-3 1.34703E-2 2.41591E-2 3.87786E-2 7.16784E-2 1.7205E-1 2.63691E-1 3.51098E-1 2.55839E-1 1.19021E-1 1.07313E-1 1.06447E-1 1.12566E-1 1.20378E-1 1.24538E-1 1.2371E-1 1.2305E-1 1.31961E-1 1.35522E-1 1.35488E-1 1.397E-1 1.43544E-1 1.44825E-1 1.49022E-1 1.54677E-1 1.61508E-1 1.72241E-1 1.76505E-1 1.70224E-1 1.71411E-1 1.78915E-1 1.84959E-1 1.82169E-1 1.86066E-1 1.95337E-1 1.97931E-1 2.07438E-1 2.1158E-1 2.12574E-1 2.26155E-1 2.4669E-1 2.72883E-1 3.11055E-1 3.52578E-1 3.70607E-1 3.80987E-1 4.06326E-1 4.41132E-1 4.68157E-1 5.00981E-1 5.24682E-1 5.43386E-1 5.38577E-1 5.40733E-1 5.63976E-1 5.74676E-1
2.20825E-3 3.02957E-3 4.14854E-3 6.2905E-3 1.01844E-2 1.74434E-2 3.07394E-2 4.7446E-2 6.84054E-2 8.64155E-2 6.92808E-2 4.5145E-2 4.37093E-2 4.40483E-2 4.94113E-2 5.60507E-2 6.36619E-2 7.44614E-2 8.74077E-2 1.05182E-1 1.10248E-1 1.15169E-1 1.21911E-1 1.26422E-1 1.27727E-1 1.29401E-1 1.34783E-1 1.42662E-1 1.47911E-1 1.49915E-1 1.50888E-1 1.5367E-1 1.56293E-1 1.60398E-1 1.58194E-1 1.62167E-1 1.6765E-1 1.68658E-1 1.71829E-1 1.70943E-1 1.74555E-1 1.86884E-1 1.97573E-1 2.13862E-1 2.30702E-1 2.45566E-1 2.61215E-1 2.69687E-1 2.87453E-1 3.08096E-1 3.35195E-1 3.72231E-1 4.04762E-1 4.24744E-1 3.86127E-1 4.0009E-1 4.55546E-1 4.89399E-1
1.48943E-3 1.8468E-3 2.49305E-3 3.5521E-3 5.22534E-3 7.926E-3 1.29464E-2 1.55991E-2 1.83596E-2 2.07247E-2 2.19931E-2 1.82434E-2 1.7508E-2 1.80189E-2 1.90855E-2 2.07863E-2 2.22324E-2 2.73637E-2 3.92338E-2 5.3402E-2 6.27982E-2 7.55662E-2 8.36896E-2 8.99121E-2 9.46919E-2 9.88924E-2 1.03325E-1 9.86774E-2 9.90152E-2 1.00733E-1 1.17613E-1 1.25487E-1 1.22187E-1 1.26863E-1 1.35323E-1 1.39273E-1 1.37899E-1 1.37665E-1 1.38585E-1 1.38412E-1 1.45288E-1 1.48781E-1 1.5166E-1 1.60275E-1 1.70899E-1 1.84529E-1 1.86555E-1 1.82868E-1 1.85431E-1 1.96832E-1 2.1426E-1 2.48345E-1 2.65857E-1 2.70201E-1 2.48623E-1 2.79765E-1 3.35245E-1 3.83315E-1
1.46353E-3 1.80038E-3 2.26077E-3 2.77848E-3 3.47318E-3 4.59375E-3 5.16801E-3 5.56532E-3 6.4097E-3 7.70231E-3 8.32537E-3 7.80073E-3 7.62047E-3 8.06397E-3 7.94111E-3 8.07247E-3 8.57797E-3 1.03262E-2 1.43779E-2 1.97926E-2 2.54492E-2 3.19905E-2 3.73123E-2 4.20339E-2 4.55946E-2 4.75083E-2 4.86768E-2 3.89191E-2 3.35743E-2 3.79466E-2 4.672E-2 5.14805E-2 4.79895E-2 6.13887E-2 7.79152E-2 9.01555E-2 1.00397E-1 1.07522E-1 1.13333E-1 1.21585E-1 1.29048E-1 1.29552E-1 1.29957E-1 1.34182E-1 1.38047E-1 1.42405E-1 1.45536E-1 1.44982E-1 1.47058E-1 1.5126E-1 1.56499E-1 1.65805E-1 1.67936E-1 1.58775E-1 1.69443E-1 1.99128E-1 2.3165E-1 2.70712E-1
2.5346E-3 3.22747E-3 3.43849E-3 3.6296E-3 3.56444E-3 3.42314E-3 3.25553E-3 3.20079E-3 3.26146E-3 3.53076E-3 3.71888E-3 3.66571E-3 3.53236E-3 3.58356E-3 3.84845E-3 3.90147E-3 3.97295E-3 4.75993E-3 6.515E-3 8.71178E-3 1.05709E-2 1.32725E-2 1.4809E-2 1.56123E-2 1.63883E-2 1.63032E-2 1.6182E-2 1.42641E-2 1.38709E-2 1.53683E-2 1.63735E-2 1.6675E-2 1.69707E-2 2.17041E-2 2.89687E-2 3.58813E-2 4.4847E-2 5.6485E-2 6.75325E-2 7.84989E-2 8.85122E-2 9.86347E-2 9.78545E-2 9.75731E-2 1.00989E-1 1.03629E-1 1.08835E-1 1.17409E-1 1.20777E-1 1.23929E-1 1.22565E-1 1.28157E-1 1.30287E-1 1.32078E-1 1.42195E-1 1.59864E-1 1.79985E-1 2.0011E-1
9.76698E-3 1.69595E-2 1.22505E-2 6.69362E-3 4.1443E-3 3.19562E-3 2.90272E-3 2.51105E-3 2.29928E-3 2.30771E-3 2.36926E-3 2.25585E-3 2.07234E-3 2.01266E-3 2.01329E-3 1.9498E-3 1.90961E-3 2.14181E-3 2.90033E-3 3.85477E-3 4.55965E-3 5.55716E-3 6.58531E-3 6.44752E-3 6.70009E-3 6.59239E-3 6.63382E-3 6.91954E-3 7.1111E-3 6.36394E-3 6.1829E-3 6.39551E-3 7.32577E-3 8.21835E-3 9.76313E-3 1.2909E-2 1.7327E-2 2.22875E-2 2.74705E-2 3.26991E-2 3.98562E-2 4.36479E-2 4.01598E-2 4.37698E-2 5.21199E-2 5.78646E-2 6.39763E-2 7.15458E-2 7.26733E-2 7.99191E-2 8.66363E-2 9.47651E-2 9.62179E-2 1.04526E-1 1.16872E-1 1.31219E-1 1.47234E-1 1.62617E-1
1.34545E-2 2.20767E-2 2.91382E-2 2.30426E-2 1.00042E-2 5.07623E-3 2.92289E-3 2.30558E-3 2.00226E-3 1.86952E-3 1.76146E-3 1.63835E-3 1.55356E-3 1.45427E-3 1.35118E-3 1.27063E-3 1.28888E-3 1.39071E-3 1.70799E-3 2.03115E-3 2.30416E-3 2.64707E-3 2.96691E-3 3.12648E-3 3.19607E-3 3.1033E-3 3.23989E-3 3.56465E-3 3.5936E-3 3.17808E-3 3.03389E-3 3.42246E-3 3.86686E-3 4.13998E-3 4.47842E-3 5.21916E-3 6.22839E-3 7.67534E-3 9.37853E-3 1.14968E-2 1.40211E-2 1.29285E-2 1.27323E-2 1.53128E-2 1.9326E-2 2.25637E-2 2.35913E-2 2.67716E-2 2.8768E-2 3.27627E-2 3.54014E-2 4.1736E-2 4.71628E-2 6.10183E-2 7.39643E-2 8.32338E-2 1.02451E-1 1.1214E-1
6.95245E-3 1.13296E-2 1.85509E-2 1.8898E-2 9.99841E-3 5.33773E-3 2.80528E-3 2.15463E-3 1.80744E-3 1.58091E-3 1.40633E-3 1.30197E-3 1.22585E-3 1.12612E-3 1.00137E-3 1.02471E-3 1.07933E-3 1.13967E-3 1.2098E-3 1.27644E-3 1.40426E-3 1.57828E-3 1.62459E-3 1.81027E-3 1.89867E-3 1.87609E-3 1.96356E-3 2.07676E-3 2.11899E-3 2.06934E-3 2.12426E-3 2.34857E-3 2.4875E-3 2.53439E-3 2.6061E-3 2.87833E-3 3.35008E-3 3.73884E-3 4.16304E-3 5.04445E-3 5.66137E-3 5.69847E-3 5.85597E-3 6.12219E-3 6.95018E-3 8.55147E-3 9.86721E-3 1.03467E-2 1.05521E-2 1.22835E-2 1.50794E-2 1.91365E-2 1.96401E-2 2.5898E-2 3.49801E-2 3.97927E-2 4.57151E-2 5.14229E-2
3.75771E-3 4.63551E-3 5.52954E-3 5.92265E-3 3.88067E-3 3.19412E-3 2.67326E-3 2.14125E-3 1.68507E-3 1.39004E-3 1.17253E-3 1.05685E-3 9.65901E-4 9.35097E-4 9.55276E-4 1.01174E-3 1.04502E-3 1.07022E-3 1.08879E-3 1.10979E-3 1.16424E-3 1.22319E-3 1.32734E-3 1.46077E-3 1.49696E-3 1.49629E-3 1.53155E-3 1.62441E-3 1.65135E-3 1.68563E-3 1.77304E-3 1.84103E-3 1.88785E-3 1.92356E-3 2.00115E-3 2.10349E-3 2.17223E-3 2.1806E-3 2.37288E-3 2.78705E-3 3.08804E-3 3.27316E-3 3.58861E-3 3.79916E-3 3.95063E-3 4.62659E-3 5.39616E-3 5.51339E-3 6.20886E-3 7.4605E-3 8.63892E-3 9.42306E-3 1.00422E-2 1.23857E-2 1.60402E-2 1.53438E-2 1.61557E-2 1.81534E-2
