data/Modelo 3/SPZn_median.asc
ncols         78
nrows         61
xllcorner     -149.5
yllcorner     -28.5
cellsize      1.0
NODATA_value  -9999
[rows 0 to 25 of 61, columns 0 to 57 of 78]
1.40868E-2 1.33616E-2 1.23905E-2 1.1671E-2 1.24351E-2 1.15679E-2 1.04877E-2 9.81854E-3 8.29105E-3 7.10873E-3 6.44818E-3 5.86244E-3 5.62786E-3 5.41964E-3 5.08543E-3 4.90926E-3 4.56079E-3 4.6482E-3 4.86003E-3 4.60554E-3 4.98915E-3 6.07185E-3 6.18351E-3 8.68588E-3 2.11862E-2 4.23741E-2 6.62298E-2 1.11104E-1 1.53918E-1 1.46197E-1 1.27821E-1 1.75715E-1 -9999 -9999 -9999 -9999 -9999 -9999 -9999 -9999 -9999 -9999 -9999 -9999 -9999 -9999 -9999 -9999 -9999 -9999 -9999 -9999 -9999 -9999 -9999 -9999 -9999 -9999
1.24837E-2 1.22671E-2 1.18626E-2 1.02495E-2 9.90352E-3 1.00984E-2 1.03173E-2 1.10832E-2 1.01804E-2 9.08351E-3 8.31044E-3 7.62604E-3 7.16348E-3 6.71547E-3 5.71799E-3 5.21512E-3 4.80998E-3 4.5329E-3 4.62135E-3 4.27318E-3 4.30383E-3 4.45924E-3 4.44622E-3 5.62121E-3 9.02659E-3 1.08299E-2 1.91659E-2 6.56109E-2 1.31648E-1 1.90061E-1 2.03312E-1 1.89715E-1 -9999 -9999 5.05338E-1 -9999 -9999 -9999 -9999 -9999 -9999 -9999 -9999 -9999 -9999 -9999 -9999 -9999 -9999 -9999 -9999 -9999 -9999 -9999 -9999 -9999 -9999 -9999
1.02331E-2 1.08024E-2 1.06102E-2 9.56779E-3 8.43413E-3 7.95878E-3 8.43449E-3 9.68931E-3 1.02446E-2 1.08467E-2 9.94608E-3 8.91954E-3 7.93065E-3 7.00484E-3 5.88214E-3 5.37277E-3 4.88372E-3 4.3162E-3 4.15904E-3 3.9465E-3 3.34632E-3 2.91738E-3 2.81993E-3 3.01238E-3 3.33187E-3 3.3821E-3 4.58153E-3 1.04021E-2 2.94888E-2 6.5096E-2 1.15482E-1 1.7666E-1 2.88257E-1 -9999 8.18851E-1 9.02551E-1 -9999 -9999 -9999 -9999 -9999 -9999 -9999 -9999 -9999 -9999 -9999 -9999 -9999 -9999 -9999 -9999 -9999 -9999 -9999 -9999 -9999 -9999
8.83479E-3 8.94584E-3 8.67006E-3 7.91085E-3 7.59055E-3 7.46021E-3 7.65388E-3 8.22708E-3 8.77693E-3 8.97399E-3 9.3958E-3 9.23796E-3 8.50831E-3 8.13475E-3 6.82743E-3 5.83418E-3 4.94171E-3 4.6339E-3 4.38491E-3 3.98708E-3 3.42898E-3 3.00266E-3 2.71284E-3 2.53797E-3 2.61266E-3 2.44961E-3 2.85496E-3 4.26605E-3 6.51415E-3 1.05382E-2 2.38587E-2 9.55542E-2 3.76065E-1 3.13604E-1 -9999 -9999 9.00161E-1 -9999 -9999 -9999 -9999 -9999 -9999 -9999 -9999 -9999 -9999 -9999 -9999 -9999 -9999 -9999 -9999 -9999 -9999 -9999 -9999 -9999
6.20243E-3 6.5351E-3 6.31231E-3 5.91612E-3 6.20775E-3 6.61185E-3 6.84976E-3 7.06356E-3 7.37732E-3 7.74311E-3 8.26198E-3 8.68191E-3 9.16291E-3 8.39004E-3 7.06311E-3 6.30695E-3 5.60305E-3 5.05693E-3 4.72052E-3 4.18158E-3 3.7302E-3 3.41859E-3 2.96969E-3 2.76443E-3 2.9302E-3 3.03933E-3 3.14793E-3 4.04364E-3 5.26008E-3 7.32262E-3 1.13281E-2 3.24338E-2 2.61267E-1 4.9569E-1 4.11292E-1 -9999 8.73065E-1 -9999 -9999 -9999 -9999 -9999 -9999 -9999 -9999 -9999 -9999 -9999 -9999 -9999 -9999 -9999 -9999 -9999 -9999 -9999 -9999 -9999
4.72188E-3 4.90609E-3 5.17994E-3 5.21098E-3 5.35424E-3 5.75807E-3 6.15576E-3 6.47208E-3 6.89401E-3 7.30361E-3 7.48528E-3 7.80347E-3 8.3501E-3 8.30236E-3 7.42095E-3 6.83696E-3 6.1829E-3 5.57613E-3 4.99111E-3 4.51565E-3 4.09745E-3 3.70753E-3 3.44286E-3 3.36778E-3 3.3391E-3 3.40586E-3 3.4572E-3 4.08684E-3 5.28622E-3 6.3575E-3 8.05397E-3 1.81911E-2 1.27069E-1 7.21064E-1 -9999 -9999 -9999 7.56785E-1 -9999 -9999 -9999 -9999 -9999 -9999 -9999 -9999 -9999 -9999 -9999 -9999 -9999 -9999 -9999 -9999 -9999 -9999 -9999 -9999
4.22947E-3 4.37908E-3 4.54687E-3 4.73446E-3 4.90149E-3 5.25116E-3 5.57904E-3 5.90955E-3 6.15649E-3 6.43259E-3 6.66812E-3 7.15E-3 7.68578E-3 8.35432E-3 8.67919E-3 7.9604E-3 7.0377E-3 6.43198E-3 5.86113E-3 5.21372E-3 4.6379E-3 4.33725E-3 4.25095E-3 4.15446E-3 4.03801E-3 4.02384E-3 4.03388E-3 4.22624E-3 4.89911E-3 5.46193E-3 6.45944E-3 1.10621E-2 2.75809E-2 3.16099E-1 9.33848E-1 9.38136E-1 -9999 -9999 6.444E-1 5.20778E-1 -9999 -9999 -9999 -9999 -9999 -9999 -9999 -9999 -9999 -9999 -9999 -9999 -9999 -9999 -9999 -9999 -9999 -9999
3.99075E-3 4.12227E-3 4.2351E-3 4.46313E-3 4.71954E-3 4.97769E-3 5.12574E-3 5.31861E-3 5.50715E-3 5.70283E-3 6.1038E-3 6.53247E-3 6.93263E-3 7.42313E-3 7.98473E-3 8.37261E-3 8.4434E-3 7.70333E-3 6.71904E-3 6.20197E-3 5.78498E-3 5.60736E-3 5.38934E-3 5.16154E-3 5.07788E-3 5.23078E-3 5.47386E-3 5.80261E-3 6.22219E-3 7.14869E-3 8.92146E-3 1.23545E-2 2.01523E-2 4.85727E-2 4.07134E-1 9.81904E-1 9.89824E-1 -9999 6.26957E-1 5.00067E-1 -9999 -9999 -9999 -9999 -9999 -9999 -9999 -9999 -9999 -9999 -9999 -9999 -9999 -9999 -9999 -9999 -9999 -9999
3.82425E-3 3.94841E-3 4.09212E-3 4.25618E-3 4.50703E-3 4.75671E-3 4.90256E-3 5.10904E-3 5.3054E-3 5.47927E-3 5.77208E-3 6.02121E-3 6.38251E-3 6.74741E-3 7.25686E-3 7.83078E-3 8.26078E-3 8.26267E-3 8.21188E-3 8.04583E-3 7.54575E-3 7.22028E-3 6.94851E-3 6.96683E-3 6.9669E-3 6.96712E-3 7.38229E-3 7.84247E-3 8.75404E-3 1.05261E-2 1.34457E-2 1.60091E-2 2.45011E-2 3.94117E-2 1.04456E-1 2.98434E-1 9.78193E-1 -9999 5.79633E-1 4.93913E-1 3.92361E-1 -9999 -9999 -9999 -9999 -9999 -9999 -9999 -9999 -9999 -9999 -9999 -9999 -9999 -9999 -9999 -9999 -9999
3.75607E-3 3.85654E-3 3.94276E-3 4.05318E-3 4.31629E-3 4.53471E-3 4.75896E-3 5.01252E-3 5.19477E-3 5.35964E-3 5.57826E-3 5.8028E-3 6.10204E-3 6.41943E-3 6.69135E-3 7.03931E-3 7.46585E-3 7.97428E-3 8.40574E-3 8.83038E-3 9.33062E-3 9.53418E-3 9.83274E-3 9.49117E-3 9.20223E-3 9.48003E-3 1.05569E-2 1.12834E-2 1.17621E-2 1.34792E-2 1.57817E-2 1.58835E-2 1.81807E-2 2.26148E-2 3.19475E-2 9.02616E-2 7.19955E-1 9.29305E-1 7.41944E-1 -9999 3.8038E-1 3.6074E-1 -9999 -9999 -9999 -9999 -9999 -9999 -9999 -9999 -9999 -9999 -9999 -9999 -9999 -9999 -9999 -9999
3.75777E-3 3.87002E-3 3.90209E-3 3.99057E-3 4.19708E-3 4.43315E-3 4.63769E-3 4.9026E-3 5.1046E-3 5.39985E-3 5.61007E-3 5.65361E-3 5.815E-3 6.01343E-3 6.23634E-3 6.56071E-3 6.94078E-3 7.2526E-3 7.67756E-3 8.2025E-3 8.65184E-3 9.28615E-3 9.59823E-3 1.04074E-2 1.06916E-2 1.0609E-2 1.00556E-2 9.93209E-3 1.04945E-2 1.08964E-2 1.09171E-2 1.09426E-2 1.12194E-2 1.30477E-2 2.05143E-2 5.87264E-2 2.0682E-1 5.94448E-1 7.04045E-1 4.45438E-1 3.91298E-1 3.46935E-1 2.55235E-1 -9999 -9999 -9999 -9999 -9999 -9999 -9999 -9999 -9999 -9999 -9999 -9999 -9999 -9999 -9999
3.73164E-3 3.7932E-3 3.88407E-3 4.01381E-3 4.13335E-3 4.29301E-3 4.4509E-3 4.68822E-3 4.99197E-3 5.31597E-3 5.67051E-3 5.85207E-3 5.58882E-3 5.63808E-3 5.80456E-3 6.03886E-3 6.42059E-3 6.63144E-3 6.92698E-3 7.724E-3 8.1271E-3 8.64832E-3 8.87093E-3 9.4904E-3 9.91015E-3 9.19258E-3 8.32326E-3 8.17379E-3 8.2781E-3 8.50032E-3 8.41351E-3 8.88802E-3 9.77324E-3 1.33134E-2 1.87876E-2 4.90654E-2 8.95847E-2 2.99647E-1 3.65267E-1 3.92602E-1 3.45965E-1 2.87536E-1 2.81447E-1 3.19912E-1 -9999 -9999 -9999 -9999 -9999 -9999 -9999 -9999 -9999 -9999 -9999 -9999 -9999 -9999
3.71991E-3 3.75784E-3 3.9049E-3 4.12196E-3 4.17593E-3 4.18345E-3 4.30714E-3 4.54483E-3 4.97116E-3 5.4212E-3 6.06504E-3 6.58464E-3 6.404E-3 6.34279E-3 6.14716E-3 5.93784E-3 6.30457E-3 6.49501E-3 6.885E-3 7.39648E-3 7.85071E-3 8.26724E-3 8.25916E-3 8.88955E-3 9.91624E-3 8.86688E-3 8.23583E-3 8.02851E-3 7.78828E-3 7.62517E-3 7.51489E-3 8.14041E-3 1.07034E-2 1.63277E-2 2.47267E-2 5.44247E-2 8.65762E-2 1.73864E-1 2.09527E-1 1.9376E-1 2.2391E-1 2.23359E-1 3.2913E-1 -9999 -9999 -9999 -9999 -9999 -9999 -9999 -9999 -9999 -9999 -9999 -9999 -9999 -9999 -9999
3.74497E-3 3.93019E-3 4.14129E-3 4.35157E-3 4.2628E-3 4.12616E-3 4.16955E-3 4.46385E-3 5.00017E-3 5.6516E-3 6.21586E-3 6.77222E-3 7.91133E-3 8.36025E-3 8.13625E-3 7.30111E-3 7.46861E-3 7.94749E-3 8.76057E-3 1.0356E-2 1.15554E-2 1.30171E-2 1.29712E-2 1.39151E-2 1.88533E-2 1.83467E-2 1.72696E-2 1.50757E-2 1.16671E-2 1.07259E-2 1.01428E-2 9.99816E-3 1.05811E-2 1.1187E-2 1.69099E-2 3.32501E-2 4.40539E-2 6.87382E-2 1.10369E-1 1.44495E-1 1.59844E-1 1.70958E-1 3.84593E-1 4.89291E-1 -9999 -9999 -9999 -9999 -9999 -9999 -9999 -9999 -9999 -9999 -9999 -9999 -9999 -9999
3.82768E-3 4.03095E-3 4.37794E-3 4.79504E-3 4.65251E-3 4.40753E-3 4.44216E-3 4.92754E-3 5.57837E-3 5.99707E-3 7.17962E-3 7.91292E-3 1.01416E-2 1.17337E-2 1.22683E-2 1.10031E-2 1.03073E-2 1.18507E-2 1.42476E-2 2.10102E-2 3.08987E-2 3.91879E-2 4.11247E-2 3.32199E-2 4.54764E-2 5.9647E-2 5.89815E-2 5.42475E-2 3.21851E-2 2.30644E-2 1.81311E-2 1.36185E-2 1.14525E-2 9.96875E-3 1.06565E-2 2.47441E-2 4.60956E-2 9.50517E-2 1.56819E-1 1.40697E-1 1.16269E-1 1.59875E-1 3.94348E-1 5.42495E-1 3.65589E-1 -9999 -9999 -9999 -9999 -9999 -9999 -9999 -9999 -9999 -9999 -9999 -9999 -9999
4.35363E-3 4.38181E-3 4.7885E-3 5.44006E-3 5.82508E-3 5.79587E-3 6.25459E-3 7.23616E-3 7.77195E-3 8.5208E-3 1.03031E-2 1.25955E-2 1.65026E-2 1.96586E-2 2.63174E-2 2.85468E-2 2.16361E-2 2.41408E-2 4.1354E-2 6.84426E-2 8.10625E-2 9.17708E-2 1.02768E-1 9.19418E-2 1.02889E-1 1.33442E-1 1.73379E-1 1.63988E-1 1.11576E-1 7.72064E-2 5.53617E-2 4.31882E-2 2.83516E-2 1.57367E-2 1.39603E-2 2.92941E-2 5.09813E-2 9.49786E-2 1.775E-1 1.52531E-1 1.37475E-1 2.07195E-1 3.71627E-1 4.91098E-1 2.46894E-1 1.0224E-1 3.92581E-2 1.51066E-2 -9999 -9999 -9999 -9999 -9999 -9999 -9999 -9999 -9999 -9999
5.08786E-3 5.18425E-3 5.51944E-3 6.33709E-3 7.42287E-3 8.51947E-3 9.43642E-3 1.0752E-2 1.27458E-2 1.62077E-2 2.0111E-2 2.45393E-2 2.98391E-2 3.83971E-2 5.33352E-2 6.74861E-2 6.47359E-2 8.32848E-2 1.29618E-1 1.75625E-1 2.12596E-1 2.26805E-1 2.5551E-1 2.59384E-1 2.61325E-1 2.63857E-1 2.86473E-1 2.75693E-1 2.33337E-1 1.96651E-1 1.47606E-1 1.42581E-1 8.73025E-2 4.5769E-2 3.69296E-2 5.23647E-2 1.02058E-1 1.00413E-1 1.11522E-1 1.06442E-1 1.37218E-1 1.98636E-1 1.53101E-1 1.11139E-1 6.17146E-2 3.80708E-2 2.48982E-2 1.18333E-2 7.00489E-3 4.13172E-3 -9999 -9999 -9999 -9999 -9999 -9999 -9999 -9999
6.29143E-3 7.16114E-3 7.40942E-3 7.81523E-3 9.1226E-3 1.0934E-2 1.31858E-2 1.61948E-2 2.18472E-2 3.10907E-2 3.80291E-2 4.9058E-2 6.44936E-2 8.14387E-2 1.10755E-1 1.42956E-1 1.92925E-1 2.24277E-1 2.6268E-1 3.01457E-1 3.45921E-1 3.60864E-1 3.66855E-1 3.79555E-1 3.76694E-1 3.69972E-1 3.60448E-1 3.26285E-1 2.83127E-1 2.33985E-1 2.1361E-1 2.14464E-1 2.19232E-1 2.55819E-1 2.75055E-1 2.63619E-1 2.58617E-1 2.33003E-1 2.01895E-1 2.24467E-1 1.98956E-1 1.12139E-1 5.79901E-2 3.28011E-2 1.90146E-2 1.23019E-2 8.49953E-3 6.67002E-3 4.52849E-3 3.33354E-3 3.16412E-3 4.16126E-3 1.43674E-2 2.93027E-1 1.59671E-1 2.97414E-3 -9999 -9999
8.74111E-3 1.10356E-2 1.20177E-2 1.1951E-2 1.32373E-2 1.67244E-2 2.21511E-2 2.8845E-2 3.4646E-2 4.35385E-2 5.39029E-2 6.95681E-2 7.97083E-2 1.15257E-1 2.11364E-1 2.51926E-1 2.80035E-1 2.94469E-1 3.18024E-1 3.56808E-1 4.03788E-1 4.33668E-1 4.57995E-1 4.72501E-1 4.80177E-1 4.84243E-1 4.5931E-1 4.17601E-1 4.0042E-1 3.78962E-1 3.70154E-1 3.59284E-1 3.86277E-1 4.49341E-1 4.84753E-1 5.16502E-1 5.20924E-1 4.79151E-1 2.80147E-1 1.59619E-1 1.04886E-1 6.68863E-2 4.20833E-2 2.79248E-2 1.80686E-2 1.26109E-2 9.32555E-3 7.02691E-3 5.39006E-3 4.05622E-3 4.67535E-3 7.23923E-3 3.62909E-2 3.10373E-1 1.44872E-1 5.39503E-3 5.83743E-4 -9999
1.12936E-2 1.32318E-2 1.56938E-2 1.94221E-2 2.73655E-2 3.59034E-2 4.86988E-2 6.52296E-2 8.05257E-2 1.02643E-1 1.11316E-1 1.14481E-1 1.23825E-1 1.74372E-1 2.32497E-1 2.65106E-1 2.81394E-1 3.03417E-1 3.30768E-1 3.69969E-1 4.03143E-1 4.23584E-1 4.42117E-1 4.50587E-1 4.42144E-1 4.67696E-1 4.98946E-1 5.20271E-1 5.39093E-1 5.57679E-1 5.21592E-1 4.66856E-1 4.61768E-1 5.18397E-1 5.63755E-1 6.28992E-1 5.86792E-1 4.42687E-1 3.13314E-1 2.05385E-1 1.3209E-1 9.2266E-2 6.27573E-2 4.1795E-2 2.9699E-2 2.19511E-2 1.66812E-2 1.29207E-2 9.62289E-3 8.66634E-3 1.15717E-2 2.45345E-2 7.46747E-2 1.39631E-1 4.4815E-2 6.62555E-3 1.8531E-3 1.36889E-3
1.6095E-2 1.90133E-2 2.37084E-2 3.27744E-2 5.84682E-2 8.58438E-2 1.00328E-1 1.31311E-1 1.73202E-1 2.01255E-1 2.13679E-1 2.2152E-1 2.20244E-1 2.27382E-1 2.53313E-1 2.80471E-1 2.94369E-1 3.07294E-1 3.35224E-1 3.61111E-1 3.75177E-1 3.82288E-1 3.7869E-1 3.55876E-1 3.63393E-1 4.09821E-1 4.48297E-1 4.91789E-1 5.33608E-1 5.80037E-1 5.57657E-1 5.28994E-1 5.12627E-1 5.3958E-1 5.64568E-1 4.73614E-1 4.01781E-1 3.90989E-1 3.43653E-1 2.69915E-1 1.88852E-1 1.32892E-1 9.08733E-2 6.65044E-2 5.33041E-2 4.14361E-2 3.196E-2 2.52385E-2 2.02955E-2 1.91204E-2 2.76499E-2 5.90823E-2 1.1286E-1 8.1862E-2 2.62752E-2 1.03271E-2 6.78314E-3 8.42859E-3
2.55749E-2 3.50118E-2 5.67E-2 9.92032E-2 1.56404E-1 1.74391E-1 1.8113E-1 2.06046E-1 2.27985E-1 2.36797E-1 2.56186E-1 2.80959E-1 2.86626E-1 2.7588E-1 2.86029E-1 3.13747E-1 3.36113E-1 3.27455E-1 3.13916E-1 3.16978E-1 3.18189E-1 3.17353E-1 3.24386E-1 3.6161E-1 3.843E-1 3.93738E-1 4.10975E-1 4.79334E-1 5.55171E-1 5.79056E-1 5.87586E-1 5.89671E-1 5.53608E-1 5.55116E-1 5.39144E-1 4.26105E-1 3.87068E-1 3.728E-1 3.35831E-1 2.93769E-1 2.31985E-1 1.86512E-1 1.48681E-1 1.13938E-1 8.19979E-2 6.5405E-2 5.63604E-2 4.99892E-2 5.09353E-2 5.37143E-2 6.5217E-2 9.35567E-2 9.17086E-2 5.88236E-2 3.09514E-2 2.24066E-2 2.5274E-2 4.24797E-2
5.0173E-2 6.93814E-2 1.11649E-1 1.78881E-1 2.03322E-1 2.08709E-1 2.08289E-1 2.35406E-1 2.68112E-1 2.77763E-1 2.95535E-1 3.21853E-1 3.39645E-1 3.51358E-1 3.54822E-1 3.46557E-1 3.36044E-1 3.20008E-1 3.0908E-1 3.02362E-1 3.14867E-1 3.4125E-1 3.92035E-1 4.39574E-1 4.48691E-1 4.69606E-1 4.62887E-1 4.87617E-1 5.48716E-1 5.69861E-1 5.69522E-1 5.77182E-1 5.71184E-1 6.09055E-1 5.57403E-1 4.89891E-1 4.51268E-1 4.07032E-1 3.60275E-1 3.27311E-1 2.9693E-1 2.47926E-1 2.26833E-1 2.06036E-1 1.51204E-1 1.20631E-1 1.1182E-1 1.24149E-1 1.4863E-1 1.61847E-1 1.59314E-1 1.38572E-1 1.10707E-1 8.75812E-2 7.40953E-2 6.74409E-2 8.38903E-2 1.42657E-1
9.54012E-2 1.12642E-1 1.44769E-1 1.91657E-1 2.32556E-1 2.53954E-1 2.7294E-1 2.89477E-1 3.07294E-1 3.10348E-1 3.16695E-1 3.19507E-1 3.16434E-1 3.28904E-1 3.24715E-1 3.08146E-1 2.88929E-1 2.79439E-1 2.82551E-1 2.85409E-1 2.95279E-1 3.04734E-1 3.42658E-1 3.87421E-1 4.418E-1 4.91535E-1 4.93701E-1 5.0614E-1 5.33191E-1 5.56655E-1 5.57212E-1 5.32462E-1 5.19425E-1 5.43048E-1 5.59732E-1 5.1925E-1 4.8493E-1 4.50035E-1 4.10968E-1 3.80352E-1 3.56776E-1 3.27366E-1 3.27993E-1 3.25716E-1 3.23595E-1 2.86962E-1 2.61574E-1 2.77313E-1 2.94426E-1 3.12777E-1 2.67291E-1 2.37788E-1 1.85647E-1 1.55241E-1 1.61529E-1 1.75871E-1 2.06193E-1 3.2778E-1
1.52886E-1 1.65805E-1 1.86888E-1 2.01009E-1 2.23003E-1 2.48126E-1 2.77317E-1 2.77269E-1 2.80936E-1 2.89794E-1 2.87516E-1 2.61803E-1 2.52626E-1 2.66663E-1 2.736E-1 2.69159E-1 2.60558E-1 2.6044E-1 2.85654E-1 2.71276E-1 2.5741E-1 2.53563E-1 2.76037E-1 3.21525E-1 3.73905E-1 4.18702E-1 4.48342E-1 4.67465E-1 4.90132E-1 5.11726E-1 5.31234E-1 5.29126E-1 5.07771E-1 4.99092E-1 5.29011E-1 5.19135E-1 5.15752E-1 5.12979E-1 5.26132E-1 5.20014E-1 4.74225E-1 4.38381E-1 4.50293E-1 4.71009E-1 4.91351E-1 4.7944E-1 4.49929E-1 4.50214E-1 4.36516E-1 4.04645E-1 3.94463E-1 3.71015E-1 3.07808E-1 2.69103E-1 2.65674E-1 2.97867E-1 3.1011E-1 2.66593E-1
3.58506E-1 3.75713E-1 3.85777E-1 3.81894E-1 3.79634E-1 3.75695E-1 3.6288E-1 3.56774E-1 3.48388E-1 3.48771E-1 3.41877E-1 3.27228E-1 3.19027E-1 3.09625E-1 3.11368E-1 3.1677E-1 3.18256E-1 3.1785E-1 3.16083E-1 3.25303E-1 3.3358E-1 3.39942E-1 3.49016E-1 3.79828E-1 4.29124E-1 4.72345E-1 5.10924E-1 5.43213E-1 5.69079E-1 5.75338E-1 5.92211E-1 6.16359E-1 6.09807E-1 5.86073E-1 5.69635E-1 5.60726E-1 5.62832E-1 5.65114E-1 5.96314E-1 6.27865E-1 6.07238E-1 5.94047E-1 5.95475E-1 6.11543E-1 6.201E-1 6.10177E-1 5.81398E-1 5.69788E-1 5.80824E-1 5.42778E-1 4.9592E-1 4.71767E-1 4.4649E-1 3.90671E-1 3.59401E-1 3.42587E-1 3.21753E-1 3.19254E-1
