data/Modelo 3/SPZn_stddev.asc
ncols         78
nrows         61
xllcorner     -149.5
yllcorner     -28.5
cellsize      1.0
NODATA_value  -9999
[rows 0 to 25 of 61, columns 0 to 57 of 78]
1.2947E-3 1.28973E-3 1.2006E-3 1.12065E-3 1.26684E-3 1.17902E-3 1.07258E-3 1.06238E-3 8.32241E-4 6.52714E-4 6.06864E-4 5.63743E-4 5.60664E-4 5.53578E-4 5.25792E-4 4.91948E-4 4.57206E-4 4.91303E-4 5.39938E-4 5.51975E-4 6.35112E-4 8.39014E-4 9.39848E-4 1.46941E-3 4.28614E-3 9.16313E-3 1.04328E-2 1.56083E-2 2.57193E-2 2.39411E-2 1.62541E-2 2.00661E-2 -9999 -9999 -9999 -9999 -9999 -9999 -9999 -9999 -9999 -9999 -9999 -9999 -9999 -9999 -9999 -9999 -9999 -9999 -9999 -9999 -9999 -9999 -9999 -9999 -9999 -9999
1.34706E-3 1.27944E-3 1.15003E-3 9.43923E-4 9.24974E-4 9.65185E-4 1.06682E-3 1.22231E-3 1.14843E-3 9.86039E-4 9.17789E-4 8.72694E-4 8.47416E-4 7.9208E-4 5.90068E-4 5.28617E-4 4.68864E-4 4.57426E-4 4.87324E-4 4.9155E-4 5.21463E-4 5.65893E-4 5.87694E-4 8.06523E-4 1.46053E-3 1.82136E-3 3.4803E-3 1.18031E-2 1.60666E-2 2.16706E-2 2.12794E-2 1.88715E-2 -9999 -9999 4.53122E-2 -9999 -9999 -9999 -9999 -9999 -9999 -9999 -9999 -9999 -9999 -9999 -9999 -9999 -9999 -9999 -9999 -9999 -9999 -9999 -9999 -9999 -9999 -9999
1.13008E-3 1.23637E-3 1.12433E-3 9.34926E-4 8.3164E-4 7.94229E-4 8.55446E-4 9.53878E-4 1.0416E-3 1.30103E-3 1.29392E-3 1.12491E-3 9.8989E-4 7.92586E-4 5.86724E-4 5.15824E-4 4.56597E-4 4.19476E-4 4.16418E-4 4.06011E-4 3.54932E-4 3.22317E-4 3.25289E-4 3.67875E-4 4.25137E-4 4.45894E-4 6.20652E-4 1.59236E-3 5.11145E-3 1.20008E-2 1.87175E-2 1.82866E-2 3.15485E-2 -9999 2.09363E-2 1.43189E-2 -9999 -9999 -9999 -9999 -9999 -9999 -9999 -9999 -9999 -9999 -9999 -9999 -9999 -9999 -9999 -9999 -9999 -9999 -9999 -9999 -9999 -9999
9.35129E-4 9.76605E-4 9.17006E-4 8.16317E-4 7.58205E-4 7.03835E-4 7.06792E-4 7.78992E-4 8.60849E-4 9.33317E-4 1.04604E-3 1.15268E-3 1.07921E-3 9.88025E-4 7.0732E-4 5.53013E-4 4.63644E-4 4.44056E-4 4.21335E-4 3.87781E-4 3.40045E-4 3.03129E-4 2.79683E-4 2.7273E-4 2.94136E-4 2.98318E-4 3.61265E-4 5.29129E-4 8.06182E-4 1.39011E-3 3.58572E-3 1.66694E-2 2.93601E-2 3.34597E-2 -9999 -9999 1.32784E-2 -9999 -9999 -9999 -9999 -9999 -9999 -9999 -9999 -9999 -9999 -9999 -9999 -9999 -9999 -9999 -9999 -9999 -9999 -9999 -9999 -9999
5.63939E-4 6.15378E-4 6.10587E-4 5.72109E-4 6.12069E-4 6.47765E-4 6.51648E-4 7.06978E-4 7.81287E-4 8.39461E-4 9.29233E-4 9.7851E-4 1.10705E-3 9.4633E-4 7.20335E-4 6.11444E-4 5.41523E-4 4.83371E-4 4.53303E-4 4.05826E-4 3.71508E-4 3.49956E-4 2.99806E-4 2.77435E-4 3.00918E-4 3.19365E-4 3.51347E-4 4.59664E-4 6.07468E-4 8.60365E-4 1.41604E-3 4.67277E-3 3.08716E-2 3.69846E-2 3.36554E-2 -9999 1.47262E-2 -9999 -9999 -9999 -9999 -9999 -9999 -9999 -9999 -9999 -9999 -9999 -9999 -9999 -9999 -9999 -9999 -9999 -9999 -9999 -9999 -9999
3.76127E-4 4.05346E-4 4.48347E-4 4.6617E-4 4.96447E-4 5.64085E-4 6.34879E-4 6.89977E-4 7.63471E-4 8.1572E-4 8.14039E-4 8.1192E-4 8.1695E-4 8.74127E-4 7.85495E-4 6.89916E-4 6.02475E-4 5.34427E-4 4.81838E-4 4.32616E-4 3.92637E-4 3.61888E-4 3.4086E-4 3.38392E-4 3.36711E-4 3.50066E-4 3.65561E-4 4.42284E-4 5.79405E-4 7.15726E-4 9.2897E-4 2.25671E-3 1.95645E-2 3.24001E-2 -9999 -9999 -9999 1.92932E-2 -9999 -9999 -9999 -9999 -9999 -9999 -9999 -9999 -9999 -9999 -9999 -9999 -9999 -9999 -9999 -9999 -9999 -9999 -9999 -9999
3.55879E-4 3.73049E-4 3.86996E-4 4.1682E-4 4.48744E-4 5.1548E-4 5.59748E-4 6.04984E-4 6.33788E-4 6.78645E-4 7.01102E-4 7.26088E-4 7.28286E-4 8.12784E-4 9.7744E-4 8.99112E-4 7.67237E-4 6.67055E-4 5.85854E-4 4.95252E-4 4.44351E-4 4.19334E-4 4.19694E-4 4.18731E-4 4.09791E-4 4.18749E-4 4.28196E-4 4.56339E-4 5.38818E-4 6.14435E-4 7.38798E-4 1.28653E-3 3.39834E-3 4.76611E-2 1.90404E-2 1.29836E-2 -9999 -9999 2.20376E-2 2.5237E-2 -9999 -9999 -9999 -9999 -9999 -9999 -9999 -9999 -9999 -9999 -9999 -9999 -9999 -9999 -9999 -9999 -9999 -9999
3.47355E-4 3.61535E-4 3.73324E-4 3.96536E-4 4.25411E-4 4.60936E-4 4.72231E-4 4.96449E-4 5.18685E-4 5.3824E-4 6.19913E-4 6.79845E-4 7.02457E-4 7.43753E-4 8.36964E-4 9.0226E-4 9.89701E-4 8.70581E-4 7.18446E-4 6.1936E-4 5.81838E-4 6.0886E-4 5.70694E-4 5.25556E-4 5.2322E-4 5.51844E-4 5.83988E-4 6.26094E-4 6.84226E-4 7.99423E-4 1.01717E-3 1.43616E-3 2.37905E-3 6.0872E-3 5.82114E-2 8.81731E-3 3.33065E-3 -9999 2.1073E-2 2.13093E-2 -9999 -9999 -9999 -9999 -9999 -9999 -9999 -9999 -9999 -9999 -9999 -9999 -9999 -9999 -9999 -9999 -9999 -9999
3.27413E-4 3.43144E-4 3.54455E-4 3.6637E-4 3.87657E-4 4.08872E-4 4.29625E-4 4.55965E-4 4.72934E-4 4.86428E-4 5.33469E-4 5.60412E-4 6.14108E-4 6.55755E-4 7.06808E-4 7.51565E-4 7.96308E-4 8.50245E-4 8.89881E-4 9.08346E-4 8.29102E-4 8.17448E-4 7.69117E-4 7.29799E-4 7.16568E-4 7.37001E-4 7.9831E-4 8.61583E-4 9.83112E-4 1.20254E-3 1.58612E-3 1.94859E-3 3.04571E-3 5.00477E-3 1.23478E-2 3.71936E-2 4.93751E-3 -9999 1.91653E-2 1.82376E-2 1.94887E-2 -9999 -9999 -9999 -9999 -9999 -9999 -9999 -9999 -9999 -9999 -9999 -9999 -9999 -9999 -9999 -9999 -9999
3.23318E-4 3.30394E-4 3.33557E-4 3.4305E-4 3.68733E-4 3.84104E-4 4.07006E-4 4.46058E-4 4.5345E-4 4.56852E-4 4.80791E-4 4.94897E-4 5.33866E-4 5.77459E-4 5.95503E-4 6.60343E-4 7.03571E-4 6.95773E-4 7.53798E-4 8.43642E-4 9.22179E-4 1.03437E-3 1.06872E-3 1.01049E-3 1.01895E-3 1.06757E-3 1.10192E-3 1.19517E-3 1.3161E-3 1.48149E-3 1.52064E-3 1.55485E-3 1.88272E-3 2.46652E-3 3.52764E-3 1.00894E-2 3.02421E-2 8.36336E-3 1.47746E-2 -9999 1.40336E-2 1.73167E-2 -9999 -9999 -9999 -9999 -9999 -9999 -9999 -9999 -9999 -9999 -9999 -9999 -9999 -9999 -9999 -9999
3.22784E-4 3.30785E-4 3.28307E-4 3.38618E-4 3.60185E-4 3.79249E-4 3.92859E-4 4.18079E-4 4.33298E-4 4.56642E-4 4.64423E-4 4.67009E-4 4.81244E-4 4.8832E-4 5.05063E-4 5.6053E-4 5.89276E-4 5.88656E-4 6.47038E-4 7.36829E-4 8.03359E-4 8.70233E-4 8.87237E-4 8.69753E-4 9.13672E-4 8.90154E-4 8.25E-4 8.12996E-4 8.95921E-4 9.81657E-4 1.03221E-3 1.09221E-3 1.1917E-3 1.43871E-3 2.24049E-3 6.30699E-3 2.44194E-2 2.29219E-2 1.09294E-2 1.27622E-2 1.33678E-2 1.31479E-2 2.02939E-2 -9999 -9999 -9999 -9999 -9999 -9999 -9999 -9999 -9999 -9999 -9999 -9999 -9999 -9999 -9999
3.10242E-4 3.13993E-4 3.20548E-4 3.31725E-4 3.45649E-4 3.54233E-4 3.63812E-4 3.83132E-4 4.11734E-4 4.28633E-4 4.5114E-4 4.65978E-4 4.47646E-4 4.52906E-4 4.65431E-4 4.84155E-4 5.07214E-4 5.22946E-4 5.49753E-4 6.09574E-4 6.55215E-4 7.06303E-4 7.63767E-4 7.83175E-4 8.23986E-4 7.20551E-4 6.70447E-4 6.86684E-4 7.27716E-4 7.61667E-4 8.09123E-4 8.77644E-4 9.6702E-4 1.33018E-3 1.96743E-3 5.17246E-3 9.63451E-3 3.14376E-2 1.82947E-2 1.62335E-2 1.78587E-2 1.5604E-2 1.91607E-2 5.84136E-2 -9999 -9999 -9999 -9999 -9999 -9999 -9999 -9999 -9999 -9999 -9999 -9999 -9999 -9999
3.07411E-4 3.12556E-4 3.28467E-4 3.39439E-4 3.39779E-4 3.40014E-4 3.49408E-4 3.64583E-4 3.95977E-4 4.27902E-4 4.75229E-4 5.10274E-4 5.13701E-4 5.12954E-4 4.99591E-4 4.70472E-4 4.95753E-4 5.23987E-4 5.66545E-4 6.19833E-4 6.54087E-4 6.91961E-4 6.67302E-4 7.09567E-4 7.83387E-4 7.28625E-4 7.05368E-4 6.99517E-4 7.09785E-4 6.9095E-4 6.92242E-4 7.54518E-4 9.98854E-4 1.57799E-3 2.48564E-3 5.6544E-3 9.19827E-3 2.08313E-2 2.2337E-2 1.57892E-2 1.09435E-2 1.24961E-2 1.60757E-2 -9999 -9999 -9999 -9999 -9999 -9999 -9999 -9999 -9999 -9999 -9999 -9999 -9999 -9999 -9999
3.08026E-4 3.19658E-4 3.33554E-4 3.48423E-4 3.51974E-4 3.42538E-4 3.54852E-4 3.68853E-4 4.0769E-4 4.68333E-4 5.15207E-4 5.47226E-4 6.33631E-4 6.59565E-4 6.39031E-4 5.76342E-4 6.05021E-4 6.68361E-4 7.43143E-4 8.71803E-4 9.53019E-4 1.09909E-3 1.1155E-3 1.19533E-3 1.64247E-3 1.65466E-3 1.58999E-3 1.38812E-3 1.11629E-3 1.01654E-3 9.53327E-4 9.61472E-4 1.06437E-3 1.17281E-3 1.80067E-3 3.47262E-3 4.77409E-3 7.88055E-3 1.35004E-2 1.58912E-2 1.00453E-2 1.00165E-2 1.5051E-2 3.32701E-2 -9999 -9999 -9999 -9999 -9999 -9999 -9999 -9999 -9999 -9999 -9999 -9999 -9999 -9999
3.12575E-4 3.26094E-4 3.49516E-4 3.76852E-4 3.69672E-4 3.69629E-4 3.8559E-4 4.2237E-4 4.65727E-4 5.05306E-4 5.81085E-4 6.32598E-4 7.87403E-4 9.10458E-4 9.61977E-4 8.5867E-4 8.21236E-4 9.94634E-4 1.24282E-3 1.79671E-3 2.64866E-3 3.55041E-3 3.78063E-3 3.07389E-3 4.39175E-3 5.89144E-3 5.90298E-3 5.4718E-3 3.21401E-3 2.33573E-3 1.90836E-3 1.47051E-3 1.24707E-3 1.11439E-3 1.21508E-3 2.66492E-3 5.12405E-3 1.10812E-2 1.68448E-2 1.35557E-2 1.0635E-2 1.00748E-2 2.21354E-2 2.91112E-2 3.47351E-2 -9999 -9999 -9999 -9999 -9999 -9999 -9999 -9999 -9999 -9999 -9999 -9999 -9999
3.50619E-4 3.66881E-4 4.02033E-4 4.43843E-4 4.67342E-4 4.63864E-4 4.92594E-4 5.71381E-4 6.26661E-4 6.83894E-4 7.95086E-4 9.66592E-4 1.30527E-3 1.60341E-3 2.1189E-3 2.32448E-3 1.83143E-3 2.0781E-3 3.73684E-3 6.72964E-3 8.13902E-3 9.38126E-3 1.05445E-2 9.37845E-3 1.08841E-2 1.48635E-2 2.02497E-2 1.91911E-2 1.24749E-2 8.65445E-3 6.19313E-3 4.85296E-3 3.22725E-3 1.84441E-3 1.67602E-3 3.33207E-3 5.93178E-3 1.22613E-2 1.81184E-2 1.52283E-2 1.37981E-2 1.36384E-2 2.21746E-2 3.54497E-2 1.62945E-2 7.54678E-3 3.85321E-3 1.69783E-3 -9999 -9999 -9999 -9999 -9999 -9999 -9999 -9999 -9999 -9999
4.16383E-4 4.34184E-4 4.7408E-4 5.45768E-4 6.16279E-4 6.81133E-4 7.42762E-4 8.40402E-4 9.94069E-4 1.24964E-3 1.60005E-3 1.97882E-3 2.48008E-3 3.31714E-3 4.82716E-3 6.49708E-3 6.44096E-3 8.43675E-3 1.38822E-2 1.98922E-2 2.45058E-2 2.63177E-2 2.9847E-2 3.0039E-2 2.8168E-2 2.65942E-2 2.44814E-2 2.39549E-2 2.38782E-2 2.35031E-2 1.82821E-2 1.782E-2 1.0637E-2 5.43236E-3 4.40747E-3 6.74219E-3 1.35383E-2 1.32937E-2 1.45987E-2 1.3909E-2 1.90989E-2 2.14432E-2 1.15481E-2 6.26366E-3 3.29877E-3 2.64115E-3 2.38271E-3 1.58991E-3 1.00319E-3 5.67125E-4 -9999 -9999 -9999 -9999 -9999 -9999 -9999 -9999
5.2441E-4 5.87001E-4 6.05897E-4 6.43454E-4 7.41907E-4 8.84138E-4 1.07602E-3 1.31711E-3 1.81085E-3 2.67469E-3 3.41719E-3 4.52778E-3 6.239E-3 8.23853E-3 1.17321E-2 1.58905E-2 2.22935E-2 2.60823E-2 2.64327E-2 2.39267E-2 2.10804E-2 1.97863E-2 1.90495E-2 1.87056E-2 1.87474E-2 1.88675E-2 1.89169E-2 1.8411E-2 1.84759E-2 1.97502E-2 1.95475E-2 2.08135E-2 2.26894E-2 2.43698E-2 2.54484E-2 2.79351E-2 2.80951E-2 2.99878E-2 2.61867E-2 2.9848E-2 2.5707E-2 1.21365E-2 3.95315E-3 2.23722E-3 1.506E-3 1.1371E-3 8.78095E-4 8.19792E-4 6.80577E-4 6.06488E-4 4.4628E-4 5.76333E-4 1.92414E-3 2.79848E-2 2.57448E-2 6.75292E-4 -9999 -9999
7.31442E-4 8.87144E-4 9.59946E-4 9.68599E-4 1.05328E-3 1.34519E-3 1.86713E-3 2.56006E-3 3.19997E-3 4.16163E-3 5.3968E-3 7.26906E-3 8.41941E-3 1.28388E-2 2.50845E-2 2.51844E-2 2.31816E-2 2.12452E-2 1.82409E-2 1.7658E-2 2.03682E-2 2.34685E-2 2.34374E-2 2.23607E-2 2.1723E-2 2.16359E-2 2.19268E-2 2.2988E-2 2.44736E-2 2.05632E-2 1.95174E-2 2.09781E-2 2.26664E-2 2.30098E-2 2.31889E-2 2.09591E-2 2.3053E-2 2.8883E-2 2.21263E-2 1.52723E-2 9.24586E-3 4.68727E-3 3.18923E-3 2.66168E-3 2.00448E-3 1.65729E-3 1.41731E-3 1.09314E-3 8.59328E-4 6.96618E-4 6.38407E-4 9.51013E-4 3.96636E-3 1.76828E-2 1.80015E-2 9.6114E-4 1.43235E-4 -9999
9.58173E-4 1.09768E-3 1.31674E-3 1.66893E-3 2.41641E-3 3.32331E-3 4.79461E-3 6.82435E-3 8.67038E-3 1.13465E-2 1.25977E-2 1.31205E-2 1.43738E-2 2.09542E-2 2.35775E-2 2.14249E-2 1.99875E-2 1.85934E-2 1.74454E-2 1.93055E-2 2.23984E-2 2.2515E-2 2.16589E-2 2.09731E-2 2.06788E-2 2.01761E-2 2.16818E-2 2.29781E-2 2.29249E-2 2.35172E-2 2.43349E-2 2.10375E-2 2.02793E-2 2.00705E-2 2.11482E-2 2.29492E-2 2.73608E-2 2.14538E-2 1.61704E-2 1.13168E-2 7.59163E-3 6.16868E-3 5.97052E-3 4.81434E-3 3.68052E-3 2.91422E-3 2.30202E-3 1.84509E-3 1.43197E-3 1.26883E-3 1.64802E-3 2.79225E-3 5.75827E-3 1.04563E-2 4.5597E-3 9.28323E-4 3.58119E-4 3.12725E-4
1.42864E-3 1.73752E-3 2.22506E-3 3.20358E-3 6.17495E-3 9.41285E-3 1.12166E-2 1.54362E-2 2.09586E-2 2.3235E-2 2.27193E-2 2.2606E-2 2.28159E-2 2.24726E-2 2.08978E-2 1.88317E-2 1.77872E-2 1.77082E-2 1.85334E-2 2.08566E-2 2.23776E-2 2.17303E-2 2.11256E-2 2.03018E-2 2.00583E-2 2.03249E-2 2.02788E-2 2.00884E-2 2.05275E-2 2.14485E-2 2.26984E-2 2.26187E-2 2.14681E-2 2.21852E-2 2.25305E-2 2.4544E-2 2.0004E-2 1.6512E-2 1.55158E-2 1.35552E-2 1.07545E-2 8.79112E-3 7.31859E-3 6.28815E-3 5.78662E-3 5.02385E-3 4.1507E-3 3.44327E-3 2.77278E-3 2.52576E-3 3.1172E-3 4.81155E-3 8.59686E-3 7.84036E-3 2.91849E-3 1.26469E-3 9.43928E-4 1.2833E-3
2.41562E-3 3.47768E-3 6.119E-3 1.14139E-2 1.8929E-2 2.05422E-2 2.03979E-2 1.98205E-2 1.93434E-2 1.92513E-2 1.83003E-2 1.73653E-2 1.73125E-2 1.77433E-2 1.80495E-2 1.83974E-2 1.97936E-2 1.97227E-2 1.89244E-2 1.9154E-2 1.78895E-2 1.65776E-2 1.70882E-2 1.80387E-2 1.82829E-2 1.83712E-2 1.90203E-2 2.03063E-2 2.02727E-2 2.01606E-2 1.99426E-2 2.01271E-2 2.08782E-2 2.19202E-2 2.66939E-2 2.14692E-2 1.78453E-2 1.60191E-2 1.49243E-2 1.28656E-2 1.0083E-2 9.60859E-3 9.64016E-3 9.36967E-3 7.96762E-3 6.69954E-3 5.82408E-3 5.10388E-3 4.78536E-3 4.73542E-3 5.16981E-3 8.55508E-3 8.67013E-3 5.71824E-3 3.29629E-3 2.48911E-3 2.76493E-3 4.42421E-3
5.70236E-3 8.27083E-3 1.4146E-2 2.0204E-2 1.86964E-2 1.83886E-2 1.85389E-2 1.70411E-2 1.60536E-2 1.62856E-2 1.66537E-2 1.80616E-2 1.99393E-2 2.0734E-2 2.10936E-2 2.03333E-2 2.00384E-2 1.97269E-2 1.91211E-2 1.88829E-2 1.89176E-2 1.82264E-2 1.80654E-2 1.87589E-2 1.91083E-2 2.00658E-2 2.04902E-2 1.96632E-2 1.77351E-2 1.87502E-2 2.29325E-2 2.35079E-2 2.26315E-2 2.37769E-2 2.51873E-2 2.25158E-2 2.0771E-2 1.89778E-2 1.56233E-2 1.32482E-2 1.02726E-2 9.1928E-3 9.56593E-3 1.11726E-2 9.90737E-3 8.49467E-3 7.49989E-3 7.62136E-3 8.30309E-3 1.28651E-2 1.36647E-2 1.29174E-2 1.05043E-2 8.36264E-3 7.18491E-3 6.85585E-3 8.38513E-3 1.51733E-2
1.13367E-2 1.36745E-2 1.76533E-2 2.35349E-2 2.48602E-2 2.34109E-2 2.25776E-2 2.13336E-2 2.02917E-2 2.05687E-2 2.07835E-2 2.0893E-2 2.12097E-2 2.02432E-2 1.9642E-2 2.10867E-2 2.0658E-2 1.83712E-2 1.80172E-2 1.7706E-2 1.6531E-2 1.57015E-2 1.61073E-2 1.8548E-2 1.85291E-2 1.97309E-2 2.16469E-2 2.29421E-2 2.25333E-2 2.30447E-2 2.47305E-2 2.3803E-2 2.33791E-2 2.34457E-2 2.76586E-2 2.55069E-2 2.37693E-2 2.25944E-2 1.94089E-2 1.6158E-2 1.28744E-2 9.57266E-3 7.8738E-3 7.67473E-3 9.83542E-3 1.01929E-2 1.04165E-2 1.35651E-2 1.83764E-2 2.64379E-2 2.46223E-2 2.23016E-2 1.89678E-2 1.8648E-2 2.15849E-2 2.52877E-2 3.21062E-2 5.43235E-2
1.78834E-2 1.94697E-2 2.19922E-2 2.36791E-2 2.62316E-2 2.93436E-2 3.17838E-2 3.13444E-2 3.09458E-2 3.06185E-2 3.11695E-2 3.17553E-2 3.09054E-2 3.19211E-2 3.14763E-2 3.2122E-2 3.23166E-2 3.25556E-2 3.38397E-2 3.29325E-2 3.10362E-2 2.83312E-2 2.67712E-2 2.36545E-2 1.78188E-2 1.80136E-2 2.00851E-2 2.00468E-2 2.04049E-2 2.0708E-2 2.11156E-2 2.1538E-2 2.24071E-2 2.32614E-2 2.46408E-2 2.76551E-2 2.60479E-2 2.51002E-2 2.57089E-2 2.30444E-2 1.97813E-2 1.58602E-2 1.27452E-2 1.20621E-2 1.22232E-2 1.28572E-2 1.43715E-2 1.5277E-2 1.57746E-2 2.00706E-2 3.22677E-2 3.24654E-2 3.32291E-2 3.7084E-2 4.36458E-2 5.29829E-2 5.52325E-2 4.99105E-2
3.46515E-2 3.28556E-2 3.14295E-2 3.16226E-2 3.16625E-2 3.09937E-2 3.04123E-2 2.93035E-2 2.84149E-2 2.80457E-2 2.88361E-2 3.00286E-2 3.10198E-2 3.15608E-2 3.13525E-2 3.14746E-2 3.18755E-2 3.26206E-2 3.37414E-2 3.29165E-2 3.2494E-2 3.24532E-2 3.24921E-2 3.07852E-2 2.72502E-2 2.37786E-2 2.10438E-2 2.02425E-2 2.10176E-2 2.1479E-2 2.19618E-2 2.16346E-2 2.21491E-2 2.18463E-2 2.15428E-2 2.33968E-2 2.76737E-2 2.80544E-2 2.6733E-2 2.49272E-2 2.37094E-2 2.30966E-2 1.8738E-2 1.47363E-2 1.21277E-2 1.09587E-2 9.78889E-3 9.79814E-3 1.20744E-2 1.34341E-2 1.7323E-2 3.21085E-2 3.71483E-2 3.98014E-2 4.58444E-2 5.12306E-2 5.57674E-2 5.90714E-2
