data/Modelo 3/SPZn_max.asc
ncols         78
nrows         61
xllcorner     -149.5
yllcorner     -28.5
cellsize      1.0
NODATA_value  -9999
[rows 0 to 25 of 61, columns 0 to 57 of 78]
1.54195E-2 1.48702E-2 1.38358E-2 1.30345E-2 1.40561E-2 1.3159E-2 1.19538E-2 1.11844E-2 9.4569E-3 7.95534E-3 7.25908E-3 6.65529E-3 6.35186E-3 6.10033E-3 5.67743E-3 5.38021E-3 4.91061E-3 4.97349E-3 5.23964E-3 4.97082E-3 5.36062E-3 6.55075E-3 6.86394E-3 1.00934E-2 2.65605E-2 5.44385E-2 7.77013E-2 1.25794E-1 1.97344E-1 1.91745E-1 1.60687E-1 2.01928E-1 -9999 -9999 -9999 -9999 -9999 -9999 -9999 -9999 -9999 -9999 -9999 -9999 -9999 -9999 -9999 -9999 -9999 -9999 -9999 -9999 -9999 -9999 -9999 -9999 -9999 -9999
1.40964E-2 1.38747E-2 1.31706E-2 1.11764E-2 1.08128E-2 1.10941E-2 1.15653E-2 1.24577E-2 1.17947E-2 1.04074E-2 9.55312E-3 8.82147E-3 8.27875E-3 7.72702E-3 6.4581E-3 5.79716E-3 5.24908E-3 4.89985E-3 4.96083E-3 4.63758E-3 4.61817E-3 4.77265E-3 4.75408E-3 6.10888E-3 1.02995E-2 1.26476E-2 2.32864E-2 8.00497E-2 1.41631E-1 2.05678E-1 2.20213E-1 2.24364E-1 -9999 -9999 5.70392E-1 -9999 -9999 -9999 -9999 -9999 -9999 -9999 -9999 -9999 -9999 -9999 -9999 -9999 -9999 -9999 -9999 -9999 -9999 -9999 -9999 -9999 -9999 -9999
1.12859E-2 1.20086E-2 1.19016E-2 1.05829E-2 9.32865E-3 8.82259E-3 9.38243E-3 1.06788E-2 1.14094E-2 1.22732E-2 1.17036E-2 1.04299E-2 9.2566E-3 8.06977E-3 6.68497E-3 6.04023E-3 5.40361E-3 4.7483E-3 4.5403E-3 4.2529E-3 3.60412E-3 3.16768E-3 3.0799E-3 3.27937E-3 3.60947E-3 3.66405E-3 4.9273E-3 1.17649E-2 3.50958E-2 8.03689E-2 1.38831E-1 1.94047E-1 3.49192E-1 -9999 8.4447E-1 9.23702E-1 -9999 -9999 -9999 -9999 -9999 -9999 -9999 -9999 -9999 -9999 -9999 -9999 -9999 -9999 -9999 -9999 -9999 -9999 -9999 -9999 -9999 -9999
9.4951E-3 9.67056E-3 9.42994E-3 8.69333E-3 8.268E-3 8.09425E-3 8.27584E-3 8.95449E-3 9.62387E-3 9.9917E-3 1.05272E-2 1.06597E-2 9.93338E-3 9.44519E-3 7.82901E-3 6.57694E-3 5.56802E-3 5.20711E-3 4.8873E-3 4.39686E-3 3.74598E-3 3.24117E-3 2.91955E-3 2.75051E-3 2.84917E-3 2.69848E-3 3.11826E-3 4.55878E-3 6.87075E-3 1.1197E-2 2.65921E-2 1.16268E-1 4.03267E-1 3.9242E-1 -9999 -9999 9.18955E-1 -9999 -9999 -9999 -9999 -9999 -9999 -9999 -9999 -9999 -9999 -9999 -9999 -9999 -9999 -9999 -9999 -9999 -9999 -9999 -9999 -9999
6.52011E-3 6.88809E-3 6.72026E-3 6.29132E-3 6.63889E-3 7.11221E-3 7.39293E-3 7.76651E-3 8.26838E-3 8.73474E-3 9.4013E-3 9.90646E-3 1.04151E-2 9.71047E-3 8.17086E-3 7.18066E-3 6.38335E-3 5.75233E-3 5.3381E-3 4.68906E-3 4.15983E-3 3.78247E-3 3.23758E-3 2.9878E-3 3.16498E-3 3.27548E-3 3.41448E-3 4.37967E-3 5.68417E-3 7.69586E-3 1.21455E-2 3.6434E-2 2.89295E-1 5.58368E-1 4.95317E-1 -9999 8.85673E-1 -9999 -9999 -9999 -9999 -9999 -9999 -9999 -9999 -9999 -9999 -9999 -9999 -9999 -9999 -9999 -9999 -9999 -9999 -9999 -9999 -9999
5.08734E-3 5.19523E-3 5.44857E-3 5.45478E-3 5.56988E-3 6.09814E-3 6.64958E-3 7.10496E-3 7.71163E-3 8.22955E-3 8.43776E-3 8.65942E-3 9.13357E-3 9.66998E-3 8.71692E-3 7.87835E-3 7.06071E-3 6.34854E-3 5.70185E-3 5.109E-3 4.61212E-3 4.14438E-3 3.83335E-3 3.75518E-3 3.71977E-3 3.79075E-3 3.81187E-3 4.46509E-3 5.79863E-3 6.9387E-3 8.73262E-3 1.94267E-2 1.4751E-1 7.41738E-1 -9999 -9999 -9999 7.8331E-1 -9999 -9999 -9999 -9999 -9999 -9999 -9999 -9999 -9999 -9999 -9999 -9999 -9999 -9999 -9999 -9999 -9999 -9999 -9999 -9999
4.53639E-3 4.65819E-3 4.79689E-3 4.91231E-3 5.05145E-3 5.49146E-3 5.91932E-3 6.35788E-3 6.69113E-3 7.08698E-3 7.40517E-3 7.89325E-3 8.29179E-3 9.09758E-3 9.95735E-3 9.21499E-3 8.23727E-3 7.42741E-3 6.70535E-3 5.90975E-3 5.27464E-3 4.92602E-3 4.83591E-3 4.74426E-3 4.60104E-3 4.58715E-3 4.5789E-3 4.74787E-3 5.51139E-3 6.12278E-3 7.25437E-3 1.21449E-2 2.93516E-2 3.65407E-1 9.50746E-1 9.58663E-1 -9999 -9999 6.78878E-1 5.54559E-1 -9999 -9999 -9999 -9999 -9999 -9999 -9999 -9999 -9999 -9999 -9999 -9999 -9999 -9999 -9999 -9999 -9999 -9999
4.32609E-3 4.39512E-3 4.45478E-3 4.60933E-3 4.85135E-3 5.11876E-3 5.29911E-3 5.54686E-3 5.79912E-3 6.05236E-3 6.64884E-3 7.23018E-3 7.63558E-3 8.14093E-3 8.87709E-3 9.49353E-3 9.71242E-3 8.90906E-3 7.85376E-3 7.11958E-3 6.64004E-3 6.54117E-3 6.27234E-3 6.01036E-3 5.92277E-3 6.12886E-3 6.38835E-3 6.70692E-3 7.16581E-3 8.2379E-3 1.03023E-2 1.41438E-2 2.22554E-2 5.15918E-2 4.53531E-1 9.88023E-1 9.94738E-1 -9999 6.59478E-1 5.25597E-1 -9999 -9999 -9999 -9999 -9999 -9999 -9999 -9999 -9999 -9999 -9999 -9999 -9999 -9999 -9999 -9999 -9999 -9999
4.16215E-3 4.26934E-3 4.37842E-3 4.51842E-3 4.72492E-3 4.95622E-3 5.09819E-3 5.33241E-3 5.56648E-3 5.77951E-3 6.14666E-3 6.45573E-3 6.90978E-3 7.33404E-3 7.89352E-3 8.46881E-3 8.97364E-3 9.42497E-3 9.59032E-3 9.47008E-3 8.85207E-3 8.47155E-3 8.12293E-3 8.09267E-3 8.07461E-3 8.13053E-3 8.66047E-3 9.21247E-3 1.02922E-2 1.23598E-2 1.58061E-2 1.88117E-2 2.80979E-2 4.37214E-2 1.07466E-1 3.21961E-1 9.82521E-1 -9999 6.04198E-1 5.17126E-1 4.22689E-1 -9999 -9999 -9999 -9999 -9999 -9999 -9999 -9999 -9999 -9999 -9999 -9999 -9999 -9999 -9999 -9999 -9999
4.04263E-3 4.15446E-3 4.25536E-3 4.3635E-3 4.57588E-3 4.78691E-3 4.95913E-3 5.25327E-3 5.47315E-3 5.6751E-3 5.92622E-3 6.15244E-3 6.49896E-3 6.86445E-3 7.14307E-3 7.58093E-3 8.04857E-3 8.50683E-3 9.03352E-3 9.60783E-3 1.02709E-2 1.10015E-2 1.14329E-2 1.12285E-2 1.10746E-2 1.14753E-2 1.25091E-2 1.33825E-2 1.41601E-2 1.59278E-2 1.7644E-2 1.77366E-2 2.04651E-2 2.56291E-2 3.59022E-2 9.66714E-2 7.46127E-1 9.37935E-1 7.69088E-1 -9999 4.04044E-1 3.91059E-1 -9999 -9999 -9999 -9999 -9999 -9999 -9999 -9999 -9999 -9999 -9999 -9999 -9999 -9999 -9999 -9999
4.00884E-3 4.1285E-3 4.17323E-3 4.25651E-3 4.43799E-3 4.64526E-3 4.85689E-3 5.14337E-3 5.38888E-3 5.73391E-3 5.93548E-3 5.97547E-3 6.14412E-3 6.35835E-3 6.5799E-3 6.98058E-3 7.37995E-3 7.6574E-3 8.18471E-3 8.8439E-3 9.37003E-3 1.00659E-2 1.03833E-2 1.11091E-2 1.14828E-2 1.13838E-2 1.07673E-2 1.07296E-2 1.14661E-2 1.20905E-2 1.2269E-2 1.24569E-2 1.30578E-2 1.5432E-2 2.39272E-2 6.49197E-2 2.23269E-1 6.2494E-1 7.20113E-1 4.66758E-1 4.17888E-1 3.70229E-1 2.81547E-1 -9999 -9999 -9999 -9999 -9999 -9999 -9999 -9999 -9999 -9999 -9999 -9999 -9999 -9999 -9999
3.97313E-3 4.04562E-3 4.13829E-3 4.26693E-3 4.38366E-3 4.55689E-3 4.71045E-3 4.9427E-3 5.28105E-3 5.65427E-3 6.09292E-3 6.24818E-3 6.02614E-3 6.10829E-3 6.28318E-3 6.55861E-3 6.83754E-3 7.06513E-3 7.44608E-3 8.16745E-3 8.62224E-3 9.19293E-3 9.50427E-3 1.00984E-2 1.05557E-2 9.7547E-3 9.02945E-3 8.9859E-3 9.21168E-3 9.49771E-3 9.64277E-3 1.02575E-2 1.13014E-2 1.55235E-2 2.22244E-2 5.53572E-2 9.83095E-2 3.12501E-1 3.85787E-1 4.09684E-1 3.77212E-1 3.16971E-1 3.18168E-1 3.60013E-1 -9999 -9999 -9999 -9999 -9999 -9999 -9999 -9999 -9999 -9999 -9999 -9999 -9999 -9999
3.94087E-3 3.98722E-3 4.16542E-3 4.39227E-3 4.44171E-3 4.44803E-3 4.59034E-3 4.81023E-3 5.26982E-3 5.81539E-3 6.54938E-3 7.11843E-3 6.98904E-3 6.93804E-3 6.72297E-3 6.42683E-3 6.78901E-3 7.10381E-3 7.59206E-3 8.21774E-3 8.70804E-3 9.17421E-3 9.02192E-3 9.68539E-3 1.07738E-2 9.77639E-3 9.18254E-3 8.97069E-3 8.78843E-3 8.5739E-3 8.46868E-3 9.21485E-3 1.22239E-2 1.89138E-2 2.86273E-2 6.09723E-2 9.46781E-2 1.92036E-1 2.23715E-1 2.09517E-1 2.36737E-1 2.43698E-1 3.52254E-1 -9999 -9999 -9999 -9999 -9999 -9999 -9999 -9999 -9999 -9999 -9999 -9999 -9999 -9999 -9999
3.94081E-3 4.12917E-3 4.35135E-3 4.5906E-3 4.54477E-3 4.40294E-3 4.48944E-3 4.78528E-3 5.37489E-3 6.14428E-3 6.79128E-3 7.37796E-3 8.64894E-3 9.11995E-3 8.86156E-3 7.92728E-3 8.18043E-3 8.82289E-3 9.77652E-3 1.1561E-2 1.28234E-2 1.45884E-2 1.46434E-2 1.5701E-2 2.11435E-2 2.07962E-2 1.96622E-2 1.71998E-2 1.33918E-2 1.22463E-2 1.15359E-2 1.14293E-2 1.22297E-2 1.30544E-2 1.98878E-2 3.78693E-2 5.06054E-2 7.85374E-2 1.25655E-1 1.58813E-1 1.74529E-1 1.83703E-1 4.09798E-1 5.66815E-1 -9999 -9999 -9999 -9999 -9999 -9999 -9999 -9999 -9999 -9999 -9999 -9999 -9999 -9999
4.00265E-3 4.21677E-3 4.58843E-3 5.02184E-3 4.90497E-3 4.71349E-3 4.80353E-3 5.34278E-3 6.04146E-3 6.52546E-3 7.77363E-3 8.57036E-3 1.08995E-2 1.26302E-2 1.32432E-2 1.18358E-2 1.12336E-2 1.32067E-2 1.59936E-2 2.29336E-2 3.28473E-2 4.22541E-2 4.4569E-2 3.65214E-2 4.96003E-2 6.41796E-2 6.37549E-2 5.89945E-2 3.59716E-2 2.62602E-2 2.11216E-2 1.60065E-2 1.34223E-2 1.1706E-2 1.25648E-2 2.8108E-2 5.24946E-2 1.05165E-1 1.64873E-1 1.52572E-1 1.32214E-1 1.8548E-1 4.44425E-1 5.84363E-1 4.37716E-1 -9999 -9999 -9999 -9999 -9999 -9999 -9999 -9999 -9999 -9999 -9999 -9999 -9999
4.54997E-3 4.64661E-3 5.11324E-3 5.80378E-3 6.20598E-3 6.16928E-3 6.65234E-3 7.75675E-3 8.40773E-3 9.19679E-3 1.08974E-2 1.32377E-2 1.74754E-2 2.09941E-2 2.74561E-2 2.97409E-2 2.33278E-2 2.60511E-2 4.38827E-2 7.22494E-2 8.44498E-2 9.53467E-2 1.05749E-1 9.56176E-2 1.07703E-1 1.39779E-1 1.82172E-1 1.72299E-1 1.17684E-1 8.37536E-2 6.09931E-2 4.81919E-2 3.24606E-2 1.84701E-2 1.64408E-2 3.28867E-2 5.72913E-2 1.08963E-1 1.93519E-1 1.73023E-1 1.62823E-1 2.45959E-1 4.26596E-1 5.8006E-1 2.82941E-1 1.13661E-1 4.26631E-2 1.74747E-2 -9999 -9999 -9999 -9999 -9999 -9999 -9999 -9999 -9999 -9999
5.36101E-3 5.51319E-3 5.93994E-3 6.86946E-3 7.98075E-3 9.03731E-3 9.97128E-3 1.13159E-2 1.33607E-2 1.68259E-2 2.09761E-2 2.53221E-2 3.08792E-2 3.97788E-2 5.50616E-2 7.07452E-2 6.9082E-2 8.69863E-2 1.35051E-1 1.8439E-1 2.22385E-1 2.3677E-1 2.64818E-1 2.75165E-1 2.75201E-1 2.73741E-1 2.93755E-1 2.82109E-1 2.4209E-1 2.0226E-1 1.5663E-1 1.51945E-1 9.44426E-2 5.0467E-2 4.0892E-2 5.95758E-2 1.19393E-1 1.19973E-1 1.34041E-1 1.30226E-1 1.73903E-1 2.44935E-1 1.86049E-1 1.24206E-1 6.61962E-2 4.35456E-2 3.072E-2 1.56613E-2 9.24375E-3 4.83145E-3 -9999 -9999 -9999 -9999 -9999 -9999 -9999 -9999
6.63944E-3 7.49864E-3 7.75593E-3 8.22916E-3 9.57384E-3 1.14459E-2 1.38194E-2 1.68372E-2 2.26606E-2 3.24191E-2 4.00135E-2 5.10856E-2 6.76016E-2 8.49708E-2 1.14995E-1 1.49519E-1 2.01705E-1 2.34329E-1 2.78051E-1 3.12098E-1 3.61749E-1 3.81326E-1 3.90545E-1 4.09461E-1 4.07617E-1 4.01523E-1 3.91797E-1 3.52882E-1 3.03042E-1 2.43771E-1 2.22244E-1 2.20027E-1 2.23758E-1 2.62026E-1 2.85661E-1 2.82911E-1 2.84011E-1 2.69907E-1 2.40528E-1 2.7273E-1 2.48368E-1 1.33174E-1 6.05828E-2 3.51618E-2 2.08878E-2 1.38E-2 1.01944E-2 8.86911E-3 6.41306E-3 4.79963E-3 3.75098E-3 4.92648E-3 1.72965E-2 3.36666E-1 1.8833E-1 4.07858E-3 -9999 -9999
9.14137E-3 1.1258E-2 1.21956E-2 1.22371E-2 1.34602E-2 1.70493E-2 2.28422E-2 3.00215E-2 3.63225E-2 4.60153E-2 5.75299E-2 7.42914E-2 8.44273E-2 1.2094E-1 2.19604E-1 2.63107E-1 2.87138E-1 3.04528E-1 3.35845E-1 3.85355E-1 4.33551E-1 4.76662E-1 5.03835E-1 5.20704E-1 5.29136E-1 5.33447E-1 5.10971E-1 4.64124E-1 4.39578E-1 4.07627E-1 3.91604E-1 3.74049E-1 4.01428E-1 4.69933E-1 5.03959E-1 5.40403E-1 5.49434E-1 5.34387E-1 3.14845E-1 1.78419E-1 1.11712E-1 6.99784E-2 4.56078E-2 3.21118E-2 2.2197E-2 1.67002E-2 1.28171E-2 9.91672E-3 7.76035E-3 5.74828E-3 5.43276E-3 8.63041E-3 4.26943E-2 3.47355E-1 1.67613E-1 7.03945E-3 8.3145E-4 -9999
1.16745E-2 1.34764E-2 1.60535E-2 2.00028E-2 2.82846E-2 3.74734E-2 5.12021E-2 6.91022E-2 8.46868E-2 1.07059E-1 1.17122E-1 1.2071E-1 1.30681E-1 1.82203E-1 2.40974E-1 2.72566E-1 2.93166E-1 3.2099E-1 3.57192E-1 4.00416E-1 4.44224E-1 4.66893E-1 4.89749E-1 5.00542E-1 4.92434E-1 5.16745E-1 5.42571E-1 5.63498E-1 5.81667E-1 6.00002E-1 5.60322E-1 4.92522E-1 4.85405E-1 5.45844E-1 5.95435E-1 6.67686E-1 6.25881E-1 4.68073E-1 3.24745E-1 2.09991E-1 1.36855E-1 1.00488E-1 7.28374E-2 4.98634E-2 3.65547E-2 2.77119E-2 2.14422E-2 1.6762E-2 1.25711E-2 1.11329E-2 1.50585E-2 3.06247E-2 8.57395E-2 1.56024E-1 4.89594E-2 7.98311E-3 2.55735E-3 1.93361E-3
1.66011E-2 1.98001E-2 2.48257E-2 3.45851E-2 6.21437E-2 9.1267E-2 1.05778E-1 1.38722E-1 1.8202E-1 2.11199E-1 2.21629E-1 2.29237E-1 2.27788E-1 2.35392E-1 2.62972E-1 2.96628E-1 3.13551E-1 3.29471E-1 3.65615E-1 3.97397E-1 4.15261E-1 4.22574E-1 4.20883E-1 3.94912E-1 3.96736E-1 4.47029E-1 4.89813E-1 5.31972E-1 5.79999E-1 6.2337E-1 5.97699E-1 5.6829E-1 5.49128E-1 5.80025E-1 6.07659E-1 5.15576E-1 4.33652E-1 4.16706E-1 3.6832E-1 2.81405E-1 2.04958E-1 1.47468E-1 1.03826E-1 7.83402E-2 6.46071E-2 5.10475E-2 3.99511E-2 3.19095E-2 2.57536E-2 2.40872E-2 3.33518E-2 6.84762E-2 1.27487E-1 9.06997E-2 3.02144E-2 1.18353E-2 8.12507E-3 1.06363E-2
2.64893E-2 3.66799E-2 6.02445E-2 1.04628E-1 1.66222E-1 1.83697E-1 1.91957E-1 2.13846E-1 2.35994E-1 2.46819E-1 2.70093E-1 3.01288E-1 3.09101E-1 2.95195E-1 3.08992E-1 3.41987E-1 3.68869E-1 3.62283E-1 3.4638E-1 3.50947E-1 3.49435E-1 3.43777E-1 3.53194E-1 3.92464E-1 4.15604E-1 4.23325E-1 4.41166E-1 5.15875E-1 5.93133E-1 6.10464E-1 6.17315E-1 6.21003E-1 5.88248E-1 5.93101E-1 5.86179E-1 4.65252E-1 4.20481E-1 4.00068E-1 3.55376E-1 3.10683E-1 2.46051E-1 2.03407E-1 1.66892E-1 1.32029E-1 9.69834E-2 7.79624E-2 6.73556E-2 5.98014E-2 5.96566E-2 6.21211E-2 7.52247E-2 1.06462E-1 1.0313E-1 6.39144E-2 3.53363E-2 2.60205E-2 2.94867E-2 4.90503E-2
5.47555E-2 7.62574E-2 1.22937E-1 1.88493E-1 2.12487E-1 2.16437E-1 2.16249E-1 2.45903E-1 2.85799E-1 2.96831E-1 3.15709E-1 3.45789E-1 3.69413E-1 3.83957E-1 3.86811E-1 3.75135E-1 3.63773E-1 3.51553E-1 3.40322E-1 3.3353E-1 3.46847E-1 3.73614E-1 4.21599E-1 4.71032E-1 4.79122E-1 5.0251E-1 4.96337E-1 5.17492E-1 5.76702E-1 5.98568E-1 6.06153E-1 6.06833E-1 6.04048E-1 6.49397E-1 6.05613E-1 5.31033E-1 4.83905E-1 4.43119E-1 3.89445E-1 3.48273E-1 3.1142E-1 2.60417E-1 2.42071E-1 2.24489E-1 1.69122E-1 1.35882E-1 1.24634E-1 1.37301E-1 1.63136E-1 1.80454E-1 1.6625E-1 1.53148E-1 1.19656E-1 9.43895E-2 7.98941E-2 7.31735E-2 9.05283E-2 1.56046E-1
1.10283E-1 1.29987E-1 1.63986E-1 2.12125E-1 2.46157E-1 2.66128E-1 2.82616E-1 2.97744E-1 3.15554E-1 3.18144E-1 3.24779E-1 3.28691E-1 3.27653E-1 3.40764E-1 3.36555E-1 3.21264E-1 3.04378E-1 2.98267E-1 3.03289E-1 3.06237E-1 3.15896E-1 3.24494E-1 3.66228E-1 4.18719E-1 4.72554E-1 5.2383E-1 5.26932E-1 5.45473E-1 5.73551E-1 5.97502E-1 5.94332E-1 5.62284E-1 5.54749E-1 5.81129E-1 6.12475E-1 5.65831E-1 5.23483E-1 4.91528E-1 4.50676E-1 4.11947E-1 3.7846E-1 3.43049E-1 3.37415E-1 3.32659E-1 3.31601E-1 2.91265E-1 2.70764E-1 2.96728E-1 3.27029E-1 3.48123E-1 2.97755E-1 2.61578E-1 2.04434E-1 1.81101E-1 1.92435E-1 2.09188E-1 2.4422E-1 3.82965E-1
1.77668E-1 1.91499E-1 2.14114E-1 2.29075E-1 2.51583E-1 2.78039E-1 3.04339E-1 3.03011E-1 3.06673E-1 3.15819E-1 3.142E-1 2.94485E-1 2.85294E-1 2.97081E-1 3.01752E-1 2.9852E-1 2.93866E-1 2.94743E-1 3.16517E-1 3.03922E-1 2.89713E-1 2.86724E-1 3.09871E-1 3.51954E-1 4.05775E-1 4.52382E-1 4.83968E-1 5.02124E-1 5.25042E-1 5.47541E-1 5.68237E-1 5.66017E-1 5.43507E-1 5.3665E-1 5.67044E-1 5.72325E-1 5.62957E-1 5.58476E-1 5.73568E-1 5.66165E-1 5.13054E-1 4.69559E-1 4.75854E-1 4.93605E-1 5.18231E-1 5.04008E-1 4.70522E-1 4.74696E-1 4.66863E-1 4.41024E-1 4.43045E-1 4.16727E-1 3.51165E-1 3.16382E-1 3.16012E-1 3.53418E-1 3.57273E-1 3.08041E-1
3.91953E-1 4.07007E-1 4.17995E-1 4.13535E-1 4.10179E-1 4.05932E-1 3.94459E-1 3.90112E-1 3.82016E-1 3.81666E-1 3.7376E-1 3.57889E-1 3.48462E-1 3.39247E-1 3.41367E-1 3.45826E-1 3.4735E-1 3.47466E-1 3.47872E-1 3.58881E-1 3.68535E-1 3.75331E-1 3.84298E-1 4.16685E-1 4.62106E-1 5.04885E-1 5.43814E-1 5.75726E-1 6.00393E-1 6.06981E-1 6.27055E-1 6.49614E-1 6.46366E-1 6.24205E-1 6.08482E-1 6.02614E-1 6.08484E-1 6.12312E-1 6.45186E-1 6.77898E-1 6.52066E-1 6.37735E-1 6.29897E-1 6.37428E-1 6.46133E-1 6.35173E-1 6.04352E-1 5.92093E-1 6.02389E-1 5.6356E-1 5.33409E-1 5.33321E-1 5.03166E-1 4.4169E-1 4.14802E-1 4.00411E-1 3.81236E-1 3.7383E-1
