data/Modelo 3/SPZn_min.asc
ncols         78
nrows         61
xllcorner     -149.5
yllcorner     -28.5
cellsize      1.0
NODATA_value  -9999
[rows 0 to 25 of 61, columns 0 to 57 of 78]
1.09774E-2 1.04034E-2 9.6789E-3 9.07967E-3 9.33127E-3 8.57599E-3 7.80589E-3 7.08454E-3 6.31858E-3 5.57934E-3 5.01758E-3 4.56373E-3 4.24728E-3 4.01689E-3 3.71245E-3 3.6091E-3 3.35116E-3 3.34256E-3 3.47796E-3 3.23441E-3 3.35636E-3 3.90568E-3 3.96642E-3 5.48614E-3 1.28253E-2 2.47666E-2 4.83466E-2 8.15688E-2 1.19368E-1 1.21487E-1 1.02724E-1 1.25253E-1 -9999 -9999 -9999 -9999 -9999 -9999 -9999 -9999 -9999 -9999 -9999 -9999 -9999 -9999 -9999 -9999 -9999 -9999 -9999 -9999 -9999 -9999 -9999 -9999 -9999 -9999
8.99514E-3 9.13346E-3 9.12088E-3 8.10171E-3 7.79003E-3 7.89898E-3 7.84976E-3 7.99248E-3 7.38343E-3 6.61598E-3 6.04896E-3 5.50275E-3 5.03843E-3 4.69202E-3 4.22505E-3 3.83539E-3 3.57782E-3 3.33501E-3 3.32953E-3 3.08571E-3 3.03871E-3 3.05674E-3 2.98418E-3 3.63762E-3 5.70405E-3 6.82991E-3 1.18187E-2 4.30766E-2 9.5933E-2 1.4539E-1 1.56451E-1 1.52574E-1 -9999 -9999 4.00453E-1 -9999 -9999 -9999 -9999 -9999 -9999 -9999 -9999 -9999 -9999 -9999 -9999 -9999 -9999 -9999 -9999 -9999 -9999 -9999 -9999 -9999 -9999 -9999
6.95677E-3 7.2031E-3 7.75367E-3 7.37392E-3 6.51755E-3 6.15412E-3 6.45058E-3 7.43984E-3 7.84432E-3 7.44034E-3 6.71724E-3 6.11138E-3 5.48059E-3 5.05511E-3 4.48128E-3 4.13229E-3 3.75871E-3 3.2763E-3 3.09984E-3 2.89179E-3 2.46088E-3 2.16825E-3 2.10748E-3 2.21782E-3 2.36451E-3 2.35616E-3 3.04633E-3 6.62441E-3 1.77967E-2 3.71804E-2 7.32452E-2 1.38773E-1 2.46159E-1 -9999 7.7557E-1 8.71769E-1 -9999 -9999 -9999 -9999 -9999 -9999 -9999 -9999 -9999 -9999 -9999 -9999 -9999 -9999 -9999 -9999 -9999 -9999 -9999 -9999 -9999 -9999
5.98859E-3 5.95783E-3 6.01125E-3 5.75939E-3 5.69025E-3 5.87576E-3 6.11213E-3 6.46452E-3 6.76988E-3 6.78175E-3 6.88607E-3 6.26104E-3 5.78612E-3 5.65385E-3 5.18753E-3 4.54878E-3 3.88924E-3 3.5894E-3 3.37533E-3 3.02928E-3 2.57188E-3 2.22366E-3 2.02617E-3 1.9093E-3 1.96164E-3 1.84973E-3 2.09127E-3 2.9874E-3 4.32663E-3 6.7034E-3 1.45277E-2 5.3538E-2 3.21061E-1 2.80411E-1 -9999 -9999 8.70946E-1 -9999 -9999 -9999 -9999 -9999 -9999 -9999 -9999 -9999 -9999 -9999 -9999 -9999 -9999 -9999 -9999 -9999 -9999 -9999 -9999 -9999
4.6565E-3 4.82496E-3 4.6486E-3 4.3968E-3 4.62247E-3 5.01194E-3 5.35068E-3 5.43055E-3 5.5707E-3 5.78322E-3 6.06473E-3 6.44037E-3 6.32923E-3 6.0813E-3 5.50074E-3 4.94286E-3 4.39343E-3 3.99839E-3 3.69331E-3 3.22445E-3 2.81975E-3 2.52729E-3 2.21087E-3 2.07583E-3 2.16247E-3 2.24471E-3 2.31637E-3 2.92258E-3 3.73489E-3 4.97141E-3 7.44314E-3 1.99668E-2 1.80548E-1 4.46628E-1 3.76984E-1 -9999 8.39424E-1 -9999 -9999 -9999 -9999 -9999 -9999 -9999 -9999 -9999 -9999 -9999 -9999 -9999 -9999 -9999 -9999 -9999 -9999 -9999 -9999 -9999
3.92851E-3 3.9411E-3 4.05801E-3 4.04103E-3 4.10287E-3 4.31207E-3 4.51623E-3 4.71796E-3 4.99816E-3 5.30631E-3 5.58764E-3 5.91312E-3 6.54829E-3 6.434E-3 5.79165E-3 5.35361E-3 4.85807E-3 4.40355E-3 3.94368E-3 3.54079E-3 3.21068E-3 2.87055E-3 2.63116E-3 2.55889E-3 2.54821E-3 2.5754E-3 2.56998E-3 2.97784E-3 3.81091E-3 4.51137E-3 5.60156E-3 1.17505E-2 7.15001E-2 6.47862E-1 -9999 -9999 -9999 7.23936E-1 -9999 -9999 -9999 -9999 -9999 -9999 -9999 -9999 -9999 -9999 -9999 -9999 -9999 -9999 -9999 -9999 -9999 -9999 -9999 -9999
3.48834E-3 3.59938E-3 3.68568E-3 3.70891E-3 3.7732E-3 3.89635E-3 4.11971E-3 4.35554E-3 4.57326E-3 4.76738E-3 5.02082E-3 5.49423E-3 6.054E-3 6.53011E-3 6.33922E-3 5.78699E-3 5.35641E-3 4.96222E-3 4.54731E-3 4.11353E-3 3.67973E-3 3.41742E-3 3.30457E-3 3.21301E-3 3.12521E-3 3.08894E-3 3.0654E-3 3.16545E-3 3.63797E-3 4.00523E-3 4.69642E-3 7.63385E-3 1.75949E-2 1.78523E-1 8.90895E-1 9.10476E-1 -9999 -9999 6.13087E-1 4.7706E-1 -9999 -9999 -9999 -9999 -9999 -9999 -9999 -9999 -9999 -9999 -9999 -9999 -9999 -9999 -9999 -9999 -9999 -9999
3.27796E-3 3.37245E-3 3.44378E-3 3.52538E-3 3.67063E-3 3.82274E-3 3.97188E-3 4.11578E-3 4.2724E-3 4.45629E-3 4.62357E-3 4.95574E-3 5.33403E-3 5.71898E-3 6.04076E-3 6.35598E-3 5.99766E-3 5.58544E-3 5.16374E-3 4.85432E-3 4.48278E-3 4.23199E-3 4.11706E-3 4.05736E-3 3.9963E-3 4.09583E-3 4.2392E-3 4.41763E-3 4.67822E-3 5.3198E-3 6.56276E-3 8.85151E-3 1.35725E-2 3.01157E-2 2.31052E-1 9.57146E-1 9.84725E-1 -9999 5.97928E-1 4.58123E-1 -9999 -9999 -9999 -9999 -9999 -9999 -9999 -9999 -9999 -9999 -9999 -9999 -9999 -9999 -9999 -9999 -9999 -9999
3.1236E-3 3.2673E-3 3.36795E-3 3.49407E-3 3.68144E-3 3.85578E-3 3.92973E-3 4.06719E-3 4.25505E-3 4.44097E-3 4.59687E-3 4.81447E-3 5.02817E-3 5.28196E-3 5.65881E-3 6.12548E-3 6.48465E-3 6.49161E-3 6.26514E-3 6.01944E-3 5.73524E-3 5.39974E-3 5.22155E-3 5.36677E-3 5.42551E-3 5.40683E-3 5.70716E-3 6.01626E-3 6.63607E-3 7.87681E-3 9.90591E-3 1.16396E-2 1.69351E-2 2.54656E-2 6.57512E-2 1.89553E-1 9.69272E-1 -9999 5.39573E-1 4.54303E-1 3.65784E-1 -9999 -9999 -9999 -9999 -9999 -9999 -9999 -9999 -9999 -9999 -9999 -9999 -9999 -9999 -9999 -9999 -9999
3.10705E-3 3.18809E-3 3.23946E-3 3.34386E-3 3.56384E-3 3.73749E-3 3.88975E-3 3.9988E-3 4.22605E-3 4.46988E-3 4.62303E-3 4.83029E-3 5.00259E-3 5.18977E-3 5.42763E-3 5.56513E-3 5.88138E-3 6.48523E-3 6.72605E-3 6.87311E-3 7.20739E-3 7.20156E-3 7.43396E-3 7.42058E-3 7.3575E-3 7.5437E-3 8.37487E-3 8.88059E-3 9.17537E-3 1.03437E-2 1.26625E-2 1.2828E-2 1.46124E-2 1.77694E-2 2.39562E-2 5.99856E-2 6.43087E-1 9.10695E-1 7.21119E-1 -9999 3.62811E-1 3.39382E-1 -9999 -9999 -9999 -9999 -9999 -9999 -9999 -9999 -9999 -9999 -9999 -9999 -9999 -9999 -9999 -9999
3.11999E-3 3.21366E-3 3.2148E-3 3.30811E-3 3.49087E-3 3.67271E-3 3.84453E-3 4.02821E-3 4.22943E-3 4.49254E-3 4.70555E-3 4.73239E-3 4.86781E-3 5.00108E-3 5.18756E-3 5.40043E-3 5.71765E-3 6.06607E-3 6.29312E-3 6.50191E-3 6.75395E-3 7.20607E-3 7.47459E-3 8.43452E-3 8.57413E-3 8.57985E-3 8.22359E-3 8.28994E-3 8.71363E-3 9.08539E-3 9.19226E-3 9.29126E-3 9.57453E-3 1.10145E-2 1.63563E-2 4.11854E-2 1.34368E-1 5.38716E-1 6.91476E-1 4.22987E-1 3.71348E-1 3.30481E-1 2.10178E-1 -9999 -9999 -9999 -9999 -9999 -9999 -9999 -9999 -9999 -9999 -9999 -9999 -9999 -9999 -9999
3.04725E-3 3.08439E-3 3.16641E-3 3.29599E-3 3.42375E-3 3.54429E-3 3.67388E-3 3.88965E-3 4.1737E-3 4.46689E-3 4.79054E-3 4.93217E-3 4.70905E-3 4.74882E-3 4.88775E-3 5.09856E-3 5.39801E-3 5.58325E-3 5.87038E-3 6.47406E-3 6.70463E-3 7.06632E-3 7.07044E-3 7.66053E-3 7.94216E-3 7.63445E-3 7.1529E-3 7.08658E-3 7.18805E-3 7.39416E-3 7.38276E-3 7.71962E-3 8.38787E-3 1.11522E-2 1.52557E-2 3.53675E-2 6.11282E-2 2.01593E-1 3.32765E-1 3.56666E-1 3.17904E-1 2.64777E-1 2.53841E-1 1.62401E-1 -9999 -9999 -9999 -9999 -9999 -9999 -9999 -9999 -9999 -9999 -9999 -9999 -9999 -9999
3.00926E-3 3.02291E-3 3.13545E-3 3.32997E-3 3.38483E-3 3.39932E-3 3.51674E-3 3.7509E-3 4.14763E-3 4.55389E-3 5.14415E-3 5.63055E-3 5.45062E-3 5.39655E-3 5.22167E-3 5.05646E-3 5.38373E-3 5.58059E-3 5.93424E-3 6.41119E-3 6.84356E-3 7.20647E-3 7.15878E-3 7.72757E-3 8.52584E-3 7.72751E-3 7.19919E-3 7.01656E-3 6.79346E-3 6.61771E-3 6.48764E-3 6.9741E-3 8.97075E-3 1.32469E-2 1.91894E-2 3.86643E-2 5.87896E-2 1.12607E-1 1.40996E-1 1.49508E-1 1.96099E-1 2.02499E-1 3.01516E-1 -9999 -9999 -9999 -9999 -9999 -9999 -9999 -9999 -9999 -9999 -9999 -9999 -9999 -9999 -9999
3.03152E-3 3.19308E-3 3.37386E-3 3.55561E-3 3.46735E-3 3.34993E-3 3.38447E-3 3.66337E-3 4.15713E-3 4.74749E-3 5.26846E-3 5.79248E-3 6.85218E-3 7.27016E-3 7.08259E-3 6.30631E-3 6.45701E-3 6.89127E-3 7.58433E-3 8.86188E-3 9.8288E-3 1.09847E-2 1.09449E-2 1.16609E-2 1.52783E-2 1.48806E-2 1.4014E-2 1.23748E-2 9.67218E-3 8.91125E-3 8.44187E-3 8.28709E-3 8.67484E-3 9.07219E-3 1.33054E-2 2.42976E-2 3.1674E-2 4.72481E-2 7.24184E-2 9.82078E-2 1.39045E-1 1.50077E-1 3.58312E-1 4.34743E-1 -9999 -9999 -9999 -9999 -9999 -9999 -9999 -9999 -9999 -9999 -9999 -9999 -9999 -9999
3.11335E-3 3.28534E-3 3.59583E-3 3.97062E-3 3.83755E-3 3.60787E-3 3.62975E-3 4.06819E-3 4.67299E-3 5.06758E-3 6.19073E-3 6.81591E-3 8.55234E-3 9.79428E-3 1.01952E-2 9.21625E-3 8.73515E-3 9.97698E-3 1.17624E-2 1.65304E-2 2.32408E-2 2.8946E-2 3.02595E-2 2.49071E-2 3.28679E-2 4.1835E-2 4.12982E-2 3.81102E-2 2.37631E-2 1.75721E-2 1.41569E-2 1.08332E-2 9.16481E-3 7.99384E-3 8.45401E-3 1.8058E-2 3.256E-2 6.26504E-2 1.04007E-1 1.01782E-1 8.92122E-2 1.46289E-1 3.70404E-1 4.88146E-1 3.01931E-1 -9999 -9999 -9999 -9999 -9999 -9999 -9999 -9999 -9999 -9999 -9999 -9999 -9999
3.58264E-3 3.5962E-3 3.95808E-3 4.54883E-3 4.90199E-3 4.87951E-3 5.30425E-3 6.20782E-3 6.64175E-3 7.21845E-3 8.53138E-3 1.02125E-2 1.30714E-2 1.53619E-2 1.99185E-2 2.14163E-2 1.67486E-2 1.84906E-2 2.99585E-2 4.76175E-2 5.53719E-2 6.16722E-2 6.8632E-2 6.18916E-2 6.81844E-2 8.68324E-2 1.11187E-1 1.04941E-1 7.25093E-2 5.14113E-2 3.75831E-2 2.97616E-2 2.03657E-2 1.1937E-2 1.06456E-2 2.04622E-2 3.4853E-2 6.1506E-2 1.24356E-1 1.10815E-1 1.05043E-1 1.97742E-1 3.44682E-1 4.47501E-1 2.28763E-1 8.98269E-2 3.17025E-2 1.2232E-2 -9999 -9999 -9999 -9999 -9999 -9999 -9999 -9999 -9999 -9999
4.26388E-3 4.34685E-3 4.64089E-3 5.38589E-3 6.25265E-3 7.07966E-3 7.77777E-3 8.7474E-3 1.01969E-2 1.26834E-2 1.54215E-2 1.83746E-2 2.19966E-2 2.7844E-2 3.8028E-2 4.74165E-2 4.51731E-2 5.67069E-2 8.55834E-2 1.1391E-1 1.35007E-1 1.42969E-1 1.59544E-1 1.69414E-1 1.77299E-1 1.83442E-1 2.1063E-1 2.01079E-1 1.60105E-1 1.20423E-1 9.19692E-2 8.85073E-2 5.56812E-2 3.04463E-2 2.47598E-2 3.38226E-2 6.56631E-2 6.57294E-2 7.26366E-2 7.01563E-2 9.2534E-2 1.57489E-1 1.43067E-1 1.00636E-1 5.45745E-2 3.45751E-2 2.25464E-2 1.02908E-2 5.87774E-3 3.04847E-3 -9999 -9999 -9999 -9999 -9999 -9999 -9999 -9999
5.28087E-3 5.92227E-3 6.11059E-3 6.4299E-3 7.39921E-3 8.72343E-3 1.03439E-2 1.2448E-2 1.6336E-2 2.27644E-2 2.74769E-2 3.48969E-2 4.52543E-2 5.56549E-2 7.33767E-2 9.33795E-2 1.23122E-1 1.41314E-1 1.83666E-1 2.30074E-1 2.94907E-1 3.21595E-1 3.28936E-1 3.42872E-1 3.39452E-1 3.32385E-1 3.22752E-1 2.91217E-1 2.47784E-1 1.79742E-1 1.57109E-1 1.50361E-1 1.47412E-1 1.78237E-1 1.94514E-1 1.77529E-1 1.73904E-1 1.45856E-1 1.29889E-1 1.46925E-1 1.39578E-1 8.26087E-2 4.8287E-2 2.85641E-2 1.63071E-2 1.04013E-2 7.37029E-3 6.17477E-3 4.22524E-3 2.74761E-3 2.37799E-3 3.16192E-3 1.02904E-2 2.56907E-1 9.78351E-2 1.82832E-3 -9999 -9999
7.00893E-3 8.60749E-3 9.29454E-3 9.26467E-3 1.01861E-2 1.26661E-2 1.64209E-2 2.09294E-2 2.47705E-2 3.08032E-2 3.76224E-2 4.777E-2 5.38428E-2 7.50262E-2 1.32067E-1 1.75743E-1 2.08435E-1 2.3327E-1 2.80088E-1 3.22765E-1 3.5855E-1 3.90107E-1 4.15568E-1 4.34409E-1 4.43835E-1 4.48133E-1 4.25111E-1 3.76827E-1 3.50839E-1 3.31772E-1 3.27419E-1 3.07546E-1 3.27079E-1 3.94941E-1 4.31089E-1 4.84365E-1 4.75427E-1 4.32671E-1 2.26883E-1 1.18607E-1 7.78578E-2 5.51429E-2 3.5891E-2 2.44083E-2 1.65881E-2 1.19261E-2 8.90822E-3 6.80169E-3 5.13002E-3 3.41349E-3 3.39386E-3 5.55269E-3 3.04744E-2 2.91696E-1 1.0764E-1 3.80764E-3 4.08753E-4 -9999
8.71409E-3 1.00378E-2 1.17831E-2 1.4392E-2 1.99088E-2 2.57006E-2 3.41125E-2 4.4717E-2 5.39497E-2 6.69217E-2 7.20513E-2 7.37026E-2 7.93668E-2 1.09433E-1 1.60424E-1 2.00586E-1 2.27331E-1 2.64058E-1 2.97641E-1 3.2944E-1 3.62019E-1 3.82427E-1 4.05993E-1 4.18265E-1 4.11262E-1 4.37034E-1 4.61717E-1 4.76528E-1 4.9758E-1 5.18381E-1 4.81722E-1 4.31761E-1 4.29864E-1 4.90337E-1 5.35408E-1 6.02932E-1 5.47084E-1 4.00742E-1 2.75062E-1 1.76737E-1 1.13779E-1 8.07819E-2 5.47384E-2 3.70569E-2 2.67899E-2 1.95989E-2 1.47337E-2 1.12156E-2 8.24297E-3 7.08261E-3 9.43865E-3 2.15058E-2 6.50057E-2 1.26459E-1 3.49031E-2 4.98106E-3 1.43948E-3 9.40057E-4
1.19135E-2 1.38982E-2 1.70724E-2 2.31539E-2 4.00653E-2 5.69868E-2 6.52376E-2 8.38028E-2 1.07902E-1 1.29209E-1 1.43718E-1 1.52259E-1 1.49671E-1 1.58323E-1 1.93472E-1 2.38558E-1 2.62061E-1 2.73135E-1 2.99412E-1 3.22525E-1 3.35384E-1 3.43891E-1 3.42619E-1 3.18007E-1 3.18861E-1 3.65099E-1 4.09638E-1 4.54764E-1 5.04018E-1 5.50503E-1 5.23474E-1 4.97704E-1 4.84643E-1 5.16087E-1 5.43321E-1 4.37631E-1 3.74868E-1 3.63413E-1 3.17513E-1 2.36762E-1 1.69238E-1 1.2233E-1 8.36298E-2 6.02763E-2 4.66816E-2 3.49551E-2 2.71476E-2 2.13562E-2 1.71555E-2 1.61824E-2 2.32739E-2 5.17838E-2 9.97638E-2 6.76457E-2 2.11572E-2 7.80907E-3 5.07749E-3 6.15793E-3
1.82875E-2 2.45373E-2 3.85489E-2 6.37938E-2 9.78394E-2 1.08839E-1 1.1857E-1 1.44844E-1 1.72319E-1 1.83982E-1 2.12989E-1 2.50598E-1 2.55885E-1 2.43913E-1 2.5362E-1 2.77913E-1 2.98235E-1 2.89673E-1 2.74741E-1 2.76248E-1 2.77614E-1 2.75709E-1 2.82885E-1 3.18851E-1 3.41566E-1 3.50721E-1 3.70819E-1 4.48331E-1 5.28766E-1 5.46769E-1 5.5329E-1 5.56508E-1 5.24468E-1 5.2805E-1 4.99776E-1 3.93449E-1 3.59952E-1 3.51451E-1 3.11394E-1 2.66901E-1 2.1463E-1 1.73959E-1 1.36199E-1 1.02058E-1 7.14002E-2 5.69682E-2 4.89288E-2 4.33716E-2 4.3963E-2 4.56371E-2 5.64634E-2 7.68667E-2 7.66882E-2 4.71186E-2 2.48879E-2 1.78497E-2 2.02655E-2 3.4517E-2
3.35198E-2 4.54128E-2 7.09384E-2 1.16398E-1 1.47569E-1 1.54281E-1 1.53553E-1 1.92948E-1 2.37172E-1 2.44919E-1 2.59055E-1 2.81424E-1 2.98165E-1 3.09454E-1 3.10823E-1 3.01781E-1 2.89892E-1 2.74989E-1 2.64781E-1 2.58116E-1 2.70253E-1 2.99438E-1 3.51435E-1 4.03899E-1 4.154E-1 4.42129E-1 4.33443E-1 4.6109E-1 5.26046E-1 5.40794E-1 5.27353E-1 5.25285E-1 5.24582E-1 5.69014E-1 5.22344E-1 4.54835E-1 4.14091E-1 3.82482E-1 3.45327E-1 3.07073E-1 2.78943E-1 2.32521E-1 2.10215E-1 1.85251E-1 1.363E-1 1.07709E-1 9.86722E-2 1.08512E-1 1.3099E-1 1.37647E-1 1.2674E-1 1.16768E-1 9.14041E-2 7.13171E-2 5.96318E-2 5.24771E-2 6.50043E-2 1.08854E-1
6.47318E-2 7.51187E-2 9.3787E-2 1.20171E-1 1.55164E-1 1.81536E-1 2.02461E-1 2.24497E-1 2.47932E-1 2.49879E-1 2.55937E-1 2.59192E-1 2.56347E-1 2.74651E-1 2.73187E-1 2.48259E-1 2.30615E-1 2.33195E-1 2.39608E-1 2.45553E-1 2.6616E-1 2.72311E-1 3.11082E-1 3.57021E-1 4.11864E-1 4.61725E-1 4.55856E-1 4.67934E-1 4.96117E-1 5.15719E-1 5.05972E-1 4.79333E-1 4.76311E-1 5.02577E-1 5.19586E-1 4.79684E-1 4.43626E-1 4.1793E-1 3.86756E-1 3.63828E-1 3.44046E-1 3.15035E-1 3.15303E-1 3.09088E-1 2.9828E-1 2.57513E-1 2.33425E-1 2.54972E-1 2.70138E-1 2.62065E-1 2.26431E-1 2.01009E-1 1.4834E-1 1.2013E-1 1.19726E-1 1.22977E-1 1.35224E-1 2.02501E-1
1.0493E-1 1.12204E-1 1.24675E-1 1.32932E-1 1.45681E-1 1.60304E-1 1.79699E-1 1.82248E-1 1.87708E-1 1.97953E-1 1.93715E-1 1.66232E-1 1.59768E-1 1.69058E-1 1.77532E-1 1.70842E-1 1.62656E-1 1.61996E-1 1.82355E-1 1.73084E-1 1.66321E-1 1.73431E-1 2.01942E-1 2.56918E-1 3.45936E-1 3.96353E-1 4.25109E-1 4.4176E-1 4.58834E-1 4.7827E-1 4.97026E-1 4.95982E-1 4.75001E-1 4.67206E-1 4.95559E-1 4.78259E-1 4.73441E-1 4.73364E-1 4.8847E-1 4.91275E-1 4.5135E-1 4.1993E-1 4.32253E-1 4.52872E-1 4.77539E-1 4.64749E-1 4.26373E-1 4.25137E-1 4.12607E-1 3.77376E-1 3.32814E-1 3.13703E-1 2.46635E-1 1.89143E-1 1.67026E-1 1.76432E-1 1.75488E-1 1.44082E-1
2.61071E-1 2.83679E-1 3.00664E-1 2.9535E-1 2.92072E-1 2.89784E-1 2.78267E-1 2.76607E-1 2.71053E-1 2.72585E-1 2.61454E-1 2.40286E-1 2.27004E-1 2.14768E-1 2.17451E-1 2.22218E-1 2.22186E-1 2.19027E-1 2.1447E-1 2.27906E-1 2.38873E-1 2.45723E-1 2.54601E-1 2.94322E-1 3.55849E-1 4.16717E-1 4.78854E-1 5.1113E-1 5.37361E-1 5.48207E-1 5.68118E-1 5.93028E-1 5.86439E-1 5.63825E-1 5.48995E-1 5.3993E-1 5.24494E-1 5.28209E-1 5.63959E-1 6.01783E-1 5.81043E-1 5.69452E-1 5.73925E-1 5.92277E-1 6.05779E-1 5.97178E-1 5.70035E-1 5.60158E-1 5.64427E-1 5.20645E-1 4.76294E-1 4.23319E-1 3.81011E-1 3.18473E-1 2.57396E-1 2.22113E-1 1.90403E-1 1.76694E-1
