data/Modelo 3/SPZn_median.asc
ncols         78
nrows         61
xllcorner     -149.5
yllcorner     -28.5
cellsize      1.0
NODATA_value  -9999
[rows 26 to 51 of 61, columns 0 to 57 of 78]
5.39212E-1 5.44336E-1 5.39829E-1 5.29822E-1 5.27544E-1 5.2602E-1 4.97844E-1 4.78719E-1 4.62963E-1 4.61621E-1 4.54468E-1 4.47623E-1 4.4007E-1 4.30313E-1 4.36682E-1 4.35562E-1 4.3644E-1 4.37505E-1 4.32238E-1 4.4194E-1 4.5985E-1 4.62976E-1 4.63842E-1 4.7531E-1 4.93171E-1 5.16967E-1 5.36239E-1 5.53686E-1 5.6375E-1 5.71175E-1 5.93555E-1 6.17006E-1 6.25282E-1 6.38053E-1 6.33499E-1 6.24375E-1 6.20121E-1 6.30236E-1 6.59379E-1 7.25321E-1 7.73674E-1 8.0324E-1 8.19791E-1 8.37481E-1 8.45436E-1 8.28045E-1 8.0854E-1 7.82312E-1 7.71958E-1 7.5041E-1 7.23153E-1 6.78564E-1 6.48024E-1 6.32772E-1 5.99309E-1 5.2004E-1 4.05608E-1 3.28407E-1
6.32563E-1 6.1134E-1 6.01044E-1 5.92695E-1 5.89406E-1 5.92321E-1 5.72319E-1 5.51682E-1 5.40401E-1 5.47572E-1 5.58499E-1 5.52261E-1 5.25944E-1 5.12827E-1 5.1118E-1 5.0716E-1 5.04942E-1 5.07883E-1 5.08442E-1 5.17379E-1 5.22823E-1 5.17052E-1 5.18065E-1 5.2241E-1 5.27183E-1 5.39907E-1 5.44117E-1 5.37189E-1 5.52273E-1 5.61517E-1 5.7711E-1 5.90252E-1 6.0757E-1 6.2314E-1 6.25539E-1 6.26796E-1 6.32875E-1 6.46165E-1 6.63892E-1 6.78127E-1 7.31446E-1 7.77871E-1 8.14634E-1 8.3655E-1 8.60888E-1 8.95029E-1 9.19281E-1 9.27145E-1 9.37224E-1 9.47124E-1 9.53047E-1 9.35459E-1 9.12167E-1 8.91616E-1 8.695E-1 8.1616E-1 7.13747E-1 6.32292E-1
6.02169E-1 5.849E-1 5.71802E-1 5.64744E-1 5.65527E-1 5.7111E-1 5.57495E-1 5.44247E-1 5.38896E-1 5.37505E-1 5.3945E-1 5.35816E-1 5.14977E-1 4.94667E-1 4.93827E-1 4.98468E-1 5.04319E-1 5.0069E-1 4.98688E-1 5.06801E-1 5.032E-1 4.88463E-1 4.82829E-1 4.86875E-1 4.92766E-1 5.04788E-1 5.02891E-1 5.02649E-1 5.24427E-1 5.34024E-1 5.50995E-1 5.6944E-1 5.88967E-1 6.02583E-1 6.18643E-1 6.40242E-1 6.59292E-1 6.73897E-1 6.84168E-1 6.89972E-1 7.11198E-1 7.23986E-1 7.51088E-1 7.70515E-1 7.86787E-1 8.20197E-1 8.55263E-1 8.86164E-1 9.09672E-1 9.3732E-1 9.55328E-1 9.59385E-1 9.58661E-1 9.55266E-1 9.54502E-1 9.48793E-1 9.41806E-1 9.33856E-1
5.68395E-1 5.53617E-1 5.39368E-1 5.36631E-1 5.42048E-1 5.48706E-1 5.42859E-1 5.32368E-1 5.26016E-1 5.12963E-1 4.98324E-1 4.93633E-1 4.92251E-1 4.90274E-1 4.93999E-1 4.93144E-1 4.90062E-1 4.82839E-1 4.79273E-1 4.76429E-1 4.73659E-1 4.71282E-1 4.72598E-1 4.75208E-1 4.78175E-1 4.85889E-1 4.87137E-1 4.92513E-1 5.02131E-1 5.11608E-1 5.17215E-1 5.31138E-1 5.47524E-1 5.6069E-1 5.7884E-1 5.93225E-1 6.04868E-1 6.17549E-1 6.31642E-1 6.35614E-1 6.36808E-1 6.50139E-1 6.74377E-1 6.95458E-1 7.15703E-1 7.54114E-1 7.9883E-1 8.35282E-1 8.69884E-1 8.99492E-1 9.10202E-1 9.09353E-1 9.09398E-1 9.13219E-1 9.21478E-1 9.34421E-1 9.45892E-1 9.48671E-1
5.26155E-1 5.1233E-1 4.97151E-1 4.88557E-1 4.84502E-1 4.8265E-1 4.78867E-1 4.72293E-1 4.71921E-1 4.68842E-1 4.71787E-1 4.73436E-1 4.74748E-1 4.75682E-1 4.78743E-1 4.85425E-1 4.96461E-1 5.06773E-1 5.15118E-1 5.21137E-1 5.27723E-1 5.30839E-1 5.31011E-1 5.32711E-1 5.34764E-1 5.35572E-1 5.35775E-1 5.31049E-1 5.32016E-1 5.36604E-1 5.39415E-1 5.39247E-1 5.42461E-1 5.48393E-1 5.57463E-1 5.66188E-1 5.66422E-1 5.66444E-1 5.66693E-1 5.71828E-1 5.77936E-1 5.8619E-1 5.95503E-1 6.0744E-1 6.27934E-1 6.59098E-1 6.92307E-1 7.19361E-1 7.42114E-1 7.58916E-1 7.68511E-1 7.73353E-1 7.77514E-1 7.89081E-1 8.1431E-1 8.40271E-1 8.50728E-1 8.52427E-1
5.00721E-1 5.05386E-1 5.12006E-1 5.07645E-1 5.09956E-1 5.21912E-1 5.10895E-1 4.98218E-1 5.05275E-1 5.11255E-1 5.05785E-1 4.93522E-1 4.8285E-1 4.8165E-1 4.84223E-1 4.83823E-1 4.84154E-1 5.02332E-1 5.13371E-1 5.11846E-1 5.10033E-1 5.01325E-1 4.91106E-1 4.9895E-1 5.02884E-1 4.92724E-1 4.88419E-1 4.80734E-1 4.80348E-1 4.76079E-1 4.80643E-1 4.82324E-1 4.79347E-1 4.91455E-1 4.99136E-1 4.9085E-1 4.80299E-1 4.87953E-1 4.93804E-1 4.84438E-1 4.78217E-1 4.91251E-1 5.09489E-1 5.27552E-1 5.41819E-1 5.52936E-1 5.71204E-1 5.73722E-1 5.66105E-1 5.66294E-1 5.76158E-1 5.78083E-1 5.69132E-1 5.63754E-1 5.77399E-1 6.0394E-1 6.16603E-1 6.17236E-1
4.08817E-1 4.06311E-1 3.97532E-1 3.83654E-1 3.76715E-1 3.79942E-1 3.79803E-1 3.82857E-1 3.92304E-1 3.96797E-1 3.85557E-1 3.69112E-1 3.61957E-1 3.58434E-1 3.54737E-1 3.50323E-1 3.50558E-1 3.5648E-1 3.61865E-1 3.63895E-1 3.58679E-1 3.60586E-1 3.62204E-1 3.60308E-1 3.5454E-1 3.45144E-1 3.3507E-1 3.2411E-1 3.16516E-1 3.10679E-1 3.13164E-1 3.17055E-1 3.18438E-1 3.23203E-1 3.23854E-1 3.15364E-1 3.12302E-1 3.15192E-1 3.16315E-1 3.04786E-1 2.94538E-1 2.98808E-1 3.11062E-1 3.20921E-1 3.36385E-1 3.56355E-1 3.77885E-1 3.88131E-1 3.8572E-1 3.83658E-1 3.87768E-1 3.93851E-1 3.95331E-1 4.01944E-1 4.4231E-1 4.75722E-1 4.69535E-1 4.21506E-1
4.53082E-1 4.44376E-1 4.29678E-1 4.11867E-1 3.96872E-1 3.91389E-1 3.90694E-1 3.88725E-1 3.84083E-1 3.79898E-1 3.69974E-1 3.5944E-1 3.53693E-1 3.48965E-1 3.41195E-1 3.36092E-1 3.36713E-1 3.3949E-1 3.4169E-1 3.41817E-1 3.41947E-1 3.41021E-1 3.41157E-1 3.31541E-1 3.09139E-1 2.95292E-1 2.8661E-1 2.73924E-1 2.56948E-1 2.44859E-1 2.37947E-1 2.39207E-1 2.43501E-1 2.46588E-1 2.46781E-1 2.46125E-1 2.4103E-1 2.35727E-1 2.33006E-1 2.31232E-1 2.3036E-1 2.25883E-1 2.26585E-1 2.31834E-1 2.42116E-1 2.53111E-1 2.5881E-1 2.61082E-1 2.59642E-1 2.50815E-1 2.43474E-1 2.47789E-1 2.5075E-1 2.54238E-1 2.76066E-1 3.08514E-1 3.37099E-1 4.0049E-1
5.72338E-1 5.7982E-1 5.79868E-1 5.78342E-1 5.82648E-1 5.87092E-1 5.8755E-1 5.8792E-1 5.8682E-1 5.93349E-1 6.00385E-1 6.02497E-1 5.9048E-1 5.68052E-1 5.46052E-1 5.48578E-1 5.53451E-1 5.54055E-1 5.41427E-1 5.36916E-1 5.32575E-1 5.19745E-1 5.12095E-1 5.11379E-1 5.05935E-1 4.87328E-1 4.68226E-1 4.55115E-1 4.44146E-1 4.41017E-1 4.32012E-1 4.24982E-1 4.38417E-1 4.41101E-1 4.35475E-1 4.25149E-1 3.95646E-1 3.86313E-1 3.69838E-1 3.34464E-1 3.19175E-1 3.02905E-1 2.96556E-1 3.02997E-1 3.14293E-1 3.22973E-1 3.1946E-1 3.15074E-1 3.19508E-1 3.18467E-1 3.07861E-1 3.0385E-1 2.99072E-1 2.77535E-1 2.62764E-1 2.60462E-1 2.59269E-1 2.59143E-1
6.00743E-1 5.83519E-1 5.64206E-1 5.43223E-1 5.34835E-1 5.36186E-1 5.37314E-1 5.43602E-1 5.4964E-1 5.60882E-1 5.65987E-1 5.69594E-1 5.80558E-1 5.90749E-1 5.91185E-1 5.95916E-1 6.03022E-1 6.14081E-1 6.25858E-1 6.37449E-1 6.4746E-1 6.58091E-1 6.63502E-1 6.75504E-1 6.85461E-1 6.70396E-1 6.62644E-1 6.61812E-1 6.5383E-1 6.45186E-1 6.30018E-1 6.2319E-1 6.31885E-1 6.21257E-1 5.98919E-1 5.83701E-1 5.6074E-1 5.42436E-1 5.17706E-1 4.87957E-1 4.76984E-1 4.68894E-1 4.67697E-1 4.83127E-1 4.98442E-1 4.9928E-1 4.93201E-1 4.89794E-1 4.93426E-1 5.01883E-1 5.02336E-1 4.86019E-1 4.40733E-1 3.65378E-1 2.99843E-1 2.67597E-1 2.61685E-1 2.75875E-1
6.23574E-1 6.04557E-1 5.81772E-1 5.57766E-1 5.42169E-1 5.29832E-1 5.20996E-1 5.1128E-1 4.98912E-1 4.95573E-1 4.90736E-1 4.9331E-1 4.99535E-1 5.07342E-1 5.12213E-1 5.22401E-1 5.33798E-1 5.43508E-1 5.55435E-1 5.7225E-1 5.87951E-1 5.97521E-1 6.03235E-1 6.13264E-1 6.24713E-1 6.30104E-1 6.38821E-1 6.4713E-1 6.54852E-1 6.66865E-1 6.78016E-1 6.87973E-1 6.97925E-1 7.05973E-1 7.11536E-1 6.9304E-1 6.51429E-1 6.29397E-1 6.23399E-1 6.17018E-1 6.10482E-1 5.97267E-1 5.82503E-1 5.94048E-1 6.05873E-1 5.89898E-1 5.82979E-1 5.88743E-1 5.82163E-1 5.52653E-1 5.30198E-1 5.19669E-1 5.09764E-1 4.93851E-1 4.78559E-1 4.87214E-1 4.96748E-1 5.12519E-1
6.14984E-1 5.92216E-1 5.74981E-1 5.59542E-1 5.47191E-1 5.35099E-1 5.23357E-1 5.12179E-1 5.00106E-1 4.82319E-1 4.64433E-1 4.5693E-1 4.58279E-1 4.65526E-1 4.74335E-1 4.8482E-1 4.95215E-1 5.02144E-1 5.09123E-1 5.16528E-1 5.2335E-1 5.36246E-1 5.51297E-1 5.63968E-1 5.74789E-1 5.80875E-1 5.85508E-1 5.92146E-1 6.00369E-1 6.08853E-1 6.19811E-1 6.29094E-1 6.39022E-1 6.50861E-1 6.62705E-1 6.74106E-1 6.85161E-1 6.92748E-1 6.9879E-1 7.07704E-1 7.16589E-1 7.2047E-1 7.1947E-1 7.23668E-1 7.36815E-1 7.33744E-1 7.13541E-1 6.97335E-1 6.96839E-1 6.67181E-1 6.20484E-1 6.04666E-1 6.16906E-1 6.39503E-1 6.49212E-1 6.7067E-1 6.97794E-1 6.96265E-1
5.12039E-1 5.00489E-1 4.85869E-1 4.7591E-1 4.69563E-1 4.60798E-1 4.4834E-1 4.40104E-1 4.4471E-1 4.42524E-1 4.27943E-1 4.07762E-1 4.00569E-1 4.08533E-1 4.24014E-1 4.41936E-1 4.58171E-1 4.6615E-1 4.71868E-1 4.79992E-1 4.92393E-1 5.10997E-1 5.21019E-1 5.26312E-1 5.3684E-1 5.4568E-1 5.50015E-1 5.54751E-1 5.62427E-1 5.76998E-1 5.8693E-1 5.96759E-1 6.07682E-1 6.18582E-1 6.27496E-1 6.37693E-1 6.52195E-1 6.61692E-1 6.60574E-1 6.68783E-1 6.81239E-1 6.85075E-1 6.90585E-1 6.99085E-1 7.12854E-1 7.31019E-1 7.41875E-1 7.59265E-1 7.80627E-1 7.90037E-1 7.92484E-1 7.95245E-1 7.98377E-1 8.0021E-1 7.98493E-1 7.92557E-1 7.86731E-1 7.75709E-1
4.67701E-1 4.60031E-1 4.40586E-1 4.21717E-1 4.11454E-1 4.04674E-1 3.99666E-1 4.01074E-1 4.04109E-1 3.96449E-1 3.76194E-1 3.57951E-1 3.47151E-1 3.42651E-1 3.38591E-1 3.39761E-1 3.51066E-1 3.579E-1 3.65177E-1 3.82017E-1 4.00946E-1 4.14375E-1 4.15696E-1 4.15693E-1 4.29135E-1 4.39997E-1 4.46864E-1 4.57818E-1 4.67021E-1 4.85073E-1 5.17513E-1 5.48478E-1 5.62467E-1 5.79859E-1 5.97912E-1 6.0751E-1 6.17553E-1 6.2822E-1 6.39131E-1 6.53567E-1 6.65594E-1 6.72692E-1 6.80056E-1 6.95031E-1 7.06701E-1 7.23598E-1 7.36027E-1 7.53312E-1 7.70833E-1 7.74088E-1 7.79067E-1 7.80867E-1 7.75062E-1 7.64892E-1 7.59446E-1 7.55014E-1 7.48722E-1 7.42695E-1
3.72333E-1 4.22648E-1 4.12974E-1 3.96429E-1 3.87555E-1 3.88094E-1 3.96442E-1 4.11821E-1 4.35439E-1 3.55483E-1 3.21211E-1 3.09139E-1 2.9706E-1 2.84506E-1 2.76178E-1 2.71265E-1 2.62605E-1 2.6879E-1 2.87916E-1 3.06735E-1 3.18979E-1 3.16627E-1 3.08135E-1 3.18931E-1 3.29375E-1 3.40201E-1 3.52044E-1 3.61545E-1 3.70247E-1 3.9155E-1 4.2704E-1 4.52913E-1 4.64278E-1 4.80838E-1 4.93366E-1 5.00229E-1 5.08454E-1 5.14287E-1 5.36413E-1 5.77712E-1 6.05987E-1 6.1671E-1 6.2746E-1 6.4969E-1 6.80492E-1 7.02517E-1 7.09601E-1 7.32447E-1 7.44514E-1 7.45928E-1 7.48969E-1 7.48846E-1 7.47861E-1 7.46947E-1 7.43503E-1 7.3687E-1 7.30549E-1 7.30079E-1
1.26836E-1 1.64564E-1 2.09234E-1 2.7706E-1 3.47662E-1 3.62418E-1 3.88356E-1 4.50913E-1 5.79621E-1 4.67885E-1 3.13574E-1 2.79165E-1 2.63379E-1 2.46158E-1 2.3784E-1 2.35375E-1 2.26263E-1 2.20206E-1 2.23711E-1 2.27016E-1 2.29715E-1 2.32534E-1 2.37151E-1 2.49218E-1 2.55884E-1 2.62467E-1 2.65785E-1 2.72263E-1 2.87404E-1 3.16669E-1 3.3458E-1 3.40992E-1 3.38692E-1 3.52133E-1 3.72621E-1 3.83045E-1 3.92575E-1 4.05442E-1 4.27305E-1 4.54831E-1 4.784E-1 4.90003E-1 5.03339E-1 5.22183E-1 5.56862E-1 5.95253E-1 6.18049E-1 6.69186E-1 6.98529E-1 7.09749E-1 7.21333E-1 7.2559E-1 7.30144E-1 7.32289E-1 7.28827E-1 7.22558E-1 7.17831E-1 7.171E-1
1.83704E-2 2.63574E-2 3.9876E-2 6.7255E-2 1.17698E-1 1.77166E-1 2.79182E-1 3.77841E-1 5.67229E-1 5.7965E-1 3.92767E-1 2.5955E-1 2.36507E-1 2.16087E-1 2.04206E-1 1.99914E-1 1.9516E-1 1.89655E-1 1.81116E-1 1.83618E-1 1.88993E-1 1.92217E-1 1.97561E-1 2.07011E-1 2.12802E-1 2.17957E-1 2.19758E-1 2.30567E-1 2.44412E-1 2.48648E-1 2.4961E-1 2.5785E-1 2.66517E-1 2.75232E-1 2.82831E-1 2.90458E-1 2.95041E-1 2.99885E-1 3.11651E-1 3.2616E-1 3.41182E-1 3.52931E-1 3.66676E-1 3.8146E-1 4.30622E-1 4.8341E-1 5.19769E-1 5.47431E-1 5.76856E-1 6.18903E-1 6.39958E-1 6.41246E-1 6.59141E-1 6.79592E-1 6.80495E-1 6.91695E-1 6.88294E-1 6.78413E-1
5.03672E-3 7.36329E-3 1.01935E-2 1.61305E-2 2.88676E-2 4.65844E-2 8.96961E-2 2.27806E-1 3.09374E-1 3.77648E-1 2.78124E-1 1.64572E-1 1.4854E-1 1.51362E-1 1.62947E-1 1.64341E-1 1.64209E-1 1.57051E-1 1.52134E-1 1.59619E-1 1.65484E-1 1.67857E-1 1.71759E-1 1.77072E-1 1.81477E-1 1.87086E-1 1.92751E-1 2.00044E-1 2.09233E-1 2.13776E-1 2.12382E-1 2.16808E-1 2.25552E-1 2.3345E-1 2.3544E-1 2.41385E-1 2.50162E-1 2.56922E-1 2.67291E-1 2.75655E-1 2.79309E-1 2.9061E-1 3.04264E-1 3.23706E-1 3.51087E-1 3.82174E-1 3.94742E-1 4.07026E-1 4.34936E-1 4.7591E-1 5.0757E-1 5.45751E-1 5.73359E-1 5.94441E-1 5.85856E-1 5.86327E-1 6.10189E-1 6.1952E-1
2.67978E-3 3.59897E-3 4.83606E-3 7.156E-3 1.13153E-2 1.93305E-2 3.40986E-2 5.80173E-2 8.82759E-2 1.15153E-1 9.19944E-2 5.7704E-2 5.62451E-2 5.72086E-2 6.55911E-2 7.55042E-2 8.82074E-2 1.06688E-1 1.24871E-1 1.39944E-1 1.47213E-1 1.53868E-1 1.5938E-1 1.64076E-1 1.67538E-1 1.70202E-1 1.76336E-1 1.83907E-1 1.91479E-1 1.9442E-1 1.98358E-1 2.0358E-1 2.07865E-1 2.15811E-1 2.18811E-1 2.26555E-1 2.35063E-1 2.39632E-1 2.4732E-1 2.52261E-1 2.56813E-1 2.67437E-1 2.76325E-1 2.89407E-1 3.04778E-1 3.21617E-1 3.35494E-1 3.43891E-1 3.60691E-1 3.78956E-1 4.01025E-1 4.29348E-1 4.54703E-1 4.70409E-1 4.50317E-1 4.63767E-1 5.04964E-1 5.40764E-1
1.80748E-3 2.21185E-3 2.9341E-3 4.11763E-3 6.01935E-3 9.04709E-3 1.44557E-2 1.78666E-2 2.12768E-2 2.44176E-2 2.6333E-2 2.17811E-2 2.10217E-2 2.1882E-2 2.35276E-2 2.60203E-2 2.82218E-2 3.51629E-2 5.1178E-2 7.23967E-2 8.7743E-2 1.07804E-1 1.18585E-1 1.28594E-1 1.36263E-1 1.42429E-1 1.49567E-1 1.42134E-1 1.42247E-1 1.44439E-1 1.71012E-1 1.84446E-1 1.78194E-1 1.86799E-1 2.00826E-1 2.11679E-1 2.14523E-1 2.12571E-1 2.1736E-1 2.16381E-1 2.28463E-1 2.36394E-1 2.35728E-1 2.42593E-1 2.604E-1 2.85474E-1 2.81733E-1 2.71001E-1 2.76335E-1 2.97744E-1 3.26022E-1 3.6692E-1 3.81611E-1 3.91086E-1 3.6832E-1 4.05352E-1 4.44846E-1 4.81015E-1
1.74082E-3 2.1236E-3 2.67883E-3 3.29618E-3 4.17272E-3 5.63913E-3 6.26989E-3 6.70933E-3 7.633E-3 9.03935E-3 9.67173E-3 9.00071E-3 8.70859E-3 9.19004E-3 9.13904E-3 9.44133E-3 1.02298E-2 1.2148E-2 1.72431E-2 2.41745E-2 3.15164E-2 4.11982E-2 4.89245E-2 5.55557E-2 6.05553E-2 6.3454E-2 6.49528E-2 5.04802E-2 4.2874E-2 4.97893E-2 6.3124E-2 7.09586E-2 6.55435E-2 8.61185E-2 1.12189E-1 1.31095E-1 1.48314E-1 1.57052E-1 1.6577E-1 1.78287E-1 1.94394E-1 2.02256E-1 2.04424E-1 2.06204E-1 2.14211E-1 2.21157E-1 2.21303E-1 2.21199E-1 2.24502E-1 2.36053E-1 2.49313E-1 2.61681E-1 2.57776E-1 2.4806E-1 2.58976E-1 2.96255E-1 3.41657E-1 3.98239E-1
2.99572E-3 3.8214E-3 4.09979E-3 4.4413E-3 4.54295E-3 4.20319E-3 3.98683E-3 3.91274E-3 3.96948E-3 4.27483E-3 4.463E-3 4.35757E-3 4.15492E-3 4.17853E-3 4.43088E-3 4.45534E-3 4.50723E-3 5.36296E-3 7.38204E-3 1.0069E-2 1.22969E-2 1.55844E-2 1.77399E-2 1.87429E-2 1.94729E-2 1.9289E-2 1.92676E-2 1.70187E-2 1.638E-2 1.83136E-2 1.96937E-2 2.01086E-2 2.0282E-2 2.63753E-2 3.79278E-2 4.87751E-2 6.24803E-2 8.09302E-2 9.94074E-2 1.16884E-1 1.31167E-1 1.43827E-1 1.43722E-1 1.44407E-1 1.50575E-1 1.56572E-1 1.71574E-1 1.88709E-1 1.953E-1 2.00952E-1 1.99344E-1 2.06004E-1 2.05678E-1 2.04617E-1 2.19128E-1 2.44779E-1 2.76112E-1 3.09241E-1
1.11731E-2 1.9897E-2 1.48007E-2 8.02176E-3 5.05678E-3 3.90849E-3 3.54864E-3 3.06597E-3 2.81058E-3 2.80923E-3 2.86071E-3 2.7067E-3 2.47885E-3 2.39096E-3 2.3708E-3 2.27938E-3 2.23957E-3 2.50643E-3 3.34697E-3 4.44177E-3 5.25028E-3 6.34678E-3 7.4059E-3 7.22322E-3 7.49267E-3 7.3433E-3 7.41125E-3 7.91462E-3 7.93934E-3 7.00592E-3 6.78091E-3 7.02494E-3 8.29483E-3 9.53744E-3 1.14799E-2 1.54973E-2 2.14767E-2 2.85435E-2 3.61964E-2 4.41051E-2 5.49278E-2 5.96275E-2 5.43993E-2 6.07553E-2 7.79217E-2 8.91178E-2 1.02311E-1 1.19572E-1 1.21912E-1 1.34533E-1 1.47283E-1 1.61203E-1 1.57643E-1 1.68635E-1 1.92462E-1 2.20942E-1 2.49276E-1 2.73625E-1
1.58843E-2 2.70668E-2 3.68505E-2 2.89138E-2 1.20751E-2 6.03556E-3 3.52272E-3 2.78564E-3 2.42198E-3 2.2583E-3 2.1409E-3 1.97903E-3 1.85296E-3 1.71879E-3 1.59595E-3 1.49702E-3 1.56957E-3 1.67991E-3 2.01393E-3 2.3655E-3 2.69066E-3 3.07627E-3 3.42809E-3 3.59927E-3 3.63539E-3 3.5189E-3 3.68418E-3 4.03018E-3 4.03408E-3 3.57182E-3 3.41057E-3 3.7808E-3 4.27724E-3 4.65749E-3 5.10746E-3 5.96132E-3 7.21189E-3 9.00213E-3 1.11684E-2 1.39517E-2 1.73584E-2 1.6697E-2 1.69923E-2 2.10264E-2 2.97015E-2 3.7614E-2 4.08275E-2 4.6764E-2 5.07356E-2 5.79619E-2 6.18658E-2 7.63037E-2 8.404E-2 1.06741E-1 1.3466E-1 1.53765E-1 1.88885E-1 2.00046E-1
8.02134E-3 1.32509E-2 2.35281E-2 2.38055E-2 1.22016E-2 6.25165E-3 3.28321E-3 2.55704E-3 2.16526E-3 1.89103E-3 1.69656E-3 1.57407E-3 1.46923E-3 1.3342E-3 1.18489E-3 1.23253E-3 1.28589E-3 1.35837E-3 1.4778E-3 1.56222E-3 1.7031E-3 1.8862E-3 1.93193E-3 2.13129E-3 2.2091E-3 2.16211E-3 2.25819E-3 2.38686E-3 2.41903E-3 2.34954E-3 2.39841E-3 2.61582E-3 2.77296E-3 2.91848E-3 2.98947E-3 3.27478E-3 3.80625E-3 4.43282E-3 5.24926E-3 6.66196E-3 7.69551E-3 7.7757E-3 8.30716E-3 9.42101E-3 1.21419E-2 1.55262E-2 1.77627E-2 1.9379E-2 2.0121E-2 2.37592E-2 2.85252E-2 3.65335E-2 3.77103E-2 4.93613E-2 7.05964E-2 8.06132E-2 9.25662E-2 1.0208E-1
4.34492E-3 5.27732E-3 6.31774E-3 6.97345E-3 4.42848E-3 3.66509E-3 3.0551E-3 2.48609E-3 1.97816E-3 1.64318E-3 1.39226E-3 1.26418E-3 1.21394E-3 1.16124E-3 1.13272E-3 1.1905E-3 1.22272E-3 1.24809E-3 1.27959E-3 1.31889E-3 1.39036E-3 1.46483E-3 1.58329E-3 1.71809E-3 1.75337E-3 1.74959E-3 1.77605E-3 1.85321E-3 1.87971E-3 1.91025E-3 1.98211E-3 2.04478E-3 2.13759E-3 2.26439E-3 2.33182E-3 2.52431E-3 2.74219E-3 3.04177E-3 3.44753E-3 3.96927E-3 4.44312E-3 4.86193E-3 5.59733E-3 6.31116E-3 7.11224E-3 8.33405E-3 9.8032E-3 1.04419E-2 1.20112E-2 1.43922E-2 1.69887E-2 1.91997E-2 2.0056E-2 2.37456E-2 3.23092E-2 3.14793E-2 3.29604E-2 3.90178E-2
