data/Modelo 3/SPZn_stddev.asc
ncols         78
nrows         61
xllcorner     -149.5
yllcorner     -28.5
cellsize      1.0
NODATA_value  -9999
[rows 26 to 51 of 61, columns 0 to 57 of 78]
2.36292E-2 2.01242E-2 1.97847E-2 1.93181E-2 1.9028E-2 1.87987E-2 1.78716E-2 1.7061E-2 1.61801E-2 1.57787E-2 1.56471E-2 1.5827E-2 1.60257E-2 1.64682E-2 1.63707E-2 1.63639E-2 1.59462E-2 1.58397E-2 1.66158E-2 1.6917E-2 1.67313E-2 1.69253E-2 1.67034E-2 1.66103E-2 1.67749E-2 1.68463E-2 1.72791E-2 1.78787E-2 1.84161E-2 1.88526E-2 1.94839E-2 2.02498E-2 2.04549E-2 2.11884E-2 2.13728E-2 2.10206E-2 2.02207E-2 2.04903E-2 2.12802E-2 2.52942E-2 2.28537E-2 2.27282E-2 2.0772E-2 1.94802E-2 1.80797E-2 1.74788E-2 1.90124E-2 1.56508E-2 1.18125E-2 1.01795E-2 1.19769E-2 1.56147E-2 1.78743E-2 2.78198E-2 4.14078E-2 3.99548E-2 3.81611E-2 3.76482E-2
2.38633E-2 2.29383E-2 2.23201E-2 2.17222E-2 2.14839E-2 2.15242E-2 2.07941E-2 1.97424E-2 1.91418E-2 1.9174E-2 1.92926E-2 1.9051E-2 1.84099E-2 1.8239E-2 1.83443E-2 1.80382E-2 1.76867E-2 1.75504E-2 1.74333E-2 1.75507E-2 1.80241E-2 1.8192E-2 1.83369E-2 1.84907E-2 1.86407E-2 1.89129E-2 1.89555E-2 1.89054E-2 1.89232E-2 1.88547E-2 1.88517E-2 1.88428E-2 1.86508E-2 1.84589E-2 1.86582E-2 1.92663E-2 2.0391E-2 2.10664E-2 2.13213E-2 2.13845E-2 1.853E-2 1.68484E-2 1.61878E-2 1.64636E-2 1.53145E-2 1.34297E-2 1.10932E-2 1.02826E-2 9.28749E-3 8.47408E-3 8.55316E-3 9.05271E-3 9.08019E-3 1.05838E-2 1.32243E-2 1.26613E-2 1.56612E-2 1.94639E-2
2.44398E-2 2.33708E-2 2.25971E-2 2.17463E-2 2.14543E-2 2.13456E-2 2.0604E-2 2.0208E-2 2.00561E-2 2.00761E-2 2.02681E-2 2.00677E-2 1.89968E-2 1.79844E-2 1.76096E-2 1.7579E-2 1.76252E-2 1.74299E-2 1.73189E-2 1.74236E-2 1.72376E-2 1.69716E-2 1.69799E-2 1.70003E-2 1.69738E-2 1.72185E-2 1.71881E-2 1.70648E-2 1.71759E-2 1.74625E-2 1.75983E-2 1.76731E-2 1.80432E-2 1.8398E-2 1.86629E-2 1.88652E-2 1.91503E-2 1.92301E-2 1.85676E-2 1.8012E-2 1.8487E-2 1.89056E-2 1.8787E-2 1.84509E-2 1.82312E-2 1.71347E-2 1.47957E-2 1.32146E-2 1.17938E-2 1.00232E-2 8.67494E-3 8.29966E-3 8.47228E-3 9.07746E-3 9.95014E-3 1.09856E-2 1.10682E-2 1.12849E-2
2.40412E-2 2.33839E-2 2.26833E-2 2.23934E-2 2.22576E-2 2.21658E-2 2.18763E-2 2.14117E-2 2.11125E-2 2.08997E-2 2.06082E-2 2.04267E-2 2.04796E-2 2.04236E-2 2.04124E-2 2.02237E-2 1.99076E-2 1.96669E-2 1.93402E-2 1.88573E-2 1.87851E-2 1.83572E-2 1.85613E-2 1.94977E-2 1.95172E-2 1.99277E-2 1.97711E-2 2.00221E-2 2.01108E-2 2.05885E-2 2.05813E-2 2.06188E-2 2.0861E-2 2.10838E-2 2.1278E-2 2.16551E-2 2.18032E-2 2.16568E-2 2.11463E-2 2.10321E-2 2.12372E-2 2.15893E-2 2.15787E-2 2.10338E-2 2.00608E-2 1.8656E-2 1.7035E-2 1.5451E-2 1.42313E-2 1.29723E-2 1.25997E-2 1.30562E-2 1.34259E-2 1.3651E-2 1.37525E-2 1.3314E-2 1.27633E-2 1.22397E-2
2.01461E-2 1.9718E-2 1.90752E-2 1.86171E-2 1.8372E-2 1.80858E-2 1.78379E-2 1.74188E-2 1.7043E-2 1.54928E-2 1.52617E-2 1.51845E-2 1.51976E-2 1.51766E-2 1.49869E-2 1.44685E-2 1.39081E-2 1.34973E-2 1.31739E-2 1.28674E-2 1.25922E-2 1.24119E-2 1.23483E-2 1.23134E-2 1.22971E-2 1.22964E-2 1.23065E-2 1.25094E-2 1.2734E-2 1.28394E-2 1.30474E-2 1.33905E-2 1.33942E-2 1.34744E-2 1.35864E-2 1.37122E-2 1.39642E-2 1.44406E-2 1.47649E-2 1.50173E-2 1.52987E-2 1.58772E-2 1.68953E-2 1.84447E-2 1.96628E-2 1.96166E-2 1.92283E-2 1.90538E-2 1.9212E-2 1.96176E-2 2.0239E-2 2.11306E-2 2.20667E-2 2.23816E-2 2.17602E-2 2.14811E-2 2.13709E-2 2.08565E-2
1.81304E-2 1.82795E-2 1.85681E-2 1.90567E-2 1.86767E-2 1.87957E-2 1.7682E-2 1.67391E-2 1.65769E-2 1.63006E-2 1.5532E-2 1.45299E-2 1.37855E-2 1.33827E-2 1.30173E-2 1.27597E-2 1.29547E-2 1.32337E-2 1.32574E-2 1.3068E-2 1.27143E-2 1.25025E-2 1.26045E-2 1.23196E-2 1.19756E-2 1.18971E-2 1.19299E-2 1.23414E-2 1.24447E-2 1.25183E-2 1.21441E-2 1.20148E-2 1.20265E-2 1.13449E-2 1.10497E-2 1.17773E-2 1.24187E-2 1.19581E-2 1.16518E-2 1.22386E-2 1.27682E-2 1.21823E-2 1.11634E-2 1.0729E-2 1.07578E-2 1.10887E-2 1.17059E-2 1.23426E-2 1.2824E-2 1.33721E-2 1.41186E-2 1.48219E-2 1.55976E-2 1.62085E-2 1.64453E-2 1.6541E-2 1.69483E-2 1.74261E-2
1.76908E-2 1.76652E-2 1.77964E-2 1.80798E-2 1.83519E-2 1.84841E-2 1.87852E-2 1.9068E-2 1.91118E-2 1.92336E-2 1.96832E-2 2.03915E-2 2.09111E-2 2.1322E-2 2.16636E-2 2.20123E-2 2.21212E-2 2.22302E-2 2.23742E-2 2.24192E-2 2.19944E-2 2.23606E-2 2.37967E-2 2.61966E-2 2.853E-2 2.9111E-2 2.7338E-2 2.68059E-2 2.64787E-2 2.63221E-2 2.64575E-2 2.66504E-2 2.67614E-2 2.69583E-2 2.71208E-2 2.63734E-2 2.62246E-2 2.63848E-2 2.65144E-2 2.65833E-2 2.7006E-2 2.71877E-2 2.71158E-2 2.71025E-2 2.73001E-2 2.82216E-2 2.8632E-2 2.88721E-2 2.88937E-2 2.88738E-2 2.90529E-2 2.91931E-2 2.92324E-2 2.94231E-2 3.07649E-2 3.16309E-2 2.97982E-2 3.09676E-2
2.04504E-2 1.99223E-2 1.95167E-2 1.94237E-2 1.95279E-2 1.96849E-2 1.99272E-2 2.02503E-2 2.06498E-2 2.10562E-2 2.16106E-2 2.23485E-2 2.29913E-2 2.33785E-2 2.28274E-2 2.30655E-2 2.36217E-2 2.44168E-2 2.56269E-2 2.67806E-2 2.7817E-2 2.93453E-2 2.99278E-2 2.78254E-2 2.70213E-2 2.63919E-2 2.5977E-2 2.5904E-2 2.62641E-2 2.68797E-2 2.75031E-2 2.79511E-2 2.83512E-2 2.88915E-2 2.9613E-2 3.02605E-2 3.1042E-2 3.20225E-2 3.29533E-2 3.38811E-2 3.4641E-2 3.53741E-2 3.57926E-2 3.59761E-2 3.58596E-2 3.54569E-2 3.51239E-2 3.50599E-2 3.5266E-2 3.59191E-2 3.64878E-2 3.65265E-2 3.67984E-2 3.78409E-2 3.88318E-2 4.10481E-2 5.05585E-2 6.42223E-2
2.29807E-2 2.26348E-2 2.22512E-2 2.19023E-2 2.16993E-2 2.15716E-2 2.15006E-2 2.14798E-2 2.168E-2 2.16501E-2 2.22696E-2 2.22864E-2 2.0991E-2 1.98789E-2 1.91381E-2 1.87968E-2 1.85372E-2 1.8327E-2 1.83479E-2 1.8449E-2 1.86775E-2 1.92739E-2 1.99291E-2 2.05083E-2 2.1137E-2 2.22536E-2 2.34194E-2 2.43678E-2 2.51955E-2 2.57952E-2 2.6353E-2 2.57558E-2 2.61277E-2 2.61763E-2 2.74853E-2 3.18309E-2 3.15568E-2 3.04542E-2 2.99114E-2 2.85196E-2 2.8614E-2 2.91717E-2 2.97305E-2 2.99234E-2 2.99987E-2 3.00114E-2 3.02322E-2 3.06167E-2 3.07293E-2 3.10557E-2 3.19474E-2 3.28273E-2 3.41168E-2 3.74082E-2 4.15072E-2 4.54197E-2 4.93574E-2 4.87001E-2
2.56531E-2 2.47763E-2 2.40145E-2 2.3599E-2 2.38341E-2 2.33624E-2 2.31308E-2 2.28482E-2 2.22553E-2 2.19527E-2 2.14935E-2 2.1061E-2 2.09173E-2 2.08415E-2 2.0625E-2 2.02637E-2 2.00574E-2 1.99455E-2 1.94903E-2 1.89836E-2 1.86358E-2 1.84841E-2 1.85184E-2 1.82882E-2 1.88389E-2 1.80435E-2 1.73572E-2 1.69712E-2 1.66087E-2 1.62438E-2 1.59947E-2 1.59623E-2 1.57665E-2 1.61212E-2 1.70877E-2 1.8136E-2 1.9539E-2 2.09226E-2 2.28409E-2 2.50618E-2 2.61334E-2 2.69804E-2 2.72662E-2 2.7098E-2 2.66213E-2 2.67751E-2 2.71956E-2 2.74686E-2 2.74868E-2 2.72585E-2 2.72642E-2 3.35511E-2 3.21196E-2 3.10796E-2 3.54287E-2 3.86642E-2 3.86064E-2 3.52703E-2
3.07023E-2 2.98881E-2 2.90402E-2 2.7865E-2 2.68595E-2 2.58188E-2 2.51379E-2 2.45766E-2 2.38397E-2 2.34086E-2 2.22834E-2 2.16432E-2 2.11075E-2 2.06501E-2 2.00322E-2 1.97142E-2 1.95198E-2 1.90796E-2 1.86472E-2 1.83166E-2 1.79698E-2 1.74757E-2 1.71945E-2 1.70635E-2 1.69468E-2 1.68208E-2 1.69015E-2 1.69245E-2 1.69516E-2 1.71585E-2 1.73569E-2 1.75504E-2 1.70176E-2 1.68644E-2 1.73132E-2 1.5764E-2 1.4854E-2 1.51818E-2 1.56736E-2 1.62029E-2 1.67903E-2 1.7835E-2 1.88211E-2 1.83935E-2 1.79931E-2 1.91039E-2 1.97197E-2 1.96217E-2 2.04282E-2 2.29322E-2 2.54945E-2 2.74556E-2 2.77087E-2 3.29851E-2 3.58342E-2 3.58724E-2 3.03067E-2 2.76216E-2
3.3899E-2 3.29777E-2 3.22844E-2 3.08696E-2 2.97527E-2 2.92218E-2 2.87275E-2 2.85048E-2 2.83468E-2 2.76118E-2 2.64336E-2 2.62117E-2 2.49682E-2 2.44514E-2 2.4009E-2 2.3867E-2 2.3764E-2 2.31156E-2 2.22587E-2 2.1448E-2 2.03967E-2 1.93279E-2 1.85839E-2 1.80512E-2 1.74299E-2 1.70365E-2 1.66152E-2 1.60724E-2 1.54569E-2 1.48097E-2 1.40948E-2 1.35629E-2 1.34251E-2 1.3429E-2 1.35455E-2 1.38868E-2 1.43511E-2 1.50863E-2 1.60758E-2 1.5423E-2 1.48989E-2 1.4984E-2 1.5602E-2 1.52318E-2 1.55213E-2 1.48899E-2 1.41214E-2 1.36399E-2 1.34882E-2 1.56805E-2 1.89942E-2 2.04862E-2 2.01655E-2 1.91555E-2 1.88493E-2 1.74467E-2 1.56126E-2 1.53009E-2
2.4889E-2 2.42434E-2 2.41452E-2 2.38823E-2 2.35733E-2 2.34069E-2 2.3251E-2 2.33841E-2 2.42009E-2 2.49223E-2 2.49174E-2 2.43591E-2 2.41607E-2 2.56062E-2 2.65678E-2 2.74214E-2 2.77391E-2 2.74758E-2 2.72353E-2 2.66677E-2 2.61819E-2 2.60787E-2 2.57503E-2 2.55511E-2 2.58573E-2 2.62821E-2 2.56908E-2 2.43603E-2 2.33633E-2 2.30786E-2 2.1804E-2 1.99623E-2 1.83869E-2 1.70651E-2 1.57167E-2 1.45273E-2 1.3695E-2 1.30147E-2 1.26064E-2 1.27771E-2 1.2773E-2 1.20788E-2 1.13398E-2 1.06746E-2 1.03116E-2 1.03169E-2 1.09107E-2 1.18358E-2 1.25767E-2 1.32847E-2 1.37725E-2 1.42673E-2 1.41126E-2 1.38174E-2 1.32318E-2 1.24759E-2 1.15731E-2 1.14964E-2
2.35474E-2 2.29213E-2 2.15565E-2 2.06026E-2 1.98162E-2 1.96053E-2 1.97895E-2 1.98788E-2 2.0092E-2 1.99664E-2 1.93025E-2 1.88729E-2 1.87025E-2 1.89651E-2 1.93555E-2 1.99943E-2 2.0232E-2 2.03973E-2 2.02193E-2 2.08454E-2 2.19998E-2 2.29749E-2 2.27387E-2 2.22381E-2 2.2986E-2 2.34426E-2 2.33881E-2 2.34547E-2 2.37657E-2 2.49508E-2 2.67367E-2 2.79267E-2 2.69101E-2 2.58064E-2 2.52896E-2 2.47345E-2 2.42287E-2 2.41663E-2 2.41933E-2 2.36584E-2 2.2017E-2 2.02501E-2 1.79917E-2 1.61356E-2 1.47354E-2 1.40006E-2 1.25698E-2 1.0976E-2 1.05405E-2 9.88067E-3 9.46856E-3 9.50429E-3 9.86646E-3 1.03627E-2 1.05827E-2 1.05223E-2 1.05539E-2 1.0676E-2
2.84885E-2 3.07073E-2 2.82893E-2 2.49431E-2 2.32491E-2 2.16557E-2 1.98904E-2 1.97557E-2 2.1316E-2 1.9488E-2 1.82259E-2 1.73363E-2 1.66228E-2 1.57431E-2 1.60698E-2 1.64174E-2 1.58873E-2 1.565E-2 1.62958E-2 1.69573E-2 1.81594E-2 1.88345E-2 1.84993E-2 1.8798E-2 1.83179E-2 1.78756E-2 1.81967E-2 1.84401E-2 1.8504E-2 1.94429E-2 2.06063E-2 2.14849E-2 2.17866E-2 2.25586E-2 2.29435E-2 2.30249E-2 2.32072E-2 2.31451E-2 2.42131E-2 2.65714E-2 2.758E-2 2.76344E-2 2.60124E-2 2.51115E-2 2.44273E-2 2.38671E-2 2.19812E-2 1.99248E-2 1.73057E-2 1.49433E-2 1.38581E-2 1.4342E-2 1.5076E-2 1.53467E-2 1.51851E-2 1.54344E-2 1.58655E-2 1.60526E-2
1.76784E-2 2.12451E-2 2.4209E-2 2.77884E-2 2.97052E-2 2.80885E-2 2.42162E-2 2.1383E-2 2.76957E-2 2.22621E-2 1.91097E-2 2.0261E-2 2.07899E-2 1.97642E-2 1.95076E-2 1.86374E-2 1.6197E-2 1.5E-2 1.53578E-2 1.61512E-2 1.67741E-2 1.85732E-2 1.8267E-2 1.77067E-2 1.67839E-2 1.54992E-2 1.49966E-2 1.55009E-2 1.44075E-2 1.43408E-2 1.54115E-2 1.63148E-2 1.60717E-2 1.6632E-2 1.68936E-2 1.71905E-2 1.76303E-2 1.83488E-2 1.90568E-2 1.97896E-2 2.03666E-2 2.07587E-2 2.12185E-2 2.15219E-2 2.25104E-2 2.3917E-2 2.50841E-2 2.63375E-2 2.52586E-2 2.3261E-2 2.21795E-2 2.24401E-2 2.27346E-2 2.13583E-2 2.04796E-2 1.98166E-2 2.01145E-2 2.0344E-2
2.28246E-3 3.40016E-3 5.22536E-3 8.70101E-3 1.47686E-2 2.22444E-2 2.73367E-2 2.18782E-2 2.76362E-2 2.89525E-2 1.79198E-2 2.01453E-2 2.0208E-2 1.98421E-2 1.9042E-2 1.71809E-2 1.5317E-2 1.40027E-2 1.34065E-2 1.40282E-2 1.55871E-2 1.64078E-2 1.57342E-2 1.60405E-2 1.58077E-2 1.50535E-2 1.52947E-2 1.68854E-2 1.66847E-2 1.5633E-2 1.72861E-2 1.93047E-2 1.90484E-2 1.79073E-2 1.74354E-2 1.77045E-2 1.80889E-2 1.79561E-2 1.61982E-2 1.67122E-2 1.73348E-2 1.6218E-2 1.55998E-2 1.52975E-2 1.61783E-2 1.97075E-2 2.05879E-2 2.17279E-2 2.18299E-2 2.22944E-2 2.19285E-2 2.15226E-2 2.18999E-2 2.15112E-2 2.02648E-2 2.00034E-2 1.98208E-2 1.94925E-2
5.81121E-4 8.57461E-4 1.20474E-3 1.95573E-3 3.6744E-3 6.0881E-3 1.1774E-2 2.85621E-2 2.41235E-2 1.78632E-2 1.65458E-2 1.83264E-2 1.64008E-2 1.68564E-2 1.77741E-2 1.58196E-2 1.48655E-2 1.30448E-2 1.16582E-2 1.1404E-2 1.23464E-2 1.29742E-2 1.24519E-2 1.31468E-2 1.45091E-2 1.49284E-2 1.49217E-2 1.57222E-2 1.54401E-2 1.53007E-2 1.66927E-2 1.79945E-2 1.85816E-2 1.94534E-2 2.11919E-2 2.19458E-2 2.17166E-2 2.34437E-2 2.40924E-2 2.57884E-2 2.67998E-2 2.61447E-2 2.38855E-2 2.23541E-2 1.99831E-2 1.86379E-2 1.77095E-2 1.58503E-2 1.52105E-2 1.70365E-2 1.94257E-2 2.18879E-2 2.21768E-2 2.24232E-2 2.16004E-2 2.13957E-2 2.17944E-2 2.14094E-2
3.3537E-4 4.45257E-4 5.99491E-4 9.1222E-4 1.48947E-3 2.61277E-3 4.85457E-3 7.34933E-3 1.09506E-2 1.39424E-2 1.06581E-2 6.40966E-3 6.10145E-3 6.12654E-3 6.93525E-3 8.06192E-3 9.7918E-3 1.22406E-2 1.3169E-2 1.25924E-2 1.35404E-2 1.42483E-2 1.37473E-2 1.36828E-2 1.44381E-2 1.45772E-2 1.47072E-2 1.49495E-2 1.60057E-2 1.60192E-2 1.71038E-2 1.80188E-2 1.84697E-2 1.97546E-2 2.20343E-2 2.35089E-2 2.46534E-2 2.60264E-2 2.80886E-2 3.03461E-2 3.04927E-2 2.97773E-2 2.88728E-2 2.74532E-2 2.71759E-2 2.85732E-2 2.82076E-2 2.79092E-2 2.82262E-2 2.8279E-2 2.76333E-2 2.63349E-2 2.54173E-2 2.47532E-2 2.80879E-2 2.7908E-2 2.52196E-2 2.2755E-2
2.31993E-4 2.86456E-4 3.89928E-4 5.75742E-4 8.84919E-4 1.39688E-3 2.1212E-3 2.37865E-3 2.72485E-3 2.99431E-3 3.11702E-3 2.44238E-3 2.27234E-3 2.28149E-3 2.40507E-3 2.63255E-3 2.91461E-3 3.66372E-3 5.33463E-3 7.73404E-3 9.61881E-3 1.20378E-2 1.30777E-2 1.42817E-2 1.5178E-2 1.58466E-2 1.6713E-2 1.59468E-2 1.57768E-2 1.59497E-2 1.89848E-2 2.04943E-2 1.99332E-2 2.10807E-2 2.26708E-2 2.45273E-2 2.58152E-2 2.5279E-2 2.63288E-2 2.60621E-2 2.76949E-2 2.90546E-2 2.81187E-2 2.79444E-2 3.0256E-2 3.3744E-2 3.22725E-2 2.99526E-2 3.10692E-2 3.42784E-2 3.77793E-2 4.27566E-2 4.21919E-2 4.40411E-2 4.08387E-2 4.31583E-2 4.022E-2 3.76719E-2
2.25212E-4 2.88996E-4 3.90145E-4 5.09553E-4 6.82226E-4 9.64532E-4 9.36353E-4 9.6999E-4 1.05184E-3 1.18443E-3 1.21208E-3 1.0716E-3 9.79748E-4 9.68907E-4 9.21189E-4 9.50569E-4 1.03669E-3 1.17922E-3 1.71087E-3 2.47462E-3 3.20297E-3 4.24935E-3 5.13145E-3 5.84767E-3 6.3391E-3 6.65703E-3 6.8585E-3 5.19679E-3 4.28645E-3 5.0644E-3 6.58068E-3 7.59834E-3 6.96534E-3 9.45524E-3 1.26696E-2 1.493E-2 1.71325E-2 1.78331E-2 1.87748E-2 2.01629E-2 2.26008E-2 2.46111E-2 2.50803E-2 2.42745E-2 2.57966E-2 2.67263E-2 2.5862E-2 2.57692E-2 2.62164E-2 2.89452E-2 3.1514E-2 3.26664E-2 3.07944E-2 3.04575E-2 3.07246E-2 3.35811E-2 3.83228E-2 4.45041E-2
4.37046E-4 5.97203E-4 6.80068E-4 7.5228E-4 7.80697E-4 6.36931E-4 5.85465E-4 5.60545E-4 5.53006E-4 5.82287E-4 5.83686E-4 5.40017E-4 4.83523E-4 4.66078E-4 4.69393E-4 4.59893E-4 4.55065E-4 5.27787E-4 7.27837E-4 1.0058E-3 1.19915E-3 1.47813E-3 1.70359E-3 1.78617E-3 1.82941E-3 1.80533E-3 1.8051E-3 1.58949E-3 1.47695E-3 1.64269E-3 1.76198E-3 1.82E-3 1.86539E-3 2.53518E-3 3.93016E-3 5.25559E-3 6.90175E-3 9.21986E-3 1.16471E-2 1.38196E-2 1.53398E-2 1.64235E-2 1.62971E-2 1.66192E-2 1.76963E-2 1.87503E-2 2.13605E-2 2.41432E-2 2.53394E-2 2.62669E-2 2.61963E-2 2.65516E-2 2.56202E-2 2.45711E-2 2.62063E-2 2.938E-2 3.33725E-2 3.76535E-2
1.73678E-3 2.93166E-3 2.03667E-3 1.18259E-3 7.562E-4 5.70125E-4 5.04727E-4 4.22471E-4 3.8227E-4 3.72506E-4 3.64112E-4 3.30742E-4 2.95342E-4 2.75113E-4 2.61963E-4 2.45822E-4 2.46699E-4 2.78038E-4 3.62992E-4 4.61421E-4 5.34657E-4 6.26913E-4 7.01639E-4 6.64262E-4 6.78244E-4 6.65535E-4 6.53146E-4 6.9365E-4 6.89159E-4 6.22807E-4 6.00241E-4 6.11688E-4 7.28997E-4 8.53385E-4 1.04173E-3 1.43417E-3 2.08159E-3 2.86455E-3 3.7136E-3 4.63528E-3 5.90499E-3 6.40585E-3 5.72003E-3 6.58651E-3 9.21494E-3 1.09447E-2 1.29933E-2 1.59984E-2 1.64478E-2 1.83659E-2 2.06414E-2 2.27205E-2 2.07458E-2 2.17014E-2 2.59159E-2 3.07929E-2 3.55167E-2 3.86769E-2
1.92352E-3 3.16962E-3 4.37596E-3 3.37601E-3 1.45879E-3 7.73534E-4 4.66076E-4 3.59624E-4 3.03744E-4 2.81809E-4 2.73059E-4 2.42706E-4 2.12487E-4 1.88698E-4 1.74571E-4 1.63001E-4 1.7256E-4 1.9061E-4 2.24124E-4 2.60615E-4 2.95624E-4 3.32438E-4 3.58711E-4 3.72512E-4 3.59671E-4 3.40743E-4 3.52956E-4 3.73624E-4 3.67075E-4 3.2849E-4 3.14926E-4 3.38532E-4 3.816E-4 4.14627E-4 4.50057E-4 5.16958E-4 6.26305E-4 7.96363E-4 1.01942E-3 1.32335E-3 1.70749E-3 1.65718E-3 1.70573E-3 2.18373E-3 3.47027E-3 4.77434E-3 5.71181E-3 6.70788E-3 7.45572E-3 8.60148E-3 8.90623E-3 1.1829E-2 1.26017E-2 1.56535E-2 2.15325E-2 2.5504E-2 3.15907E-2 3.18028E-2
9.58725E-4 1.47701E-3 2.60427E-3 2.69765E-3 1.33679E-3 6.90113E-4 3.77956E-4 3.00916E-4 2.605E-4 2.21849E-4 2.05506E-4 1.9231E-4 1.71452E-4 1.47514E-4 1.31432E-4 1.36044E-4 1.40304E-4 1.47068E-4 1.62638E-4 1.79157E-4 1.98298E-4 2.16867E-4 2.17426E-4 2.29075E-4 2.25207E-4 2.14865E-4 2.18842E-4 2.31557E-4 2.29604E-4 2.21985E-4 2.27221E-4 2.42752E-4 2.52571E-4 2.63001E-4 2.63077E-4 2.85489E-4 3.34782E-4 3.9394E-4 4.89933E-4 6.70376E-4 7.98312E-4 7.89288E-4 8.59128E-4 1.04823E-3 1.72029E-3 2.42403E-3 2.7131E-3 3.12387E-3 3.31103E-3 3.9627E-3 4.64908E-3 6.03199E-3 6.3017E-3 8.26878E-3 1.27853E-2 1.46629E-2 1.68595E-2 1.82363E-2
4.71468E-4 5.64099E-4 6.72254E-4 7.38406E-4 4.72208E-4 3.92055E-4 3.27517E-4 2.70912E-4 2.18817E-4 1.82917E-4 1.57029E-4 1.47322E-4 1.44436E-4 1.3159E-4 1.2499E-4 1.2532E-4 1.26433E-4 1.27955E-4 1.34411E-4 1.41706E-4 1.50257E-4 1.59257E-4 1.68083E-4 1.76466E-4 1.79344E-4 1.79132E-4 1.78808E-4 1.799E-4 1.82794E-4 1.87421E-4 1.92409E-4 1.97222E-4 2.01024E-4 2.10266E-4 2.11967E-4 2.3025E-4 2.60033E-4 3.22836E-4 3.78889E-4 4.26306E-4 4.77508E-4 5.29496E-4 6.26314E-4 7.80713E-4 1.0579E-3 1.24207E-3 1.48431E-3 1.65954E-3 1.9781E-3 2.37727E-3 2.92959E-3 3.43597E-3 3.55368E-3 4.05568E-3 5.7721E-3 5.77021E-3 6.04197E-3 7.20056E-3
