data/Modelo 3/SPZn_max.asc
ncols         78
nrows         61
xllcorner     -149.5
yllcorner     -28.5
cellsize      1.0
NODATA_value  -9999
[rows 26 to 51 of 61, columns 0 to 57 of 78]
5.68326E-1 5.64205E-1 5.58793E-1 5.51282E-1 5.47914E-1 5.44458E-1 5.23104E-1 5.04934E-1 4.87442E-1 4.83542E-1 4.7667E-1 4.71687E-1 4.64744E-1 4.55905E-1 4.61082E-1 4.59158E-1 4.59055E-1 4.62192E-1 4.58869E-1 4.68691E-1 4.85361E-1 4.89485E-1 4.9012E-1 5.00526E-1 5.18322E-1 5.43531E-1 5.63673E-1 5.76128E-1 5.88981E-1 5.98984E-1 6.23677E-1 6.50155E-1 6.59388E-1 6.75186E-1 6.72234E-1 6.62842E-1 6.55877E-1 6.64315E-1 6.97679E-1 7.73142E-1 8.21147E-1 8.4665E-1 8.59262E-1 8.69789E-1 8.65647E-1 8.42717E-1 8.20912E-1 7.92847E-1 7.80623E-1 7.65188E-1 7.42438E-1 7.07578E-1 6.88961E-1 6.83003E-1 6.61347E-1 5.7061E-1 4.55519E-1 3.7791E-1
6.49227E-1 6.26936E-1 6.13278E-1 6.02157E-1 5.9912E-1 6.02072E-1 5.82871E-1 5.67095E-1 5.55691E-1 5.60262E-1 5.70737E-1 5.68918E-1 5.44664E-1 5.28967E-1 5.26242E-1 5.23547E-1 5.22072E-1 5.25734E-1 5.27345E-1 5.36381E-1 5.41103E-1 5.35909E-1 5.3606E-1 5.41311E-1 5.47373E-1 5.60094E-1 5.64198E-1 5.58352E-1 5.7537E-1 5.86847E-1 6.04082E-1 6.18012E-1 6.36683E-1 6.52974E-1 6.54967E-1 6.55328E-1 6.59938E-1 6.76715E-1 6.95463E-1 7.0975E-1 7.63468E-1 8.09334E-1 8.39126E-1 8.59362E-1 8.83871E-1 9.10833E-1 9.30203E-1 9.3779E-1 9.45765E-1 9.51454E-1 9.56448E-1 9.39894E-1 9.21328E-1 9.07774E-1 8.90254E-1 8.3815E-1 7.37477E-1 6.66768E-1
6.24533E-1 6.05768E-1 5.90858E-1 5.79308E-1 5.78224E-1 5.83493E-1 5.73161E-1 5.6276E-1 5.57685E-1 5.55809E-1 5.57574E-1 5.55404E-1 5.36113E-1 5.17038E-1 5.14763E-1 5.1735E-1 5.22397E-1 5.19412E-1 5.17952E-1 5.26137E-1 5.23857E-1 5.10816E-1 5.06669E-1 5.11439E-1 5.17475E-1 5.30737E-1 5.29534E-1 5.29816E-1 5.51159E-1 5.62319E-1 5.79341E-1 5.97788E-1 6.18481E-1 6.33468E-1 6.49199E-1 6.71029E-1 6.91278E-1 7.07103E-1 7.15795E-1 7.2274E-1 7.46227E-1 7.63212E-1 7.86037E-1 8.03569E-1 8.17399E-1 8.41892E-1 8.75773E-1 9.01474E-1 9.19614E-1 9.42378E-1 9.58732E-1 9.64992E-1 9.66812E-1 9.66352E-1 9.66457E-1 9.60458E-1 9.52771E-1 9.48639E-1
5.82892E-1 5.67981E-1 5.54926E-1 5.51203E-1 5.53814E-1 5.59777E-1 5.5536E-1 5.45423E-1 5.37522E-1 5.24163E-1 5.1093E-1 5.0763E-1 5.07459E-1 5.06389E-1 5.10321E-1 5.10775E-1 5.0921E-1 5.02396E-1 4.96458E-1 4.92492E-1 4.90411E-1 4.8857E-1 4.91946E-1 4.99966E-1 5.06591E-1 5.13955E-1 5.1368E-1 5.21893E-1 5.34179E-1 5.44494E-1 5.51325E-1 5.64879E-1 5.80296E-1 5.95981E-1 6.17383E-1 6.3553E-1 6.4817E-1 6.61176E-1 6.74325E-1 6.78394E-1 6.77811E-1 6.91806E-1 7.15869E-1 7.35509E-1 7.52925E-1 7.84158E-1 8.22018E-1 8.53756E-1 8.82847E-1 9.08082E-1 9.18719E-1 9.20764E-1 9.22816E-1 9.28055E-1 9.3726E-1 9.51561E-1 9.61822E-1 9.62658E-1
5.41655E-1 5.25101E-1 5.08419E-1 4.98185E-1 4.92796E-1 4.9055E-1 4.86922E-1 4.79336E-1 4.76511E-1 4.76569E-1 4.78523E-1 4.80203E-1 4.80703E-1 4.80921E-1 4.84119E-1 4.92691E-1 5.05389E-1 5.16714E-1 5.25838E-1 5.33085E-1 5.40789E-1 5.46185E-1 5.48406E-1 5.50681E-1 5.53457E-1 5.55591E-1 5.56619E-1 5.53492E-1 5.55457E-1 5.60448E-1 5.63326E-1 5.6464E-1 5.68246E-1 5.73453E-1 5.8161E-1 5.89592E-1 5.90078E-1 5.8986E-1 5.90123E-1 5.94758E-1 6.00385E-1 6.07722E-1 6.18081E-1 6.30166E-1 6.53204E-1 6.85126E-1 7.15596E-1 7.4038E-1 7.62498E-1 7.79359E-1 7.9043E-1 7.96895E-1 8.03414E-1 8.18673E-1 8.47457E-1 8.75581E-1 8.79671E-1 8.78739E-1
5.24458E-1 5.30744E-1 5.37213E-1 5.35101E-1 5.36977E-1 5.48516E-1 5.36699E-1 5.23367E-1 5.30132E-1 5.35834E-1 5.2977E-1 5.16746E-1 5.05325E-1 5.03304E-1 5.05047E-1 5.03754E-1 5.04386E-1 5.20418E-1 5.30603E-1 5.30248E-1 5.25611E-1 5.10437E-1 4.96727E-1 5.03205E-1 5.06326E-1 4.98121E-1 4.96865E-1 4.93424E-1 4.95527E-1 4.92824E-1 4.97352E-1 4.99228E-1 4.9698E-1 5.08009E-1 5.16008E-1 5.09027E-1 5.01321E-1 5.08521E-1 5.13853E-1 5.07282E-1 5.03495E-1 5.1601E-1 5.35844E-1 5.51604E-1 5.66171E-1 5.78749E-1 5.93098E-1 5.94601E-1 5.88527E-1 5.89023E-1 5.97453E-1 5.99313E-1 5.92183E-1 5.86765E-1 5.96486E-1 6.18022E-1 6.30297E-1 6.32269E-1
4.37721E-1 4.34096E-1 4.23684E-1 4.10564E-1 4.01539E-1 4.04293E-1 4.03049E-1 4.05117E-1 4.14312E-1 4.18016E-1 4.09084E-1 3.95627E-1 3.90408E-1 3.88247E-1 3.857E-1 3.82394E-1 3.83349E-1 3.89721E-1 3.95682E-1 3.98607E-1 3.98025E-1 4.00164E-1 4.02354E-1 4.03805E-1 4.04583E-1 3.98589E-1 3.80888E-1 3.6858E-1 3.57089E-1 3.48214E-1 3.50537E-1 3.54935E-1 3.56024E-1 3.61339E-1 3.609E-1 3.48251E-1 3.42848E-1 3.45543E-1 3.45936E-1 3.30333E-1 3.20546E-1 3.25229E-1 3.37369E-1 3.47579E-1 3.63751E-1 3.85101E-1 4.08508E-1 4.18392E-1 4.159E-1 4.1392E-1 4.18248E-1 4.24318E-1 4.25414E-1 4.30686E-1 4.64274E-1 5.05701E-1 4.9051E-1 4.51259E-1
4.87748E-1 4.79231E-1 4.62182E-1 4.41975E-1 4.25545E-1 4.21281E-1 4.19407E-1 4.15818E-1 4.09072E-1 4.03759E-1 3.96351E-1 3.88592E-1 3.84983E-1 3.81914E-1 3.78773E-1 3.78645E-1 3.82176E-1 3.86013E-1 3.88878E-1 3.91165E-1 3.94829E-1 3.9888E-1 4.00684E-1 3.79796E-1 3.53829E-1 3.36569E-1 3.25533E-1 3.09843E-1 2.9036E-1 2.74401E-1 2.65644E-1 2.66448E-1 2.70853E-1 2.73711E-1 2.7306E-1 2.71437E-1 2.6571E-1 2.61015E-1 2.58986E-1 2.57949E-1 2.57592E-1 2.53343E-1 2.54019E-1 2.59281E-1 2.69738E-1 2.80915E-1 2.87027E-1 2.89727E-1 2.88652E-1 2.79846E-1 2.72359E-1 2.76647E-1 2.79181E-1 2.82161E-1 3.02965E-1 3.31179E-1 3.47003E-1 4.31271E-1
6.0771E-1 6.14993E-1 6.16485E-1 6.15863E-1 6.18565E-1 6.21751E-1 6.2227E-1 6.22662E-1 6.21714E-1 6.2785E-1 6.34537E-1 6.38403E-1 6.25505E-1 6.02361E-1 5.79177E-1 5.7909E-1 5.82221E-1 5.82012E-1 5.68121E-1 5.62873E-1 5.58074E-1 5.44857E-1 5.35767E-1 5.33115E-1 5.29714E-1 5.14994E-1 4.99421E-1 4.88923E-1 4.80113E-1 4.78455E-1 4.71716E-1 4.7079E-1 4.82155E-1 4.87542E-1 4.841E-1 4.76837E-1 4.54057E-1 4.38209E-1 4.17948E-1 3.75364E-1 3.55204E-1 3.37631E-1 3.29495E-1 3.36232E-1 3.486E-1 3.57908E-1 3.53154E-1 3.47384E-1 3.51833E-1 3.49761E-1 3.3647E-1 3.32131E-1 3.27566E-1 3.06328E-1 2.91035E-1 2.85781E-1 2.76586E-1 2.75714E-1
6.39249E-1 6.21053E-1 5.99295E-1 5.75163E-1 5.66676E-1 5.70552E-1 5.75259E-1 5.80018E-1 5.83651E-1 5.9256E-1 5.98602E-1 6.04932E-1 6.18765E-1 6.31646E-1 6.35279E-1 6.39112E-1 6.46028E-1 6.5829E-1 6.66857E-1 6.75724E-1 6.82386E-1 6.87171E-1 6.91984E-1 7.02742E-1 7.1203E-1 6.98549E-1 6.90298E-1 6.8902E-1 6.80934E-1 6.71855E-1 6.51154E-1 6.43284E-1 6.51561E-1 6.39853E-1 6.178E-1 6.00895E-1 5.82584E-1 5.68547E-1 5.48966E-1 5.24838E-1 5.18217E-1 5.13683E-1 5.14818E-1 5.29452E-1 5.43065E-1 5.44653E-1 5.40972E-1 5.3933E-1 5.42906E-1 5.50333E-1 5.4427E-1 5.34212E-1 4.89776E-1 3.97456E-1 3.28891E-1 2.95049E-1 2.87281E-1 3.03078E-1
6.63048E-1 6.41716E-1 6.18893E-1 5.93674E-1 5.77741E-1 5.64531E-1 5.54349E-1 5.42525E-1 5.27489E-1 5.2995E-1 5.29747E-1 5.30638E-1 5.36374E-1 5.44437E-1 5.49066E-1 5.59067E-1 5.70511E-1 5.78763E-1 5.88947E-1 6.03385E-1 6.165E-1 6.2632E-1 6.36348E-1 6.4793E-1 6.5964E-1 6.64828E-1 6.74489E-1 6.82345E-1 6.88976E-1 6.99294E-1 7.1069E-1 7.21173E-1 7.28142E-1 7.32237E-1 7.37914E-1 7.17683E-1 6.76142E-1 6.4613E-1 6.3806E-1 6.32565E-1 6.27326E-1 6.13552E-1 6.01892E-1 6.12543E-1 6.23466E-1 6.10746E-1 6.05871E-1 6.12047E-1 6.08051E-1 5.8653E-1 5.74356E-1 5.685E-1 5.48238E-1 5.41118E-1 5.32154E-1 5.35115E-1 5.42384E-1 5.49787E-1
6.53146E-1 6.30821E-1 6.11879E-1 5.93008E-1 5.7664E-1 5.6371E-1 5.50694E-1 5.38054E-1 5.27661E-1 5.10637E-1 4.93172E-1 4.88977E-1 4.88524E-1 4.95277E-1 5.03643E-1 5.14139E-1 5.25109E-1 5.32299E-1 5.39448E-1 5.4708E-1 5.53382E-1 5.63766E-1 5.77273E-1 5.88687E-1 5.97805E-1 6.03483E-1 6.08313E-1 6.14636E-1 6.22076E-1 6.30139E-1 6.41132E-1 6.52604E-1 6.62803E-1 6.75782E-1 6.86492E-1 6.96356E-1 7.07174E-1 7.13659E-1 7.19672E-1 7.29293E-1 7.40056E-1 7.42218E-1 7.40667E-1 7.44099E-1 7.59618E-1 7.56067E-1 7.34428E-1 7.14947E-1 7.07883E-1 6.80908E-1 6.42445E-1 6.30427E-1 6.41997E-1 6.62077E-1 6.70973E-1 6.88796E-1 7.10959E-1 7.06226E-1
5.43289E-1 5.29344E-1 5.19501E-1 5.09067E-1 4.99309E-1 4.89736E-1 4.78406E-1 4.71175E-1 4.76311E-1 4.75705E-1 4.62896E-1 4.44896E-1 4.36326E-1 4.48097E-1 4.65843E-1 4.80205E-1 4.96065E-1 5.02198E-1 5.10228E-1 5.1654E-1 5.244E-1 5.39564E-1 5.48602E-1 5.53886E-1 5.65695E-1 5.75747E-1 5.78851E-1 5.80688E-1 5.86189E-1 6.00273E-1 6.08956E-1 6.16417E-1 6.26032E-1 6.37024E-1 6.44444E-1 6.50801E-1 6.63905E-1 6.71556E-1 6.71865E-1 6.80652E-1 6.92586E-1 6.96727E-1 7.04096E-1 7.16201E-1 7.3036E-1 7.47818E-1 7.627E-1 7.7815E-1 7.97316E-1 8.06217E-1 8.11152E-1 8.17787E-1 8.20484E-1 8.18469E-1 8.14848E-1 8.09028E-1 8.02834E-1 7.93073E-1
5.05105E-1 4.97805E-1 4.74091E-1 4.52155E-1 4.41771E-1 4.33777E-1 4.2912E-1 4.30306E-1 4.31799E-1 4.2352E-1 4.0159E-1 3.82606E-1 3.7181E-1 3.67379E-1 3.64883E-1 3.68854E-1 3.81217E-1 3.87949E-1 3.94106E-1 4.13823E-1 4.38025E-1 4.54844E-1 4.53679E-1 4.50526E-1 4.66835E-1 4.79296E-1 4.85546E-1 4.97315E-1 5.06259E-1 5.29838E-1 5.61429E-1 5.93871E-1 6.04861E-1 6.15252E-1 6.30874E-1 6.36998E-1 6.46542E-1 6.57933E-1 6.68907E-1 6.81606E-1 6.90014E-1 6.93114E-1 6.96293E-1 7.10941E-1 7.22867E-1 7.40499E-1 7.51484E-1 7.64684E-1 7.83725E-1 7.86745E-1 7.91425E-1 7.93864E-1 7.89544E-1 7.81255E-1 7.74418E-1 7.68939E-1 7.61027E-1 7.55903E-1
4.28067E-1 4.69022E-1 4.57097E-1 4.36836E-1 4.2512E-1 4.2386E-1 4.32628E-1 4.45889E-1 4.67405E-1 3.98124E-1 3.61044E-1 3.46543E-1 3.36491E-1 3.2301E-1 3.14485E-1 3.09216E-1 3.00135E-1 3.03643E-1 3.17565E-1 3.3196E-1 3.48405E-1 3.53187E-1 3.48905E-1 3.57508E-1 3.60775E-1 3.63331E-1 3.73761E-1 3.82424E-1 3.89222E-1 4.08828E-1 4.42962E-1 4.74371E-1 4.87203E-1 5.08921E-1 5.23824E-1 5.30963E-1 5.3893E-1 5.43271E-1 5.71953E-1 6.2395E-1 6.48631E-1 6.61168E-1 6.69736E-1 6.92869E-1 7.16114E-1 7.34201E-1 7.36863E-1 7.534E-1 7.63586E-1 7.6423E-1 7.67121E-1 7.68036E-1 7.68485E-1 7.70011E-1 7.6635E-1 7.59107E-1 7.5294E-1 7.52329E-1
1.52248E-1 1.96315E-1 2.48293E-1 3.25354E-1 3.94248E-1 4.04158E-1 4.29146E-1 4.77456E-1 6.15817E-1 5.00587E-1 3.47607E-1 3.15965E-1 3.03773E-1 2.85792E-1 2.76999E-1 2.74474E-1 2.61478E-1 2.56306E-1 2.65051E-1 2.69344E-1 2.72521E-1 2.77584E-1 2.81848E-1 2.93901E-1 2.99683E-1 3.04814E-1 3.07187E-1 3.14354E-1 3.27022E-1 3.42508E-1 3.5943E-1 3.71872E-1 3.71631E-1 3.8306E-1 3.9378E-1 4.01115E-1 4.11034E-1 4.24753E-1 4.39889E-1 4.64107E-1 4.8503E-1 4.95555E-1 5.09569E-1 5.34208E-1 5.7982E-1 6.27634E-1 6.61259E-1 7.16039E-1 7.46859E-1 7.51911E-1 7.57716E-1 7.61724E-1 7.66509E-1 7.65129E-1 7.59859E-1 7.55803E-1 7.54867E-1 7.55787E-1
2.13552E-2 3.12334E-2 4.7857E-2 8.16287E-2 1.43565E-1 2.15983E-1 3.28524E-1 4.18461E-1 6.02474E-1 6.27424E-1 4.11928E-1 2.87268E-1 2.6494E-1 2.46691E-1 2.36938E-1 2.33653E-1 2.27463E-1 2.18898E-1 2.1252E-1 2.1466E-1 2.21893E-1 2.25196E-1 2.2988E-1 2.40942E-1 2.46492E-1 2.50733E-1 2.51643E-1 2.65125E-1 2.80283E-1 2.83252E-1 2.84033E-1 2.93293E-1 3.01471E-1 3.09255E-1 3.15695E-1 3.23256E-1 3.27399E-1 3.31123E-1 3.42319E-1 3.55936E-1 3.71041E-1 3.83107E-1 3.98467E-1 4.14294E-1 4.46993E-1 4.9762E-1 5.29971E-1 5.64079E-1 5.97839E-1 6.4986E-1 6.7347E-1 6.70109E-1 6.89116E-1 7.12707E-1 7.12296E-1 7.22594E-1 7.1932E-1 7.06827E-1
5.68897E-3 8.49693E-3 1.20501E-2 1.97784E-2 3.68225E-2 6.05504E-2 1.15401E-1 2.80806E-1 3.43082E-1 3.98592E-1 3.07141E-1 1.86433E-1 1.67925E-1 1.70265E-1 1.8396E-1 1.85526E-1 1.86547E-1 1.78186E-1 1.71882E-1 1.79402E-1 1.87472E-1 1.89994E-1 1.91608E-1 1.98627E-1 2.05606E-1 2.11226E-1 2.16531E-1 2.26486E-1 2.35561E-1 2.38812E-1 2.37924E-1 2.43895E-1 2.53389E-1 2.62618E-1 2.66393E-1 2.72548E-1 2.79957E-1 2.8907E-1 3.00629E-1 3.10566E-1 3.15154E-1 3.25351E-1 3.3593E-1 3.54641E-1 3.79749E-1 4.10497E-1 4.2094E-1 4.28429E-1 4.56021E-1 4.97062E-1 5.33631E-1 5.78473E-1 5.99656E-1 6.20317E-1 6.14152E-1 6.15822E-1 6.38857E-1 6.47294E-1
3.19033E-3 4.32829E-3 5.91882E-3 9.02209E-3 1.47268E-2 2.58857E-2 4.73111E-2 7.36973E-2 1.09798E-1 1.4026E-1 1.10787E-1 7.00948E-2 6.76014E-2 6.8087E-2 7.6319E-2 8.64767E-2 1.00354E-1 1.21036E-1 1.38982E-1 1.54919E-1 1.64656E-1 1.72472E-1 1.76421E-1 1.80104E-1 1.84506E-1 1.85991E-1 1.91254E-1 1.99847E-1 2.09078E-1 2.09997E-1 2.15223E-1 2.21074E-1 2.24953E-1 2.34449E-1 2.41506E-1 2.50512E-1 2.59864E-1 2.66069E-1 2.77744E-1 2.8504E-1 2.88264E-1 2.96574E-1 3.0185E-1 3.09895E-1 3.23675E-1 3.42939E-1 3.56573E-1 3.63653E-1 3.81522E-1 4.01125E-1 4.23261E-1 4.50936E-1 4.76333E-1 4.92381E-1 4.72724E-1 4.85074E-1 5.25635E-1 5.62012E-1
2.1827E-3 2.70956E-3 3.69006E-3 5.37716E-3 8.15421E-3 1.27167E-2 2.00961E-2 2.33912E-2 2.7601E-2 3.12795E-2 3.33558E-2 2.71349E-2 2.58859E-2 2.65776E-2 2.82381E-2 3.08377E-2 3.32897E-2 4.06568E-2 5.82808E-2 8.19648E-2 9.91667E-2 1.20858E-1 1.31443E-1 1.42055E-1 1.50232E-1 1.5612E-1 1.62283E-1 1.54122E-1 1.54842E-1 1.56447E-1 1.8435E-1 1.97414E-1 1.90957E-1 2.00069E-1 2.14187E-1 2.26058E-1 2.30371E-1 2.27841E-1 2.33728E-1 2.32445E-1 2.44547E-1 2.52455E-1 2.51528E-1 2.5973E-1 2.79135E-1 3.05834E-1 3.02324E-1 2.89695E-1 2.96689E-1 3.20538E-1 3.51112E-1 4.04207E-1 4.19044E-1 4.3012E-1 3.95756E-1 4.36308E-1 4.77454E-1 5.11823E-1
2.13384E-3 2.6931E-3 3.53342E-3 4.50758E-3 5.85903E-3 8.05688E-3 8.42585E-3 8.96797E-3 1.00967E-2 1.18181E-2 1.24997E-2 1.14571E-2 1.09137E-2 1.13044E-2 1.10663E-2 1.1356E-2 1.22059E-2 1.41921E-2 2.0188E-2 2.83575E-2 3.64187E-2 4.67733E-2 5.51118E-2 6.21787E-2 6.76014E-2 7.06703E-2 7.1827E-2 5.67139E-2 4.85069E-2 5.55474E-2 6.98865E-2 7.8124E-2 7.20297E-2 9.36614E-2 1.21384E-1 1.41866E-1 1.60404E-1 1.69924E-1 1.79242E-1 1.92645E-1 2.09588E-1 2.17879E-1 2.20027E-1 2.21361E-1 2.31288E-1 2.39362E-1 2.39096E-1 2.3833E-1 2.42157E-1 2.57185E-1 2.72386E-1 2.85835E-1 2.80334E-1 2.69971E-1 2.81157E-1 3.20489E-1 3.70008E-1 4.31641E-1
3.99086E-3 5.30579E-3 5.86006E-3 6.35565E-3 6.42021E-3 5.66136E-3 5.33305E-3 5.21021E-3 5.25121E-3 5.62945E-3 5.81743E-3 5.59104E-3 5.23478E-3 5.19619E-3 5.41559E-3 5.37372E-3 5.41634E-3 6.4422E-3 8.76693E-3 1.19308E-2 1.44873E-2 1.81572E-2 2.05371E-2 2.16898E-2 2.26654E-2 2.25558E-2 2.24241E-2 1.97807E-2 1.90455E-2 2.12287E-2 2.27484E-2 2.32591E-2 2.36434E-2 3.06988E-2 4.26263E-2 5.3827E-2 6.83908E-2 8.86326E-2 1.08823E-1 1.27847E-1 1.43305E-1 1.56995E-1 1.55873E-1 1.57103E-1 1.64803E-1 1.7168E-1 1.87237E-1 2.06469E-1 2.14486E-1 2.21206E-1 2.19575E-1 2.26274E-1 2.24439E-1 2.21767E-1 2.37646E-1 2.66854E-1 3.01524E-1 3.37198E-1
1.59917E-2 2.74079E-2 1.94676E-2 1.10099E-2 6.90897E-3 5.26044E-3 4.74148E-3 4.04784E-3 3.68977E-3 3.65862E-3 3.68549E-3 3.44319E-3 3.12202E-3 2.97578E-3 2.90507E-3 2.7621E-3 2.75056E-3 3.09054E-3 4.1251E-3 5.37882E-3 6.29843E-3 7.54525E-3 8.74005E-3 8.48722E-3 8.78308E-3 8.63006E-3 8.6622E-3 9.19215E-3 9.30386E-3 8.27951E-3 8.02652E-3 8.30349E-3 9.7703E-3 1.11743E-2 1.34274E-2 1.80451E-2 2.48177E-2 3.2501E-2 4.05864E-2 4.88597E-2 6.01505E-2 6.55951E-2 5.99861E-2 6.66265E-2 8.54359E-2 9.79047E-2 1.11954E-1 1.31006E-1 1.33834E-1 1.4822E-1 1.63306E-1 1.79077E-1 1.72806E-1 1.84248E-1 2.11991E-1 2.43932E-1 2.76756E-1 3.0323E-1
1.99944E-2 3.2627E-2 4.39936E-2 3.43305E-2 1.51541E-2 7.92208E-3 4.6536E-3 3.62588E-3 3.10937E-3 2.89163E-3 2.75142E-3 2.50997E-3 2.30213E-3 2.10044E-3 1.93644E-3 1.81482E-3 1.87847E-3 2.04578E-3 2.47585E-3 2.92122E-3 3.31191E-3 3.77405E-3 4.1728E-3 4.37429E-3 4.39112E-3 4.23277E-3 4.40451E-3 4.77493E-3 4.75873E-3 4.23871E-3 4.05336E-3 4.45524E-3 5.0434E-3 5.48105E-3 5.98011E-3 6.97207E-3 8.41107E-3 1.04962E-2 1.3018E-2 1.62316E-2 2.01226E-2 1.8902E-2 1.8878E-2 2.30528E-2 3.18195E-2 4.00482E-2 4.4527E-2 5.13446E-2 5.60208E-2 6.42178E-2 6.79311E-2 8.46457E-2 9.2773E-2 1.17857E-1 1.52646E-1 1.77656E-1 2.1942E-1 2.2965E-1
1.03609E-2 1.62623E-2 2.75203E-2 2.81507E-2 1.44946E-2 7.64209E-3 4.15963E-3 3.24866E-3 2.7557E-3 2.3784E-3 2.14443E-3 1.9865E-3 1.8231E-3 1.62062E-3 1.44019E-3 1.48493E-3 1.55292E-3 1.63702E-3 1.76558E-3 1.89305E-3 2.08774E-3 2.32415E-3 2.37005E-3 2.58991E-3 2.6536E-3 2.58765E-3 2.67593E-3 2.83509E-3 2.85917E-3 2.77485E-3 2.84481E-3 3.09147E-3 3.25616E-3 3.39516E-3 3.47087E-3 3.8133E-3 4.45188E-3 5.11806E-3 5.93955E-3 7.4523E-3 8.51284E-3 8.54089E-3 8.92185E-3 9.80373E-3 1.33152E-2 1.74939E-2 1.97362E-2 2.1856E-2 2.29133E-2 2.71949E-2 3.26078E-2 4.20004E-2 4.39113E-2 5.77399E-2 8.43015E-2 9.6732E-2 1.11511E-1 1.22805E-1
5.4014E-3 6.52422E-3 7.7188E-3 8.37247E-3 5.3985E-3 4.4575E-3 3.72284E-3 3.06002E-3 2.43592E-3 2.01982E-3 1.70654E-3 1.55865E-3 1.46195E-3 1.38396E-3 1.37343E-3 1.41841E-3 1.44951E-3 1.47854E-3 1.53143E-3 1.58396E-3 1.66929E-3 1.7605E-3 1.89035E-3 2.03891E-3 2.08413E-3 2.08451E-3 2.10987E-3 2.17719E-3 2.21711E-3 2.2656E-3 2.33589E-3 2.41767E-3 2.50724E-3 2.619E-3 2.70052E-3 2.89359E-3 3.09944E-3 3.34991E-3 3.75154E-3 4.32437E-3 4.80599E-3 5.16181E-3 5.856E-3 6.68508E-3 7.91407E-3 9.22416E-3 1.0886E-2 1.17645E-2 1.37639E-2 1.66057E-2 2.00026E-2 2.28696E-2 2.41172E-2 2.85491E-2 3.91332E-2 3.86371E-2 4.06759E-2 4.64653E-2
