data/Modelo 3/SPZn_avg.asc
ncols         78
nrows         61
xllcorner     -149.5
yllcorner     -28.5
cellsize      1.0
NODATA_value  -9999
[rows 26 to 51 of 61, columns 0 to 57 of 78]
5.29666E-1 5.37945E-1 5.33593E-1 5.2607E-1 5.23438E-1 5.20527E-1 4.95838E-1 4.75772E-1 4.59094E-1 4.57168E-1 4.50224E-1 4.43589E-1 4.36257E-1 4.26964E-1 4.32904E-1 4.31498E-1 4.32003E-1 4.34753E-1 4.29819E-1 4.39377E-1 4.57357E-1 4.61173E-1 4.63181E-1 4.74855E-1 4.92729E-1 5.17046E-1 5.3686E-1 5.49229E-1 5.60803E-1 5.69287E-1 5.91828E-1 6.1618E-1 6.24728E-1 6.39164E-1 6.359E-1 6.26909E-1 6.20545E-1 6.27605E-1 6.58688E-1 7.27769E-1 7.82164E-1 8.09552E-1 8.25609E-1 8.38896E-1 8.42E-1 8.22426E-1 8.00565E-1 7.75943E-1 7.66591E-1 7.48584E-1 7.21039E-1 6.82314E-1 6.57157E-1 6.30268E-1 5.92464E-1 5.12622E-1 3.97499E-1 3.19064E-1
6.22763E-1 6.00567E-1 5.89194E-1 5.79691E-1 5.76709E-1 5.79662E-1 5.62114E-1 5.44161E-1 5.3365E-1 5.39666E-1 5.49817E-1 5.45316E-1 5.21178E-1 5.08333E-1 5.06845E-1 5.02981E-1 5.00284E-1 5.03107E-1 5.03758E-1 5.12399E-1 5.17099E-1 5.11467E-1 5.10918E-1 5.15733E-1 5.21402E-1 5.33356E-1 5.37231E-1 5.30787E-1 5.47185E-1 5.5781E-1 5.74438E-1 5.87875E-1 6.06087E-1 6.22347E-1 6.24122E-1 6.23715E-1 6.27501E-1 6.41489E-1 6.58876E-1 6.73699E-1 7.29671E-1 7.77581E-1 8.10041E-1 8.31132E-1 8.57758E-1 8.93077E-1 9.15169E-1 9.24289E-1 9.34345E-1 9.42575E-1 9.48778E-1 9.30549E-1 9.08026E-1 8.87859E-1 8.65972E-1 8.17402E-1 7.13975E-1 6.36515E-1
5.92022E-1 5.73658E-1 5.60084E-1 5.51993E-1 5.53459E-1 5.59101E-1 5.47613E-1 5.36614E-1 5.32675E-1 5.31135E-1 5.32155E-1 5.28519E-1 5.09556E-1 4.91882E-1 4.91926E-1 4.95491E-1 4.99659E-1 4.9556E-1 4.9318E-1 5.00724E-1 4.97628E-1 4.83775E-1 4.79047E-1 4.83281E-1 4.88568E-1 5.00844E-1 4.99275E-1 4.99535E-1 5.20134E-1 5.30125E-1 5.47047E-1 5.65649E-1 5.85601E-1 5.99637E-1 6.15351E-1 6.37171E-1 6.56909E-1 6.72427E-1 6.81258E-1 6.87661E-1 7.10137E-1 7.25645E-1 7.50176E-1 7.6918E-1 7.84184E-1 8.15265E-1 8.54428E-1 8.83288E-1 9.04917E-1 9.30984E-1 9.48439E-1 9.54514E-1 9.55531E-1 9.53937E-1 9.52796E-1 9.45324E-1 9.38642E-1 9.32878E-1
5.55786E-1 5.40219E-1 5.27528E-1 5.25239E-1 5.29716E-1 5.36318E-1 5.32037E-1 5.23365E-1 5.17851E-1 5.05125E-1 4.91494E-1 4.87735E-1 4.86521E-1 4.84717E-1 4.88121E-1 4.88917E-1 4.87184E-1 4.7989E-1 4.74161E-1 4.70014E-1 4.66858E-1 4.65238E-1 4.67084E-1 4.71248E-1 4.76288E-1 4.8285E-1 4.82795E-1 4.89807E-1 5.00627E-1 5.09451E-1 5.1525E-1 5.28446E-1 5.43532E-1 5.58876E-1 5.80395E-1 5.98255E-1 6.10955E-1 6.23917E-1 6.36968E-1 6.40825E-1 6.4026E-1 6.54256E-1 6.79664E-1 7.0052E-1 7.19722E-1 7.54328E-1 7.96604E-1 8.32024E-1 8.64274E-1 8.92226E-1 9.0204E-1 9.02642E-1 9.03606E-1 9.08068E-1 9.16833E-1 9.3181E-1 9.43235E-1 9.45909E-1
5.20816E-1 5.06755E-1 4.89691E-1 4.80596E-1 4.76989E-1 4.76014E-1 4.73153E-1 4.66409E-1 4.63137E-1 4.62582E-1 4.6441E-1 4.65609E-1 4.66231E-1 4.66659E-1 4.69726E-1 4.77197E-1 4.89176E-1 5.00065E-1 5.08612E-1 5.14745E-1 5.2156E-1 5.26084E-1 5.27439E-1 5.29904E-1 5.32854E-1 5.3472E-1 5.3556E-1 5.31971E-1 5.34029E-1 5.38338E-1 5.40611E-1 5.41432E-1 5.45164E-1 5.51322E-1 5.60505E-1 5.68294E-1 5.67888E-1 5.67587E-1 5.67072E-1 5.71239E-1 5.76251E-1 5.83678E-1 5.93449E-1 6.05726E-1 6.2594E-1 6.57207E-1 6.88676E-1 7.13452E-1 7.33833E-1 7.49088E-1 7.59246E-1 7.6459E-1 7.69832E-1 7.8398E-1 8.12808E-1 8.40139E-1 8.46085E-1 8.46928E-1
4.95726E-1 5.0142E-1 5.07671E-1 5.04112E-1 5.06956E-1 5.17913E-1 5.08174E-1 4.96831E-1 5.03856E-1 5.10103E-1 5.05789E-1 4.9524E-1 4.85787E-1 4.84652E-1 4.87092E-1 4.86467E-1 4.86129E-1 5.02052E-1 5.11327E-1 5.10522E-1 5.0748E-1 4.95177E-1 4.8392E-1 4.91461E-1 4.95008E-1 4.85763E-1 4.82616E-1 4.76414E-1 4.77025E-1 4.7283E-1 4.77176E-1 4.7841E-1 4.75364E-1 4.87499E-1 4.95674E-1 4.86391E-1 4.7648E-1 4.83776E-1 4.89199E-1 4.80919E-1 4.75484E-1 4.88639E-1 5.10388E-1 5.2758E-1 5.43318E-1 5.57308E-1 5.73567E-1 5.74562E-1 5.66445E-1 5.65727E-1 5.73913E-1 5.74572E-1 5.64895E-1 5.58414E-1 5.7038E-1 5.95583E-1 6.07005E-1 6.07257E-1
4.10349E-1 4.06321E-1 3.95255E-1 3.81501E-1 3.72109E-1 3.74718E-1 3.73135E-1 3.74923E-1 3.84131E-1 3.87828E-1 3.78692E-1 3.64981E-1 3.59692E-1 3.57452E-1 3.54916E-1 3.51655E-1 3.52525E-1 3.58931E-1 3.64798E-1 3.6722E-1 3.632E-1 3.62324E-1 3.60177E-1 3.57128E-1 3.54551E-1 3.45683E-1 3.33661E-1 3.24371E-1 3.14977E-1 3.07839E-1 3.10619E-1 3.15059E-1 3.16433E-1 3.21664E-1 3.2191E-1 3.10481E-1 3.0599E-1 3.09122E-1 3.10044E-1 2.95934E-1 2.8452E-1 2.88523E-1 3.00892E-1 3.11341E-1 3.28286E-1 3.50919E-1 3.74321E-1 3.85045E-1 3.82133E-1 3.79473E-1 3.83412E-1 3.89515E-1 3.90305E-1 3.95312E-1 4.31725E-1 4.65259E-1 4.55508E-1 4.06899E-1
4.59383E-1 4.50678E-1 4.32595E-1 4.11425E-1 3.94349E-1 3.89748E-1 3.87498E-1 3.83473E-1 3.76294E-1 3.70676E-1 3.62973E-1 3.54874E-1 3.5103E-1 3.47642E-1 3.4105E-1 3.37209E-1 3.38686E-1 3.40317E-1 3.40474E-1 3.40583E-1 3.42585E-1 3.44355E-1 3.42877E-1 3.29181E-1 3.07618E-1 2.92553E-1 2.82619E-1 2.68512E-1 2.51112E-1 2.36921E-1 2.29252E-1 2.30168E-1 2.3423E-1 2.36966E-1 2.36623E-1 2.35437E-1 2.29594E-1 2.23439E-1 2.20074E-1 2.17733E-1 2.16356E-1 2.11271E-1 2.11438E-1 2.16323E-1 2.26546E-1 2.37695E-1 2.43539E-1 2.45809E-1 2.44134E-1 2.34594E-1 2.26585E-1 2.30636E-1 2.32991E-1 2.35221E-1 2.55593E-1 2.84648E-1 3.0443E-1 3.68651E-1
5.65994E-1 5.73914E-1 5.75786E-1 5.75383E-1 5.78372E-1 5.81855E-1 5.82741E-1 5.83622E-1 5.83339E-1 5.90341E-1 5.9684E-1 5.99947E-1 5.90271E-1 5.70624E-1 5.50857E-1 5.52152E-1 5.56164E-1 5.55688E-1 5.40586E-1 5.34734E-1 5.29291E-1 5.14827E-1 5.04795E-1 5.01632E-1 4.97805E-1 4.82304E-1 4.66019E-1 4.55033E-1 4.45895E-1 4.44008E-1 4.36431E-1 4.30708E-1 4.44046E-1 4.47557E-1 4.36451E-1 4.20731E-1 3.97023E-1 3.85997E-1 3.68994E-1 3.30094E-1 3.11544E-1 2.95579E-1 2.88394E-1 2.94806E-1 3.06318E-1 3.15129E-1 3.11097E-1 3.06136E-1 3.10598E-1 3.09054E-1 2.97138E-1 2.92103E-1 2.8613E-1 2.61491E-1 2.43314E-1 2.369E-1 2.29772E-1 2.322E-1
6.01746E-1 5.85201E-1 5.64828E-1 5.42731E-1 5.31906E-1 5.31751E-1 5.35064E-1 5.40642E-1 5.45963E-1 5.56003E-1 5.6202E-1 5.68486E-1 5.8164E-1 5.93721E-1 5.97064E-1 6.01507E-1 6.08351E-1 6.1888E-1 6.27876E-1 6.37967E-1 6.45812E-1 6.52135E-1 6.58681E-1 6.71022E-1 6.80261E-1 6.67805E-1 6.61274E-1 6.61044E-1 6.54381E-1 6.47198E-1 6.29139E-1 6.20475E-1 6.29075E-1 6.16119E-1 5.92222E-1 5.73974E-1 5.54217E-1 5.39183E-1 5.18429E-1 4.92536E-1 4.83285E-1 4.7662E-1 4.75874E-1 4.9144E-1 5.06004E-1 5.07126E-1 5.02081E-1 4.9856E-1 5.01507E-1 5.09469E-1 5.03725E-1 4.80068E-1 4.39288E-1 3.54302E-1 2.85829E-1 2.49406E-1 2.42335E-1 2.59469E-1
6.22978E-1 6.04127E-1 5.82035E-1 5.58464E-1 5.44154E-1 5.32132E-1 5.22654E-1 5.11391E-1 4.98193E-1 4.94638E-1 4.92617E-1 4.94984E-1 5.01576E-1 5.10226E-1 5.15958E-1 5.26377E-1 5.37933E-1 5.46922E-1 5.57843E-1 5.72877E-1 5.86823E-1 5.9633E-1 6.06174E-1 6.17715E-1 6.29509E-1 6.34929E-1 6.44377E-1 6.52033E-1 6.58556E-1 6.68664E-1 6.79026E-1 6.87864E-1 6.96348E-1 7.01658E-1 7.07394E-1 6.89693E-1 6.53537E-1 6.25386E-1 6.15343E-1 6.09023E-1 6.02934E-1 5.87866E-1 5.7521E-1 5.86476E-1 5.97949E-1 5.84095E-1 5.78859E-1 5.85567E-1 5.81239E-1 5.5635E-1 5.37449E-1 5.26445E-1 5.09845E-1 4.89597E-1 4.741E-1 4.79551E-1 4.9559E-1 5.12553E-1
6.02732E-1 5.80224E-1 5.62508E-1 5.47382E-1 5.3613E-1 5.27828E-1 5.16221E-1 5.04488E-1 4.9229E-1 4.74826E-1 4.57652E-1 4.51381E-1 4.52062E-1 4.59981E-1 4.69475E-1 4.80103E-1 4.91023E-1 4.98811E-1 5.06831E-1 5.15291E-1 5.23034E-1 5.34801E-1 5.49118E-1 5.61333E-1 5.71326E-1 5.77443E-1 5.82811E-1 5.90025E-1 5.98601E-1 6.07864E-1 6.2026E-1 6.3151E-1 6.40915E-1 6.53123E-1 6.63532E-1 6.73278E-1 6.83761E-1 6.89777E-1 6.94364E-1 7.05156E-1 7.16256E-1 7.18889E-1 7.1492E-1 7.18927E-1 7.33623E-1 7.29467E-1 7.11443E-1 6.96246E-1 6.92629E-1 6.59896E-1 6.18122E-1 6.0498E-1 6.17155E-1 6.38263E-1 6.47161E-1 6.66333E-1 6.90743E-1 6.88017E-1
5.08997E-1 4.96047E-1 4.81301E-1 4.70557E-1 4.6284E-1 4.54728E-1 4.44303E-1 4.37437E-1 4.4177E-1 4.40232E-1 4.27837E-1 4.1079E-1 4.02503E-1 4.08953E-1 4.22574E-1 4.38515E-1 4.53258E-1 4.61495E-1 4.67739E-1 4.75373E-1 4.86695E-1 5.0393E-1 5.13864E-1 5.19718E-1 5.2996E-1 5.38769E-1 5.42911E-1 5.47055E-1 5.53548E-1 5.66641E-1 5.78081E-1 5.89829E-1 6.02587E-1 6.14919E-1 6.24173E-1 6.32161E-1 6.45942E-1 6.54332E-1 6.55393E-1 6.63038E-1 6.74615E-1 6.80218E-1 6.88843E-1 7.00893E-1 7.14465E-1 7.3097E-1 7.4452E-1 7.59097E-1 7.77728E-1 7.85801E-1 7.90067E-1 7.95047E-1 7.97979E-1 7.9675E-1 7.94861E-1 7.90422E-1 7.85701E-1 7.74411E-1
4.64139E-1 4.57449E-1 4.38079E-1 4.1932E-1 4.06949E-1 3.98598E-1 3.94186E-1 3.9473E-1 3.95223E-1 3.86544E-1 3.66851E-1 3.49959E-1 3.40177E-1 3.35567E-1 3.32092E-1 3.32776E-1 3.42495E-1 3.49157E-1 3.57155E-1 3.7655E-1 3.97734E-1 4.11672E-1 4.11427E-1 4.10426E-1 4.25036E-1 4.36749E-1 4.43952E-1 4.5808E-1 4.70514E-1 4.92731E-1 5.2319E-1 5.5119E-1 5.65381E-1 5.81248E-1 5.96845E-1 6.04749E-1 6.13599E-1 6.24282E-1 6.33964E-1 6.46575E-1 6.58353E-1 6.65325E-1 6.73479E-1 6.91047E-1 7.04199E-1 7.22313E-1 7.34389E-1 7.48833E-1 7.68344E-1 7.71384E-1 7.76519E-1 7.78991E-1 7.74168E-1 7.65377E-1 7.58186E-1 7.53533E-1 7.47459E-1 7.41727E-1
3.73936E-1 4.16959E-1 4.08782E-1 3.92498E-1 3.82187E-1 3.81631E-1 3.92269E-1 4.06929E-1 4.27799E-1 3.55009E-1 3.2037E-1 3.07429E-1 2.98726E-1 2.87302E-1 2.78239E-1 2.72731E-1 2.65255E-1 2.68128E-1 2.82237E-1 2.98045E-1 3.11592E-1 3.13889E-1 3.09284E-1 3.18115E-1 3.2367E-1 3.29043E-1 3.4033E-1 3.49625E-1 3.60178E-1 3.81986E-1 4.14664E-1 4.43544E-1 4.55281E-1 4.74173E-1 4.89065E-1 4.97389E-1 5.06912E-1 5.10851E-1 5.37653E-1 5.86277E-1 6.12023E-1 6.22521E-1 6.336E-1 6.53743E-1 6.79589E-1 6.98768E-1 7.05156E-1 7.25693E-1 7.41672E-1 7.44624E-1 7.48059E-1 7.48126E-1 7.47815E-1 7.48393E-1 7.45005E-1 7.37218E-1 7.28437E-1 7.26199E-1
1.23791E-1 1.60324E-1 2.06826E-1 2.78602E-1 3.47769E-1 3.61293E-1 3.87238E-1 4.42582E-1 5.76425E-1 4.65103E-1 3.08128E-1 2.75714E-1 2.62593E-1 2.46355E-1 2.3792E-1 2.36148E-1 2.26813E-1 2.22442E-1 2.28964E-1 2.3218E-1 2.34658E-1 2.37322E-1 2.42272E-1 2.54926E-1 2.62205E-1 2.69505E-1 2.73028E-1 2.79536E-1 2.94723E-1 3.12722E-1 3.28814E-1 3.39207E-1 3.39118E-1 3.50444E-1 3.63152E-1 3.72342E-1 3.81041E-1 3.94105E-1 4.13235E-1 4.38737E-1 4.61176E-1 4.72162E-1 4.84871E-1 5.06286E-1 5.48723E-1 5.94835E-1 6.24517E-1 6.75651E-1 7.02325E-1 7.11201E-1 7.20125E-1 7.23852E-1 7.27954E-1 7.29238E-1 7.25398E-1 7.20917E-1 7.17776E-1 7.16723E-1
1.78578E-2 2.5915E-2 3.98814E-2 6.82321E-2 1.18036E-1 1.78589E-1 2.83627E-1 3.87064E-1 5.55271E-1 5.79558E-1 3.84671E-1 2.51548E-1 2.29507E-1 2.11948E-1 2.02828E-1 2.01193E-1 1.96927E-1 1.90246E-1 1.83341E-1 1.8438E-1 1.89457E-1 1.92068E-1 1.97877E-1 2.08263E-1 2.14292E-1 2.19819E-1 2.20833E-1 2.31788E-1 2.46438E-1 2.51137E-1 2.50484E-1 2.57199E-1 2.65904E-1 2.75422E-1 2.82656E-1 2.89846E-1 2.94104E-1 2.98734E-1 3.12287E-1 3.25426E-1 3.39744E-1 3.53872E-1 3.707E-1 3.88076E-1 4.23858E-1 4.72494E-1 5.05068E-1 5.3304E-1 5.63041E-1 6.13657E-1 6.38094E-1 6.35492E-1 6.54379E-1 6.7913E-1 6.80643E-1 6.90216E-1 6.87463E-1 6.76425E-1
4.8199E-3 7.14157E-3 1.00225E-2 1.61669E-2 2.94711E-2 4.81982E-2 9.12366E-2 2.26444E-1 3.04885E-1 3.71392E-1 2.81581E-1 1.62539E-1 1.46813E-1 1.48153E-1 1.57978E-1 1.60167E-1 1.61166E-1 1.55089E-1 1.49324E-1 1.56739E-1 1.63237E-1 1.65406E-1 1.68279E-1 1.74224E-1 1.79456E-1 1.84896E-1 1.90368E-1 1.98797E-1 2.08082E-1 2.12E-1 2.10283E-1 2.14991E-1 2.24051E-1 2.32372E-1 2.3437E-1 2.39955E-1 2.48278E-1 2.556E-1 2.66424E-1 2.74813E-1 2.78629E-1 2.90015E-1 3.03688E-1 3.23922E-1 3.51757E-1 3.83864E-1 3.9637E-1 4.08149E-1 4.36186E-1 4.75898E-1 5.07147E-1 5.42851E-1 5.68116E-1 5.8792E-1 5.82624E-1 5.8482E-1 6.09301E-1 6.19512E-1
2.58308E-3 3.50474E-3 4.76854E-3 7.16211E-3 1.15225E-2 2.00584E-2 3.60668E-2 5.87361E-2 8.83242E-2 1.14564E-1 9.1044E-2 5.78325E-2 5.62886E-2 5.71975E-2 6.5179E-2 7.5125E-2 8.74694E-2 1.04757E-1 1.18931E-1 1.34299E-1 1.42294E-1 1.49099E-1 1.54109E-1 1.58426E-1 1.62049E-1 1.64191E-1 1.69852E-1 1.77601E-1 1.85321E-1 1.87463E-1 1.91597E-1 1.96686E-1 2.0078E-1 2.08674E-1 2.12929E-1 2.2058E-1 2.29204E-1 2.34137E-1 2.43057E-1 2.48323E-1 2.52376E-1 2.62405E-1 2.70184E-1 2.81301E-1 2.96104E-1 3.14167E-1 3.27695E-1 3.35232E-1 3.52731E-1 3.70816E-1 3.92999E-1 4.2205E-1 4.48061E-1 4.63948E-1 4.40836E-1 4.53884E-1 4.96808E-1 5.33302E-1
1.75655E-3 2.16511E-3 2.90839E-3 4.14579E-3 6.16116E-3 9.43692E-3 1.51633E-2 1.80738E-2 2.14963E-2 2.46459E-2 2.6517E-2 2.18087E-2 2.10035E-2 2.18282E-2 2.34437E-2 2.5926E-2 2.82236E-2 3.53671E-2 5.10864E-2 7.13109E-2 8.57521E-2 1.04517E-1 1.1478E-1 1.24091E-1 1.3128E-1 1.36901E-1 1.43429E-1 1.36825E-1 1.36897E-1 1.39176E-1 1.6369E-1 1.75119E-1 1.70366E-1 1.78238E-1 1.9082E-1 2.00327E-1 2.03224E-1 2.01813E-1 2.06245E-1 2.05679E-1 2.1672E-1 2.23766E-1 2.23731E-1 2.30506E-1 2.46645E-1 2.69424E-1 2.66807E-1 2.56577E-1 2.6259E-1 2.81512E-1 3.0706E-1 3.51832E-1 3.67037E-1 3.77203E-1 3.47896E-1 3.84025E-1 4.27965E-1 4.66098E-1
1.7123E-3 2.11448E-3 2.70127E-3 3.37366E-3 4.28653E-3 5.76355E-3 6.33096E-3 6.76166E-3 7.68252E-3 9.09072E-3 9.7067E-3 9.00413E-3 8.70321E-3 9.17142E-3 9.09755E-3 9.38256E-3 1.01885E-2 1.21357E-2 1.7353E-2 2.4518E-2 3.1995E-2 4.12827E-2 4.86718E-2 5.50725E-2 5.99705E-2 6.27428E-2 6.41057E-2 5.03217E-2 4.30925E-2 4.97557E-2 6.25573E-2 6.98547E-2 6.4691E-2 8.4031E-2 1.08359E-1 1.25995E-1 1.41953E-1 1.50423E-1 1.587E-1 1.70506E-1 1.84877E-1 1.91861E-1 1.93933E-1 1.94988E-1 2.02495E-1 2.0873E-1 2.08417E-1 2.07733E-1 2.10979E-1 2.22336E-1 2.3429E-1 2.46039E-1 2.43006E-1 2.34916E-1 2.45398E-1 2.8038E-1 3.24024E-1 3.78281E-1
3.04519E-3 3.95056E-3 4.27897E-3 4.5812E-3 4.56819E-3 4.2702E-3 4.04144E-3 3.95467E-3 4.00148E-3 4.29798E-3 4.48074E-3 4.36406E-3 4.15334E-3 4.16804E-3 4.4049E-3 4.41742E-3 4.54442E-3 5.46402E-3 7.4157E-3 1.0094E-2 1.23935E-2 1.58034E-2 1.80336E-2 1.90625E-2 1.98176E-2 1.96251E-2 1.96628E-2 1.73596E-2 1.66671E-2 1.86368E-2 2.00362E-2 2.04849E-2 2.07396E-2 2.69895E-2 3.80301E-2 4.8374E-2 6.1427E-2 7.87831E-2 9.6018E-2 1.12399E-1 1.25947E-1 1.38216E-1 1.37486E-1 1.37867E-1 1.43543E-1 1.48708E-1 1.61035E-1 1.76726E-1 1.83079E-1 1.8847E-1 1.87324E-1 1.93556E-1 1.93406E-1 1.92461E-1 2.06565E-1 2.31573E-1 2.61588E-1 2.92636E-1
1.18861E-2 2.04845E-2 1.48757E-2 8.30362E-3 5.19491E-3 3.99343E-3 3.61332E-3 3.10882E-3 2.83814E-3 2.82792E-3 2.87593E-3 2.71453E-3 2.47903E-3 2.38688E-3 2.35737E-3 2.27274E-3 2.29047E-3 2.56237E-3 3.42874E-3 4.49728E-3 5.27757E-3 6.35631E-3 7.428E-3 7.22983E-3 7.49647E-3 7.35946E-3 7.44917E-3 7.96966E-3 8.00059E-3 7.04571E-3 6.8317E-3 7.1095E-3 8.44887E-3 9.71882E-3 1.17084E-2 1.58121E-2 2.19235E-2 2.88664E-2 3.62022E-2 4.37308E-2 5.40123E-2 5.86901E-2 5.35352E-2 5.93369E-2 7.46545E-2 8.46995E-2 9.61175E-2 1.11673E-1 1.14035E-1 1.26124E-1 1.38865E-1 1.52207E-1 1.48264E-1 1.58853E-1 1.82324E-1 2.09364E-1 2.37591E-1 2.60895E-1
1.58462E-2 2.61045E-2 3.5448E-2 2.74599E-2 1.19363E-2 6.17455E-3 3.60522E-3 2.83252E-3 2.44843E-3 2.27983E-3 2.15458E-3 1.98771E-3 1.85749E-3 1.71637E-3 1.59068E-3 1.52226E-3 1.56963E-3 1.6942E-3 2.05826E-3 2.42995E-3 2.74708E-3 3.13126E-3 3.47835E-3 3.64881E-3 3.69312E-3 3.57329E-3 3.72062E-3 4.05208E-3 4.05453E-3 3.599E-3 3.43655E-3 3.81282E-3 4.33324E-3 4.73134E-3 5.17865E-3 6.03651E-3 7.30213E-3 9.13154E-3 1.13553E-2 1.42134E-2 1.77022E-2 1.67831E-2 1.68705E-2 2.068E-2 2.83274E-2 3.51558E-2 3.88071E-2 4.46197E-2 4.86054E-2 5.5559E-2 5.89638E-2 7.29537E-2 8.03654E-2 1.01856E-1 1.29996E-1 1.49472E-1 1.84041E-1 1.94039E-1
8.21315E-3 1.31216E-2 2.24503E-2 2.30065E-2 1.18395E-2 6.22713E-3 3.34967E-3 2.60016E-3 2.19651E-3 1.90907E-3 1.71216E-3 1.58504E-3 1.47452E-3 1.3327E-3 1.21221E-3 1.24973E-3 1.30855E-3 1.37782E-3 1.47323E-3 1.56291E-3 1.71751E-3 1.91575E-3 1.96102E-3 2.16205E-3 2.23516E-3 2.18844E-3 2.27141E-3 2.40058E-3 2.42948E-3 2.3625E-3 2.4196E-3 2.64324E-3 2.80438E-3 2.95283E-3 3.01522E-3 3.30216E-3 3.84719E-3 4.46974E-3 5.2721E-3 6.69232E-3 7.68284E-3 7.71237E-3 8.11812E-3 8.98067E-3 1.17283E-2 1.52313E-2 1.73327E-2 1.89028E-2 1.95995E-2 2.30561E-2 2.76936E-2 3.53974E-2 3.66013E-2 4.80082E-2 6.86652E-2 7.82754E-2 8.97866E-2 9.89757E-2
4.37873E-3 5.34179E-3 6.35043E-3 6.92272E-3 4.46684E-3 3.70227E-3 3.08702E-3 2.5117E-3 1.99243E-3 1.65012E-3 1.39614E-3 1.27439E-3 1.20613E-3 1.15703E-3 1.16146E-3 1.21106E-3 1.24185E-3 1.26724E-3 1.30109E-3 1.33631E-3 1.40382E-3 1.47646E-3 1.58988E-3 1.7263E-3 1.7639E-3 1.76187E-3 1.78947E-3 1.86503E-3 1.89539E-3 1.93383E-3 2.01146E-3 2.07826E-3 2.16837E-3 2.2914E-3 2.355E-3 2.54205E-3 2.75235E-3 3.02779E-3 3.39713E-3 3.92428E-3 4.36764E-3 4.71575E-3 5.32651E-3 5.99548E-3 6.91452E-3 8.09935E-3 9.52957E-3 1.01078E-2 1.16517E-2 1.39802E-2 1.66121E-2 1.86965E-2 1.96275E-2 2.33335E-2 3.14283E-2 3.06366E-2 3.21098E-2 3.73599E-2
