data/Modelo 1/FALn_median.asc
ncols         78
nrows         61
xllcorner     -149.5
yllcorner     -28.5
cellsize      1.0
NODATA_value  -9999
[rows 0 to 25 of 61, columns 0 to 57 of 78]
1.46453E-2 1.15046E-2 9.32321E-3 7.87679E-3 8.79625E-3 8.38271E-3 7.11384E-3 6.11645E-3 5.22004E-3 4.26354E-3 3.77156E-3 3.38488E-3 3.46082E-3 3.41243E-3 3.39566E-3 4.10199E-3 4.45173E-3 5.59633E-3 7.36593E-3 9.54761E-3 1.31236E-2 1.63282E-2 1.74918E-2 2.43048E-2 5.52914E-2 6.36894E-2 6.3658E-2 6.1265E-2 6.42482E-2 7.23904E-2 9.5378E-2 1.2655E-1 -9999 -9999 -9999 -9999 -9999 -9999 -9999 -9999 -9999 -9999 -9999 -9999 -9999 -9999 -9999 -9999 -9999 -9999 -9999 -9999 -9999 -9999 -9999 -9999 -9999 -9999
2.01654E-2 1.80188E-2 1.4368E-2 9.23354E-3 7.34966E-3 6.05863E-3 5.81966E-3 5.73762E-3 5.30541E-3 4.74666E-3 4.51936E-3 4.15534E-3 3.98971E-3 3.94593E-3 3.62233E-3 3.78163E-3 3.94926E-3 4.25724E-3 5.37374E-3 6.58894E-3 8.96366E-3 1.20667E-2 1.23728E-2 1.58392E-2 2.46856E-2 2.92443E-2 4.87494E-2 7.82332E-2 7.89502E-2 8.61983E-2 1.02351E-1 1.2517E-1 -9999 -9999 6.60129E-1 -9999 -9999 -9999 -9999 -9999 -9999 -9999 -9999 -9999 -9999 -9999 -9999 -9999 -9999 -9999 -9999 -9999 -9999 -9999 -9999 -9999 -9999 -9999
1.97173E-2 2.00565E-2 1.72683E-2 1.25539E-2 8.58874E-3 6.42141E-3 6.40459E-3 6.55718E-3 5.63079E-3 5.03722E-3 4.77799E-3 4.49328E-3 4.03309E-3 3.8677E-3 3.25134E-3 3.19231E-3 3.14627E-3 2.83444E-3 3.12871E-3 3.39622E-3 2.8344E-3 2.55983E-3 2.96822E-3 4.47737E-3 7.28364E-3 9.44666E-3 1.34135E-2 2.75317E-2 6.70581E-2 1.02374E-1 1.20172E-1 1.32941E-1 1.28775E-1 -9999 7.10311E-1 7.23854E-1 -9999 -9999 -9999 -9999 -9999 -9999 -9999 -9999 -9999 -9999 -9999 -9999 -9999 -9999 -9999 -9999 -9999 -9999 -9999 -9999 -9999 -9999
2.03201E-2 1.91461E-2 1.63631E-2 1.24746E-2 9.92603E-3 7.68468E-3 6.74198E-3 6.2334E-3 5.55357E-3 4.56618E-3 4.12767E-3 3.88985E-3 3.72349E-3 3.83852E-3 3.33718E-3 2.85641E-3 2.40445E-3 2.39439E-3 2.52492E-3 2.437E-3 2.02591E-3 1.79032E-3 1.76385E-3 1.82801E-3 2.27087E-3 2.70183E-3 4.71264E-3 1.07889E-2 1.70705E-2 2.60929E-2 5.2624E-2 1.34085E-1 1.57301E-1 1.41635E-1 -9999 -9999 7.21127E-1 -9999 -9999 -9999 -9999 -9999 -9999 -9999 -9999 -9999 -9999 -9999 -9999 -9999 -9999 -9999 -9999 -9999 -9999 -9999 -9999 -9999
1.33104E-2 1.33972E-2 1.10809E-2 8.65337E-3 8.27957E-3 7.72318E-3 6.94767E-3 6.04511E-3 5.34784E-3 4.82446E-3 4.256E-3 3.68261E-3 3.53915E-3 3.48446E-3 3.0732E-3 2.83049E-3 2.54111E-3 2.45378E-3 2.40515E-3 2.10814E-3 1.80115E-3 1.70078E-3 1.53081E-3 1.48665E-3 1.78311E-3 2.17594E-3 2.86122E-3 5.258E-3 9.5002E-3 1.77862E-2 2.71663E-2 6.47645E-2 1.81667E-1 1.7228E-1 1.83928E-1 -9999 7.29626E-1 -9999 -9999 -9999 -9999 -9999 -9999 -9999 -9999 -9999 -9999 -9999 -9999 -9999 -9999 -9999 -9999 -9999 -9999 -9999 -9999 -9999
1.04354E-2 9.99423E-3 9.2098E-3 7.95565E-3 7.35744E-3 7.20769E-3 7.03572E-3 6.44237E-3 5.77489E-3 5.37681E-3 4.63737E-3 3.9545E-3 3.60135E-3 3.25105E-3 2.90825E-3 2.82997E-3 2.63232E-3 2.43972E-3 2.2121E-3 2.04634E-3 1.85616E-3 1.7381E-3 1.61517E-3 1.57156E-3 1.63404E-3 1.82864E-3 2.16847E-3 3.46911E-3 5.95833E-3 9.34965E-3 1.61872E-2 3.87166E-2 1.83358E-1 2.39457E-1 -9999 -9999 -9999 7.24643E-1 -9999 -9999 -9999 -9999 -9999 -9999 -9999 -9999 -9999 -9999 -9999 -9999 -9999 -9999 -9999 -9999 -9999 -9999 -9999 -9999
9.7898E-3 9.26625E-3 8.51275E-3 7.85573E-3 7.36752E-3 6.9906E-3 6.78193E-3 6.58664E-3 5.99577E-3 5.44527E-3 4.82235E-3 4.33523E-3 3.93125E-3 3.58938E-3 3.21855E-3 3.022E-3 2.82549E-3 2.60943E-3 2.42567E-3 2.23317E-3 2.02271E-3 1.89295E-3 1.86138E-3 1.84307E-3 1.87444E-3 1.95214E-3 2.13013E-3 2.65425E-3 3.65818E-3 4.8856E-3 6.94041E-3 2.18198E-2 5.23082E-2 2.8909E-1 3.33863E-1 3.82964E-1 -9999 -9999 7.22162E-1 7.03651E-1 -9999 -9999 -9999 -9999 -9999 -9999 -9999 -9999 -9999 -9999 -9999 -9999 -9999 -9999 -9999 -9999 -9999 -9999
9.35754E-3 8.62731E-3 8.056E-3 7.65645E-3 7.35411E-3 7.01576E-3 6.7472E-3 6.40952E-3 5.98357E-3 5.66967E-3 5.15359E-3 4.69258E-3 4.30849E-3 4.05014E-3 3.63208E-3 3.38081E-3 3.11588E-3 2.88168E-3 2.65838E-3 2.49779E-3 2.36387E-3 2.30447E-3 2.25432E-3 2.23051E-3 2.27678E-3 2.39697E-3 2.66407E-3 3.19247E-3 3.80408E-3 4.9585E-3 7.33677E-3 1.36668E-2 3.7251E-2 7.85958E-2 3.55967E-1 4.70469E-1 5.7475E-1 -9999 7.12664E-1 7.02504E-1 -9999 -9999 -9999 -9999 -9999 -9999 -9999 -9999 -9999 -9999 -9999 -9999 -9999 -9999 -9999 -9999 -9999 -9999
9.45984E-3 8.8505E-3 8.19492E-3 7.67489E-3 7.3966E-3 7.17255E-3 6.89128E-3 6.60122E-3 6.33122E-3 5.93837E-3 5.61748E-3 5.27455E-3 4.8829E-3 4.58395E-3 4.27118E-3 3.90038E-3 3.59172E-3 3.36955E-3 3.1356E-3 3.03341E-3 2.92567E-3 2.82301E-3 2.77973E-3 2.88088E-3 2.94303E-3 3.00317E-3 3.27478E-3 3.78528E-3 4.9045E-3 6.84491E-3 1.05643E-2 1.32677E-2 3.07099E-2 6.10304E-2 1.42511E-1 4.25764E-1 6.48283E-1 -9999 7.02696E-1 6.93792E-1 6.79093E-1 -9999 -9999 -9999 -9999 -9999 -9999 -9999 -9999 -9999 -9999 -9999 -9999 -9999 -9999 -9999 -9999 -9999
9.73852E-3 9.158E-3 8.462E-3 7.96945E-3 7.69096E-3 7.3497E-3 6.97816E-3 6.71097E-3 6.62498E-3 6.54022E-3 6.19899E-3 5.94285E-3 5.47813E-3 5.00647E-3 4.80829E-3 4.56837E-3 4.30442E-3 4.086E-3 4.06552E-3 4.12038E-3 4.03684E-3 3.86143E-3 3.98141E-3 3.90956E-3 3.86718E-3 3.92595E-3 4.3881E-3 5.11264E-3 5.82745E-3 7.33286E-3 1.16983E-2 1.62225E-2 2.6179E-2 4.80047E-2 8.41478E-2 2.42163E-1 6.72398E-1 6.9515E-1 6.98187E-1 -9999 6.78172E-1 6.73882E-1 -9999 -9999 -9999 -9999 -9999 -9999 -9999 -9999 -9999 -9999 -9999 -9999 -9999 -9999 -9999 -9999
9.81661E-3 9.34511E-3 8.57783E-3 8.04076E-3 7.81407E-3 7.53261E-3 7.36417E-3 7.26727E-3 7.24701E-3 7.44489E-3 7.31184E-3 6.74451E-3 6.30463E-3 5.87554E-3 5.655E-3 5.45081E-3 5.29956E-3 5.3515E-3 5.61868E-3 5.92187E-3 5.85295E-3 5.94706E-3 6.31169E-3 6.6239E-3 6.51793E-3 6.60953E-3 6.84996E-3 7.11724E-3 7.19204E-3 8.66687E-3 1.0787E-2 1.32357E-2 1.67785E-2 2.76514E-2 8.50251E-2 2.29742E-1 5.93296E-1 6.78109E-1 6.86296E-1 6.78612E-1 6.7818E-1 6.75353E-1 6.59521E-1 -9999 -9999 -9999 -9999 -9999 -9999 -9999 -9999 -9999 -9999 -9999 -9999 -9999 -9999 -9999
1.03435E-2 9.47287E-3 8.75371E-3 8.41731E-3 8.04389E-3 7.88449E-3 7.88059E-3 8.06319E-3 8.26433E-3 8.77919E-3 9.33275E-3 8.98083E-3 7.67511E-3 7.22456E-3 7.13512E-3 7.36356E-3 7.51686E-3 7.49823E-3 8.08755E-3 8.75177E-3 8.78533E-3 9.08578E-3 9.44485E-3 1.09793E-2 1.23723E-2 1.10993E-2 1.03126E-2 1.03156E-2 1.00737E-2 1.25708E-2 1.47271E-2 1.91792E-2 2.87207E-2 6.91187E-2 1.10329E-1 2.54781E-1 4.27584E-1 6.5252E-1 6.69957E-1 6.73337E-1 6.73288E-1 6.706E-1 6.60717E-1 6.12225E-1 -9999 -9999 -9999 -9999 -9999 -9999 -9999 -9999 -9999 -9999 -9999 -9999 -9999 -9999
1.10156E-2 1.02189E-2 9.83118E-3 9.93835E-3 9.15622E-3 8.38969E-3 8.37948E-3 8.87724E-3 9.95975E-3 1.11766E-2 1.3447E-2 1.52483E-2 1.40911E-2 1.32033E-2 1.19913E-2 1.05414E-2 1.09367E-2 1.15748E-2 1.33158E-2 1.54529E-2 1.67236E-2 1.70726E-2 1.64252E-2 2.13864E-2 2.83345E-2 2.39927E-2 2.30599E-2 2.17104E-2 2.00871E-2 2.3653E-2 2.66151E-2 3.46999E-2 7.61022E-2 1.19689E-1 1.76508E-1 3.35385E-1 4.81131E-1 6.28678E-1 6.50096E-1 6.61388E-1 6.68442E-1 6.71571E-1 6.661E-1 -9999 -9999 -9999 -9999 -9999 -9999 -9999 -9999 -9999 -9999 -9999 -9999 -9999 -9999 -9999
1.20876E-2 1.24611E-2 1.28682E-2 1.32644E-2 1.18077E-2 9.90796E-3 9.52769E-3 1.03896E-2 1.26061E-2 1.58674E-2 1.87354E-2 2.19294E-2 3.19484E-2 3.47795E-2 3.11766E-2 2.41165E-2 2.43285E-2 2.64343E-2 3.33715E-2 5.18728E-2 6.6437E-2 7.94426E-2 8.00034E-2 8.78082E-2 1.1508E-1 1.15491E-1 1.14883E-1 1.0331E-1 8.61301E-2 8.41772E-2 8.29062E-2 8.56243E-2 9.42895E-2 1.0691E-1 1.60347E-1 2.80879E-1 3.71772E-1 5.1886E-1 6.23738E-1 6.46229E-1 6.65486E-1 6.68739E-1 6.75374E-1 6.82653E-1 -9999 -9999 -9999 -9999 -9999 -9999 -9999 -9999 -9999 -9999 -9999 -9999 -9999 -9999
1.40497E-2 1.48133E-2 1.68364E-2 1.92876E-2 1.71217E-2 1.46091E-2 1.44694E-2 1.73106E-2 2.16411E-2 2.52846E-2 3.63265E-2 4.47224E-2 7.31581E-2 8.28416E-2 8.60399E-2 7.93154E-2 7.04034E-2 8.25704E-2 9.64282E-2 1.33686E-1 1.79839E-1 2.1725E-1 2.28951E-1 2.01636E-1 2.61373E-1 3.21999E-1 3.25993E-1 3.19102E-1 2.28672E-1 1.85702E-1 1.61946E-1 1.34056E-1 1.22283E-1 1.15579E-1 1.32151E-1 2.65171E-1 4.30337E-1 6.16463E-1 6.48562E-1 6.57921E-1 6.57687E-1 6.65387E-1 6.72479E-1 6.72376E-1 6.49315E-1 -9999 -9999 -9999 -9999 -9999 -9999 -9999 -9999 -9999 -9999 -9999 -9999 -9999
2.19887E-2 2.16131E-2 2.4891E-2 3.13259E-2 3.57549E-2 3.45291E-2 3.93027E-2 5.26789E-2 5.89586E-2 6.99648E-2 8.45452E-2 9.89479E-2 1.22283E-1 1.39293E-1 1.7172E-1 1.83032E-1 1.51773E-1 1.64198E-1 2.44423E-1 3.61751E-1 4.08444E-1 4.37652E-1 4.69318E-1 4.47762E-1 4.92986E-1 5.78914E-1 6.22559E-1 6.22544E-1 5.70659E-1 4.82944E-1 4.11006E-1 3.55966E-1 2.7495E-1 1.88689E-1 1.8175E-1 3.28171E-1 4.88766E-1 6.23775E-1 6.59809E-1 6.56447E-1 6.54469E-1 6.62733E-1 6.66013E-1 6.60682E-1 6.31882E-1 5.96737E-1 5.79499E-1 5.52823E-1 -9999 -9999 -9999 -9999 -9999 -9999 -9999 -9999 -9999 -9999
3.73335E-2 3.80927E-2 4.25059E-2 5.65793E-2 7.63405E-2 8.38967E-2 8.93909E-2 9.82428E-2 1.11916E-1 1.31852E-1 1.5617E-1 1.81278E-1 2.09026E-1 2.51748E-1 3.17246E-1 3.82325E-1 3.81552E-1 4.39395E-1 5.69065E-1 6.24913E-1 6.34379E-1 6.37137E-1 6.42801E-1 6.48883E-1 6.5382E-1 6.62848E-1 6.67061E-1 6.66992E-1 6.61993E-1 6.41306E-1 6.30235E-1 6.29119E-1 5.89625E-1 4.30659E-1 3.87331E-1 4.77817E-1 6.03189E-1 5.9053E-1 6.06911E-1 6.19952E-1 6.28395E-1 6.4501E-1 6.41259E-1 6.26423E-1 5.96006E-1 5.74813E-1 5.54035E-1 5.27618E-1 5.07634E-1 4.95531E-1 -9999 -9999 -9999 -9999 -9999 -9999 -9999 -9999
7.2168E-2 8.25645E-2 8.40904E-2 8.68377E-2 9.71064E-2 1.11701E-1 1.27173E-1 1.46416E-1 1.82157E-1 2.35785E-1 2.77445E-1 3.31853E-1 3.98337E-1 4.55548E-1 5.46849E-1 6.05327E-1 6.32513E-1 6.4035E-1 6.60285E-1 6.68605E-1 6.72987E-1 6.7533E-1 6.75847E-1 6.76629E-1 6.75765E-1 6.75128E-1 6.74707E-1 6.72731E-1 6.70762E-1 6.66873E-1 6.64351E-1 6.62952E-1 6.6066E-1 6.6037E-1 6.60013E-1 6.54405E-1 6.50126E-1 6.33631E-1 6.2762E-1 6.32366E-1 6.36302E-1 6.27857E-1 6.05181E-1 5.85262E-1 5.66475E-1 5.46022E-1 5.30181E-1 5.16669E-1 4.99911E-1 4.85194E-1 4.85528E-1 5.08722E-1 5.67049E-1 6.81348E-1 6.55855E-1 4.6937E-1 -9999 -9999
1.0677E-1 1.24255E-1 1.31394E-1 1.31049E-1 1.41185E-1 1.68405E-1 2.0563E-1 2.47778E-1 2.81881E-1 3.30383E-1 3.87673E-1 4.50875E-1 4.84412E-1 5.85509E-1 6.38943E-1 6.62896E-1 6.67547E-1 6.70003E-1 6.7344E-1 6.76302E-1 6.77937E-1 6.79422E-1 6.80834E-1 6.81262E-1 6.80824E-1 6.80772E-1 6.79673E-1 6.77861E-1 6.7591E-1 6.73081E-1 6.71131E-1 6.69012E-1 6.6807E-1 6.68436E-1 6.68519E-1 6.69296E-1 6.68251E-1 6.6503E-1 6.50228E-1 6.32635E-1 6.21794E-1 6.0497E-1 5.8576E-1 5.67018E-1 5.53052E-1 5.40728E-1 5.28102E-1 5.15465E-1 5.04404E-1 4.90581E-1 4.92421E-1 5.20112E-1 5.88365E-1 6.64691E-1 6.29509E-1 5.04907E-1 4.17495E-1 -9999
1.37592E-1 1.51914E-1 1.72948E-1 2.0407E-1 2.64475E-1 3.20909E-1 3.96119E-1 4.67344E-1 5.21015E-1 5.82395E-1 5.98548E-1 6.00625E-1 6.09323E-1 6.33343E-1 6.62247E-1 6.67446E-1 6.69137E-1 6.71036E-1 6.72736E-1 6.74537E-1 6.76247E-1 6.77541E-1 6.78817E-1 6.78861E-1 6.77606E-1 6.77761E-1 6.77931E-1 6.76519E-1 6.75794E-1 6.75343E-1 6.72812E-1 6.69815E-1 6.68885E-1 6.69605E-1 6.69983E-1 6.71064E-1 6.67537E-1 6.54767E-1 6.42136E-1 6.28202E-1 6.14837E-1 6.00695E-1 5.85006E-1 5.7412E-1 5.65755E-1 5.58344E-1 5.48279E-1 5.375E-1 5.26017E-1 5.16044E-1 5.26996E-1 5.63579E-1 6.10244E-1 6.26252E-1 5.82842E-1 5.19754E-1 4.77098E-1 4.53323E-1
1.92946E-1 2.17294E-1 2.53834E-1 3.20278E-1 4.68347E-1 5.75671E-1 6.01131E-1 6.26196E-1 6.37594E-1 6.47181E-1 6.56065E-1 6.62787E-1 6.60409E-1 6.63541E-1 6.65373E-1 6.69318E-1 6.70184E-1 6.70346E-1 6.71658E-1 6.72968E-1 6.74023E-1 6.74238E-1 6.74276E-1 6.73734E-1 6.73516E-1 6.74072E-1 6.74216E-1 6.74122E-1 6.73929E-1 6.73847E-1 6.72613E-1 6.7108E-1 6.70243E-1 6.70355E-1 6.6995E-1 6.64678E-1 6.55527E-1 6.49116E-1 6.41988E-1 6.31981E-1 6.2163E-1 6.1098E-1 5.99298E-1 5.90353E-1 5.83634E-1 5.77271E-1 5.727E-1 5.66292E-1 5.5518E-1 5.49842E-1 5.62476E-1 5.91429E-1 6.13281E-1 5.9869E-1 5.6392E-1 5.30308E-1 5.23163E-1 5.36557E-1
2.90066E-1 3.59141E-1 4.8602E-1 6.07621E-1 6.3777E-1 6.43107E-1 6.48616E-1 6.65019E-1 6.65941E-1 6.66321E-1 6.68638E-1 6.70302E-1 6.70601E-1 6.6953E-1 6.69758E-1 6.71099E-1 6.71624E-1 6.7156E-1 6.71286E-1 6.71944E-1 6.72546E-1 6.72505E-1 6.72354E-1 6.72571E-1 6.72618E-1 6.72491E-1 6.72233E-1 6.72833E-1 6.73443E-1 6.72973E-1 6.72471E-1 6.71942E-1 6.70794E-1 6.70253E-1 6.67346E-1 6.60143E-1 6.53768E-1 6.47581E-1 6.41859E-1 6.36836E-1 6.28728E-1 6.22298E-1 6.14463E-1 6.05979E-1 5.97393E-1 5.9377E-1 5.89791E-1 5.83947E-1 5.79561E-1 5.78101E-1 5.85406E-1 5.95586E-1 5.9911E-1 5.83956E-1 5.64296E-1 5.54163E-1 5.61877E-1 5.85029E-1
4.32969E-1 5.34959E-1 6.2386E-1 6.53722E-1 6.65147E-1 6.65157E-1 6.65068E-1 6.68966E-1 6.7081E-1 6.70894E-1 6.71348E-1 6.72437E-1 6.73028E-1 6.7282E-1 6.72301E-1 6.71497E-1 6.71185E-1 6.71513E-1 6.71144E-1 6.70752E-1 6.7096E-1 6.71351E-1 6.72069E-1 6.72785E-1 6.72566E-1 6.72672E-1 6.71141E-1 6.69943E-1 6.72606E-1 6.71228E-1 6.68782E-1 6.68239E-1 6.69008E-1 6.70535E-1 6.66948E-1 6.61677E-1 6.56655E-1 6.5169E-1 6.46225E-1 6.41356E-1 6.37133E-1 6.30614E-1 6.28469E-1 6.25914E-1 6.17941E-1 6.09358E-1 6.02084E-1 6.02328E-1 6.05945E-1 6.07491E-1 6.05358E-1 6.04977E-1 5.99014E-1 5.92283E-1 5.882E-1 5.88584E-1 5.97806E-1 6.20239E-1
5.43371E-1 5.88078E-1 6.20944E-1 6.33744E-1 6.52538E-1 6.62749E-1 6.63811E-1 6.65559E-1 6.68339E-1 6.68036E-1 6.67814E-1 6.67709E-1 6.67245E-1 6.67752E-1 6.67655E-1 6.66461E-1 6.65594E-1 6.65916E-1 6.65982E-1 6.66063E-1 6.66582E-1 6.66768E-1 6.67907E-1 6.69419E-1 6.71075E-1 6.71778E-1 6.69194E-1 6.65536E-1 6.65613E-1 6.66565E-1 6.64552E-1 6.62095E-1 6.6349E-1 6.66386E-1 6.65577E-1 6.61028E-1 6.5584E-1 6.51402E-1 6.50082E-1 6.4797E-1 6.44865E-1 6.38381E-1 6.36287E-1 6.34357E-1 6.33009E-1 6.28022E-1 6.2176E-1 6.23619E-1 6.26472E-1 6.2784E-1 6.24844E-1 6.21546E-1 6.14593E-1 6.12478E-1 6.17665E-1 6.23764E-1 6.32076E-1 6.39822E-1
5.87875E-1 6.02889E-1 6.20091E-1 6.24194E-1 6.29277E-1 6.34931E-1 6.41509E-1 6.43246E-1 6.45579E-1 6.47926E-1 6.46686E-1 6.37496E-1 6.35317E-1 6.39401E-1 6.43387E-1 6.40548E-1 6.35816E-1 6.34497E-1 6.416E-1 6.40046E-1 6.40678E-1 6.45989E-1 6.54972E-1 6.63214E-1 6.66714E-1 6.68708E-1 6.69768E-1 6.70164E-1 6.7027E-1 6.70468E-1 6.70492E-1 6.70145E-1 6.68527E-1 6.67003E-1 6.67641E-1 6.65846E-1 6.64662E-1 6.6057E-1 6.58135E-1 6.59499E-1 6.5596E-1 6.48782E-1 6.45618E-1 6.47449E-1 6.48695E-1 6.45445E-1 6.40882E-1 6.42186E-1 6.4225E-1 6.38875E-1 6.3704E-1 6.37793E-1 6.34931E-1 6.33728E-1 6.3141E-1 6.20297E-1 6.1487E-1 6.05206E-1
6.52657E-1 6.61593E-1 6.64525E-1 6.64042E-1 6.63862E-1 6.64165E-1 6.63495E-1 6.63714E-1 6.63665E-1 6.6397E-1 6.63272E-1 6.59465E-1 6.55051E-1 6.49517E-1 6.51772E-1 6.53046E-1 6.51969E-1 6.49184E-1 6.46442E-1 6.53041E-1 6.56809E-1 6.58271E-1 6.58808E-1 6.61702E-1 6.66544E-1 6.6809E-1 6.69368E-1 6.70468E-1 6.71323E-1 6.71842E-1 6.72112E-1 6.72326E-1 6.71793E-1 6.70734E-1 6.69947E-1 6.6906E-1 6.67756E-1 6.675E-1 6.68274E-1 6.68296E-1 6.66339E-1 6.63992E-1 6.64323E-1 6.65868E-1 6.6713E-1 6.66686E-1 6.65066E-1 6.61549E-1 6.6159E-1 6.54248E-1 6.47734E-1 6.44863E-1 6.44093E-1 6.42331E-1 6.41219E-1 6.38614E-1 6.16439E-1 6.02062E-1
