data/Modelo 1/FALn_stddev.asc
ncols         78
nrows         61
xllcorner     -149.5
yllcorner     -28.5
cellsize      1.0
NODATA_value  -9999
[rows 26 to 51 of 61, columns 0 to 57 of 78]
5.87528E-3 6.06648E-3 6.00891E-3 6.02867E-3 6.01677E-3 6.02702E-3 6.40797E-3 6.82669E-3 6.88181E-3 6.72315E-3 6.71206E-3 6.91751E-3 6.96154E-3 7.00243E-3 6.93888E-3 6.91981E-3 6.97396E-3 7.09081E-3 7.25169E-3 7.28362E-3 7.21171E-3 7.28987E-3 7.25238E-3 7.21237E-3 7.25018E-3 7.26544E-3 7.25969E-3 7.1069E-3 6.95471E-3 6.88958E-3 6.87659E-3 6.96997E-3 7.06281E-3 7.16159E-3 7.46975E-3 7.8992E-3 8.26143E-3 8.42515E-3 8.4027E-3 7.89691E-3 7.53602E-3 7.22282E-3 6.58419E-3 5.75439E-3 4.94694E-3 4.58414E-3 4.70113E-3 4.9661E-3 5.21947E-3 5.60633E-3 5.92158E-3 4.39929E-3 4.66247E-3 5.73891E-3 6.72456E-3 7.51865E-3 8.54524E-3 9.58693E-3
4.37338E-3 4.5659E-3 4.46307E-3 4.38394E-3 4.27679E-3 4.2334E-3 4.54433E-3 4.85254E-3 4.87329E-3 4.71443E-3 4.65262E-3 4.91148E-3 5.13085E-3 5.21178E-3 5.28269E-3 5.32109E-3 5.2895E-3 5.29574E-3 5.32683E-3 5.31622E-3 5.28139E-3 5.35045E-3 5.15596E-3 5.27682E-3 5.51175E-3 5.4205E-3 5.30384E-3 5.31935E-3 5.30546E-3 5.34344E-3 5.34991E-3 5.38175E-3 5.23882E-3 5.33152E-3 5.44794E-3 5.68687E-3 5.88599E-3 5.8686E-3 6.1291E-3 6.50044E-3 6.19788E-3 5.82613E-3 5.61951E-3 5.44372E-3 5.18128E-3 4.72527E-3 4.4731E-3 4.46484E-3 4.39526E-3 4.43732E-3 4.79183E-3 5.24368E-3 5.72456E-3 6.75128E-3 7.38417E-3 5.90156E-3 5.01939E-3 4.78142E-3
4.22146E-3 4.33761E-3 4.33005E-3 4.19035E-3 4.00765E-3 4.01688E-3 4.30286E-3 4.3672E-3 4.30735E-3 4.27801E-3 4.27933E-3 4.41029E-3 4.60327E-3 4.75583E-3 4.71281E-3 4.65271E-3 4.50716E-3 4.52787E-3 4.55318E-3 4.53724E-3 4.48031E-3 4.47989E-3 4.36953E-3 4.37085E-3 4.49966E-3 4.40098E-3 4.47027E-3 4.57117E-3 4.60819E-3 4.5496E-3 4.47376E-3 4.45494E-3 4.32886E-3 4.17758E-3 4.01483E-3 3.93482E-3 3.86041E-3 3.88278E-3 4.33005E-3 4.79958E-3 4.69308E-3 4.46977E-3 4.34183E-3 4.39033E-3 4.37066E-3 4.11361E-3 3.75314E-3 3.61518E-3 3.74666E-3 3.84724E-3 3.99057E-3 4.19545E-3 4.42145E-3 4.77103E-3 5.3481E-3 5.93946E-3 6.43747E-3 6.90096E-3
3.73779E-3 3.86327E-3 3.94475E-3 3.90779E-3 3.81399E-3 3.79917E-3 3.85167E-3 3.84934E-3 3.74569E-3 3.75661E-3 3.86179E-3 3.92754E-3 3.98135E-3 4.05612E-3 3.98071E-3 3.97803E-3 3.85795E-3 3.87558E-3 3.84134E-3 3.85633E-3 3.91385E-3 3.91691E-3 3.90939E-3 3.93022E-3 3.93661E-3 3.87537E-3 3.97864E-3 4.14593E-3 4.18787E-3 4.11283E-3 4.20184E-3 4.29669E-3 4.17388E-3 3.92997E-3 3.71059E-3 3.45454E-3 3.33269E-3 3.41692E-3 3.72197E-3 3.83199E-3 3.8184E-3 3.73123E-3 3.58879E-3 3.5369E-3 3.53914E-3 3.39446E-3 3.24793E-3 3.40615E-3 3.55835E-3 3.68396E-3 3.78245E-3 3.93386E-3 4.06106E-3 4.2197E-3 4.4461E-3 4.73857E-3 5.11139E-3 5.39946E-3
3.17856E-3 3.27722E-3 3.38607E-3 3.38468E-3 3.32717E-3 3.30503E-3 3.32702E-3 3.37619E-3 3.32872E-3 3.30305E-3 3.37439E-3 3.4474E-3 3.46317E-3 3.45085E-3 3.40787E-3 3.37523E-3 3.26911E-3 3.18801E-3 3.17086E-3 3.22331E-3 3.27524E-3 3.34773E-3 3.44516E-3 3.45565E-3 3.45706E-3 3.48567E-3 3.49637E-3 3.61586E-3 3.66229E-3 3.73509E-3 3.81669E-3 3.87607E-3 3.78961E-3 3.57233E-3 3.35739E-3 3.31231E-3 3.44156E-3 3.50732E-3 3.60789E-3 3.61011E-3 3.63025E-3 3.57096E-3 3.4632E-3 3.40985E-3 3.40524E-3 3.40011E-3 3.39654E-3 3.49673E-3 3.56446E-3 3.63287E-3 3.7564E-3 3.89486E-3 4.06415E-3 4.21932E-3 4.39981E-3 4.5421E-3 4.73345E-3 4.97524E-3
2.93471E-3 2.95543E-3 2.95363E-3 2.98605E-3 2.98532E-3 2.94981E-3 2.98376E-3 3.04549E-3 3.03196E-3 3.02832E-3 3.08172E-3 3.18477E-3 3.28033E-3 3.30788E-3 3.31605E-3 3.33928E-3 3.35996E-3 3.26572E-3 3.2357E-3 3.28885E-3 3.36725E-3 3.53004E-3 3.73006E-3 3.7527E-3 3.7871E-3 4.03649E-3 4.1265E-3 4.27807E-3 4.29873E-3 4.32181E-3 4.30387E-3 4.31565E-3 4.37072E-3 4.28854E-3 4.25913E-3 4.28107E-3 3.87937E-3 4.08495E-3 4.2217E-3 3.9124E-3 3.70643E-3 4.04737E-3 4.6916E-3 4.74902E-3 4.6927E-3 4.46268E-3 4.34473E-3 4.45998E-3 4.68689E-3 4.84417E-3 4.90628E-3 5.09683E-3 5.5325E-3 5.70924E-3 5.61227E-3 5.26999E-3 5.2783E-3 5.46076E-3
3.73637E-3 3.89612E-3 4.10648E-3 4.15358E-3 3.95962E-3 3.89434E-3 3.65812E-3 3.51418E-3 3.56492E-3 3.49E-3 3.24937E-3 3.35214E-3 3.65968E-3 3.9721E-3 4.29036E-3 4.63236E-3 4.84059E-3 4.89665E-3 4.99953E-3 5.15473E-3 5.47781E-3 5.77788E-3 6.22184E-3 6.71596E-3 7.11062E-3 7.56705E-3 7.96618E-3 8.2722E-3 8.57695E-3 8.8281E-3 8.86663E-3 8.8438E-3 8.89076E-3 8.90526E-3 9.03813E-3 9.38424E-3 9.60829E-3 9.66343E-3 9.74895E-3 1.01295E-2 1.04598E-2 1.04251E-2 1.01433E-2 9.87969E-3 9.46527E-3 8.90255E-3 8.28683E-3 7.93485E-3 7.88753E-3 7.8873E-3 7.77328E-3 7.62177E-3 7.54811E-3 7.45661E-3 7.00079E-3 7.12042E-3 9.53947E-3 1.06277E-2
3.91842E-3 3.88896E-3 3.92507E-3 4.18119E-3 4.12257E-3 4.15874E-3 4.11818E-3 3.76546E-3 3.44766E-3 3.31735E-3 3.42476E-3 3.89733E-3 4.45089E-3 4.99555E-3 5.50274E-3 5.85888E-3 6.06898E-3 6.31334E-3 6.62458E-3 6.88671E-3 7.07295E-3 7.33011E-3 7.76019E-3 8.3539E-3 8.98485E-3 9.45513E-3 9.79691E-3 1.02263E-2 1.07236E-2 1.15016E-2 1.20904E-2 1.2278E-2 1.23372E-2 1.25017E-2 1.28894E-2 1.32203E-2 1.37901E-2 1.4063E-2 1.28872E-2 1.16292E-2 1.09242E-2 9.99334E-3 9.82091E-3 1.00634E-2 1.10312E-2 1.24446E-2 1.34561E-2 1.36908E-2 1.33217E-2 1.16161E-2 1.05284E-2 1.08784E-2 1.09536E-2 1.05699E-2 1.1847E-2 1.36236E-2 1.42888E-2 2.0021E-2
5.79438E-3 5.74511E-3 5.4072E-3 5.00678E-3 4.79005E-3 4.66175E-3 4.38761E-3 4.07316E-3 3.71852E-3 3.59112E-3 3.46563E-3 3.45297E-3 3.43001E-3 3.4036E-3 3.42202E-3 3.44629E-3 3.47476E-3 3.55176E-3 3.66467E-3 3.76096E-3 3.88463E-3 4.16755E-3 4.23907E-3 4.37758E-3 4.00813E-3 3.62943E-3 3.69477E-3 4.01135E-3 4.38774E-3 4.72955E-3 5.40108E-3 5.83231E-3 5.75734E-3 5.95032E-3 6.61559E-3 7.3975E-3 8.14806E-3 8.53519E-3 9.02088E-3 9.91382E-3 1.04247E-2 1.08436E-2 1.12401E-2 1.1185E-2 1.09941E-2 1.09275E-2 1.10398E-2 1.12929E-2 1.12239E-2 1.14037E-2 1.20572E-2 1.25496E-2 1.32602E-2 1.34921E-2 9.75367E-3 1.11606E-2 1.5841E-2 1.59471E-2
5.87215E-3 5.78221E-3 5.5023E-3 5.27459E-3 5.27938E-3 5.17149E-3 5.06443E-3 4.9488E-3 4.67311E-3 4.57204E-3 4.33603E-3 4.14571E-3 4.1476E-3 4.14606E-3 3.87705E-3 3.69929E-3 3.66464E-3 3.72782E-3 3.72324E-3 3.81491E-3 3.89564E-3 3.83499E-3 3.62071E-3 3.60501E-3 3.58762E-3 3.41462E-3 3.3433E-3 3.33699E-3 3.30334E-3 3.33308E-3 3.38119E-3 3.45362E-3 3.53946E-3 3.64192E-3 3.81971E-3 4.05252E-3 3.99665E-3 3.61584E-3 3.3195E-3 3.91625E-3 4.42742E-3 4.85764E-3 5.13457E-3 4.81438E-3 4.57688E-3 4.70278E-3 4.98751E-3 5.29028E-3 5.4747E-3 5.67564E-3 6.34701E-3 7.49873E-3 8.85211E-3 1.08648E-2 1.3696E-2 1.13854E-2 1.09557E-2 1.45606E-2
4.4354E-3 4.28449E-3 4.16649E-3 4.01179E-3 4.04297E-3 3.97837E-3 3.96501E-3 4.05453E-3 4.15139E-3 4.10836E-3 3.80269E-3 3.54076E-3 3.44029E-3 3.42034E-3 3.30539E-3 3.36597E-3 3.48357E-3 3.46798E-3 3.48501E-3 3.59206E-3 3.63988E-3 3.47686E-3 3.29767E-3 3.23782E-3 3.24368E-3 3.22221E-3 3.33594E-3 3.40615E-3 3.29209E-3 3.15846E-3 3.08273E-3 3.05327E-3 3.08957E-3 3.0444E-3 3.00237E-3 2.96149E-3 3.02338E-3 3.16008E-3 3.2689E-3 3.35258E-3 3.43335E-3 3.64674E-3 3.82244E-3 3.81733E-3 3.76984E-3 3.85162E-3 3.823E-3 3.85029E-3 3.69855E-3 3.14545E-3 3.75803E-3 4.7153E-3 5.8816E-3 7.07612E-3 7.74809E-3 7.55445E-3 6.73779E-3 5.71993E-3
3.91954E-3 3.73975E-3 3.59029E-3 3.51331E-3 3.51427E-3 3.47872E-3 3.40129E-3 3.46765E-3 3.61941E-3 3.46892E-3 3.27389E-3 3.238E-3 3.15965E-3 3.11124E-3 3.11846E-3 3.19956E-3 3.31585E-3 3.23158E-3 3.11542E-3 3.03061E-3 2.88182E-3 2.82606E-3 2.87179E-3 2.90149E-3 2.92029E-3 2.94061E-3 2.95002E-3 2.95088E-3 2.94559E-3 2.97084E-3 2.92751E-3 2.88433E-3 2.86847E-3 2.88781E-3 2.83057E-3 2.79287E-3 2.79301E-3 2.77983E-3 2.75868E-3 2.77457E-3 2.82912E-3 2.79474E-3 2.75719E-3 2.75721E-3 2.76738E-3 2.78946E-3 2.86355E-3 2.97309E-3 3.09367E-3 3.36872E-3 3.83785E-3 3.87354E-3 3.89578E-3 3.77943E-3 3.82732E-3 3.69626E-3 3.39702E-3 3.31341E-3
4.39483E-3 4.37244E-3 4.03501E-3 3.94711E-3 4.03888E-3 4.10474E-3 4.13313E-3 4.15051E-3 4.36115E-3 4.36262E-3 4.31946E-3 4.21164E-3 4.10806E-3 4.07963E-3 4.22489E-3 4.50402E-3 4.72613E-3 4.57152E-3 4.19092E-3 3.90527E-3 3.71968E-3 3.71788E-3 3.62846E-3 3.5776E-3 3.73948E-3 3.93571E-3 3.74135E-3 3.3064E-3 3.031E-3 3.09515E-3 3.00788E-3 2.85846E-3 2.80032E-3 2.77579E-3 2.72902E-3 2.75463E-3 2.81333E-3 2.86502E-3 2.81456E-3 2.907E-3 2.94203E-3 2.94138E-3 2.88371E-3 2.87693E-3 2.9124E-3 3.01395E-3 3.0447E-3 3.04191E-3 3.12854E-3 3.0573E-3 2.95136E-3 2.91754E-3 2.96519E-3 3.02281E-3 3.07911E-3 3.02291E-3 2.95932E-3 2.87045E-3
6.57011E-3 6.80769E-3 5.38326E-3 4.8341E-3 5.334E-3 5.85494E-3 6.22615E-3 6.72977E-3 7.42362E-3 7.9573E-3 7.12156E-3 6.36925E-3 5.9045E-3 6.20211E-3 7.115E-3 8.12552E-3 9.17586E-3 8.72776E-3 7.03763E-3 6.0112E-3 6.60704E-3 7.77422E-3 7.66122E-3 6.74272E-3 7.08282E-3 7.12683E-3 6.55413E-3 5.03213E-3 4.55737E-3 4.56849E-3 4.48489E-3 4.14688E-3 4.07095E-3 3.92541E-3 3.84433E-3 3.76557E-3 3.70032E-3 3.78515E-3 3.9027E-3 4.00591E-3 3.82697E-3 3.49165E-3 3.20799E-3 3.29537E-3 3.34947E-3 3.66815E-3 3.65946E-3 3.69799E-3 4.00398E-3 3.74029E-3 3.59919E-3 3.63816E-3 3.64019E-3 3.61867E-3 3.48757E-3 3.26374E-3 3.04522E-3 2.90633E-3
8.77423E-3 8.17949E-3 7.77928E-3 6.23642E-3 5.9804E-3 6.29265E-3 6.34762E-3 6.93714E-3 8.3116E-3 9.92256E-3 8.93571E-3 8.90009E-3 8.9455E-3 8.33848E-3 9.35972E-3 1.0446E-2 9.94954E-3 9.89731E-3 9.3497E-3 7.92913E-3 9.66159E-3 1.15558E-2 1.17773E-2 1.15147E-2 9.7899E-3 7.74509E-3 6.99519E-3 6.5047E-3 4.77605E-3 4.6839E-3 4.61547E-3 4.61507E-3 4.6772E-3 4.89628E-3 4.82715E-3 4.80105E-3 4.61636E-3 4.74038E-3 4.81512E-3 4.9895E-3 4.82719E-3 4.51809E-3 4.13613E-3 4.16722E-3 4.41224E-3 4.69609E-3 4.4037E-3 4.70521E-3 4.66922E-3 3.96827E-3 3.64595E-3 3.73146E-3 3.9359E-3 4.11748E-3 3.93593E-3 3.54779E-3 3.09026E-3 2.90004E-3
1.1018E-2 1.01067E-2 9.6899E-3 9.42545E-3 8.12556E-3 6.97444E-3 5.23059E-3 4.73483E-3 4.72461E-3 5.76676E-3 6.56756E-3 8.64767E-3 1.05112E-2 1.05158E-2 1.11959E-2 1.1209E-2 9.39443E-3 8.75407E-3 1.05974E-2 1.13044E-2 1.1622E-2 1.32599E-2 1.22968E-2 1.12988E-2 9.85572E-3 7.91182E-3 6.79179E-3 7.17318E-3 5.8057E-3 4.96403E-3 5.30263E-3 6.28041E-3 6.1741E-3 6.41178E-3 5.86306E-3 5.33531E-3 5.73722E-3 5.97831E-3 4.87931E-3 4.83269E-3 4.85804E-3 4.84259E-3 4.72445E-3 4.50824E-3 4.39062E-3 4.72357E-3 4.80295E-3 4.89528E-3 4.73064E-3 4.23633E-3 4.10423E-3 4.28117E-3 4.48384E-3 4.05245E-3 3.6333E-3 3.27446E-3 3.15238E-3 3.09571E-3
1.0331E-2 1.30204E-2 1.5853E-2 1.42104E-2 1.86084E-2 1.31648E-2 7.6613E-3 4.94266E-3 3.80706E-3 3.81124E-3 4.75531E-3 7.73265E-3 8.7268E-3 9.50993E-3 9.73064E-3 8.54932E-3 7.41956E-3 6.58127E-3 6.7623E-3 7.69244E-3 9.27963E-3 9.85115E-3 8.47237E-3 8.33481E-3 7.67185E-3 6.63236E-3 6.67394E-3 7.80423E-3 7.46567E-3 6.15384E-3 7.31785E-3 9.05618E-3 8.37018E-3 6.89339E-3 6.28173E-3 6.3885E-3 6.32616E-3 5.89934E-3 5.02185E-3 5.01367E-3 5.28502E-3 4.89358E-3 4.92241E-3 5.11717E-3 5.26948E-3 5.20488E-3 4.98821E-3 4.50683E-3 4.13048E-3 4.17182E-3 4.04402E-3 4.08463E-3 4.34836E-3 4.14135E-3 3.60223E-3 3.3957E-3 3.41677E-3 3.40594E-3
5.15339E-3 5.41638E-3 5.62169E-3 6.14007E-3 7.77159E-3 1.08145E-2 1.39089E-2 1.08587E-2 7.46476E-3 4.70818E-3 6.05284E-3 1.22595E-2 1.27835E-2 1.13379E-2 9.14424E-3 7.9806E-3 8.97699E-3 8.87446E-3 8.58214E-3 8.15337E-3 8.31675E-3 8.67669E-3 8.55463E-3 8.6246E-3 8.94442E-3 9.00827E-3 8.83671E-3 8.45942E-3 8.07597E-3 8.07488E-3 8.76639E-3 8.8322E-3 8.75613E-3 8.65145E-3 9.20075E-3 9.30103E-3 8.83445E-3 9.39771E-3 9.3476E-3 1.00129E-2 1.04627E-2 9.47895E-3 7.97476E-3 7.12667E-3 6.21933E-3 5.41184E-3 5.24165E-3 5.04532E-3 4.97247E-3 5.01928E-3 5.06371E-3 4.89468E-3 4.88128E-3 4.6083E-3 4.47483E-3 4.47104E-3 4.35433E-3 4.19757E-3
4.5806E-3 4.74239E-3 4.85251E-3 5.03386E-3 5.21486E-3 5.47916E-3 6.08891E-3 7.39473E-3 1.23132E-2 1.20906E-2 1.14038E-2 1.03046E-2 1.10459E-2 1.23349E-2 1.31332E-2 1.36089E-2 1.66726E-2 1.16369E-2 8.56242E-3 7.41859E-3 7.80538E-3 8.05214E-3 7.90629E-3 7.79358E-3 7.77531E-3 7.47754E-3 7.55592E-3 8.15531E-3 8.57678E-3 8.09312E-3 7.9795E-3 8.07076E-3 7.8711E-3 8.15633E-3 8.61213E-3 8.68421E-3 8.66829E-3 8.68576E-3 9.35409E-3 9.99084E-3 9.44802E-3 8.98986E-3 8.94458E-3 8.74005E-3 8.92379E-3 9.61775E-3 9.60952E-3 9.49292E-3 9.14264E-3 8.53578E-3 7.72549E-3 6.71327E-3 6.02967E-3 5.68309E-3 6.9312E-3 6.63834E-3 5.46678E-3 5.08519E-3
5.66321E-3 6.45571E-3 6.06647E-3 5.09313E-3 4.78924E-3 5.12777E-3 5.61734E-3 5.75961E-3 5.764E-3 5.7528E-3 5.82346E-3 5.74582E-3 5.76416E-3 5.89761E-3 6.2501E-3 7.01537E-3 8.14074E-3 1.12003E-2 1.25323E-2 1.74904E-2 1.64679E-2 1.32024E-2 1.16068E-2 1.08877E-2 1.04765E-2 1.00486E-2 9.32742E-3 1.06389E-2 1.18411E-2 1.21219E-2 1.00022E-2 9.55782E-3 1.03654E-2 1.04487E-2 9.9807E-3 1.02694E-2 1.1167E-2 1.1998E-2 1.14778E-2 1.20977E-2 1.1703E-2 1.16543E-2 1.28092E-2 1.25349E-2 1.18363E-2 1.12072E-2 1.15399E-2 1.23782E-2 1.29889E-2 1.22055E-2 1.09122E-2 9.561E-3 9.07852E-3 9.18208E-3 9.81128E-3 8.0428E-3 8.21365E-3 8.86326E-3
3.71129E-3 4.16509E-3 4.79545E-3 4.59281E-3 4.38369E-3 4.81613E-3 6.42332E-3 7.25643E-3 5.34256E-3 5.50341E-3 5.60645E-3 5.58267E-3 5.55603E-3 5.55783E-3 5.56298E-3 5.60116E-3 5.63118E-3 5.68802E-3 6.10886E-3 7.40969E-3 9.25172E-3 1.19405E-2 1.36803E-2 1.4944E-2 1.49254E-2 1.48749E-2 1.49183E-2 1.17136E-2 9.57246E-3 1.07738E-2 1.32926E-2 1.44361E-2 1.29377E-2 1.58812E-2 1.31289E-2 1.60425E-2 1.87439E-2 1.82386E-2 1.77391E-2 1.69871E-2 1.64539E-2 1.61702E-2 1.63328E-2 1.77622E-2 1.74648E-2 1.77417E-2 1.8569E-2 1.76498E-2 1.6888E-2 1.73455E-2 1.71234E-2 1.79906E-2 1.69376E-2 1.46189E-2 1.44267E-2 1.64014E-2 1.33688E-2 1.064E-2
6.71635E-3 6.8651E-3 6.77251E-3 5.00262E-3 2.47702E-3 1.73755E-3 1.89205E-3 2.40552E-3 3.18936E-3 5.17273E-3 7.12302E-3 7.38617E-3 7.32959E-3 6.84207E-3 5.32277E-3 5.10698E-3 5.26146E-3 5.37909E-3 5.544E-3 5.60905E-3 5.62942E-3 5.81647E-3 6.02731E-3 6.05865E-3 6.01492E-3 5.89942E-3 5.89687E-3 5.70487E-3 5.61944E-3 5.68095E-3 5.72526E-3 5.71101E-3 5.67713E-3 6.01492E-3 7.15317E-3 8.45508E-3 1.00132E-2 1.24291E-2 1.47134E-2 1.64756E-2 1.59769E-2 1.34758E-2 1.45453E-2 1.60794E-2 1.61705E-2 1.64384E-2 1.65095E-2 1.55932E-2 1.68284E-2 1.7915E-2 2.04722E-2 2.00533E-2 1.9283E-2 1.75749E-2 1.67421E-2 1.3279E-2 1.08148E-2 1.39155E-2
5.28249E-3 5.65215E-3 5.65277E-3 5.56231E-3 4.28973E-3 1.9571E-3 1.8793E-3 1.45878E-3 1.39908E-3 1.66319E-3 2.07402E-3 2.19303E-3 2.21033E-3 2.54706E-3 3.20296E-3 3.69108E-3 3.93983E-3 5.08876E-3 7.04142E-3 5.01862E-3 5.25266E-3 5.3531E-3 5.39906E-3 5.33587E-3 5.32389E-3 5.27668E-3 5.20822E-3 5.18277E-3 5.1701E-3 4.92548E-3 5.21034E-3 5.27754E-3 4.98264E-3 5.0707E-3 5.18733E-3 5.36463E-3 5.55592E-3 5.83694E-3 6.23493E-3 6.73144E-3 7.54433E-3 7.65944E-3 6.91237E-3 7.25307E-3 9.59677E-3 1.11932E-2 1.33655E-2 1.69532E-2 1.75466E-2 1.88502E-2 2.02544E-2 2.07658E-2 1.62721E-2 1.42349E-2 1.57614E-2 1.75241E-2 1.86019E-2 1.84823E-2
5.58926E-3 5.79464E-3 6.40781E-3 5.90965E-3 5.55894E-3 6.08444E-3 3.28169E-3 1.50577E-3 1.08221E-3 1.01391E-3 1.06826E-3 1.02218E-3 1.05947E-3 1.01885E-3 1.03373E-3 1.05423E-3 1.06142E-3 1.22294E-3 2.00186E-3 3.06662E-3 4.03726E-3 5.25869E-3 6.40801E-3 6.58862E-3 5.93909E-3 4.67513E-3 4.6696E-3 5.13435E-3 4.38257E-3 2.65385E-3 1.98269E-3 2.32658E-3 2.96036E-3 3.2499E-3 3.71282E-3 5.06539E-3 7.23351E-3 6.24292E-3 4.82986E-3 5.07586E-3 5.2447E-3 5.32095E-3 5.46054E-3 5.79535E-3 7.95474E-3 1.03724E-2 1.24894E-2 1.36246E-2 1.42991E-2 1.50377E-2 1.43271E-2 1.67159E-2 1.55161E-2 1.56971E-2 1.87584E-2 1.9728E-2 2.07863E-2 1.94479E-2
5.30174E-3 5.57728E-3 5.89275E-3 5.99873E-3 5.55372E-3 4.95288E-3 3.65184E-3 1.7158E-3 1.27035E-3 8.69525E-4 7.91628E-4 7.56064E-4 7.26411E-4 6.31153E-4 5.72829E-4 5.68947E-4 5.75126E-4 5.91996E-4 6.57605E-4 7.25951E-4 8.6501E-4 1.07723E-3 1.01563E-3 1.20228E-3 1.13866E-3 8.99161E-4 8.5855E-4 9.04362E-4 8.20284E-4 6.67304E-4 6.2058E-4 6.95912E-4 7.27818E-4 7.38343E-4 6.6787E-4 7.33868E-4 9.97964E-4 1.39102E-3 2.07743E-3 3.85808E-3 5.02603E-3 4.25684E-3 4.32626E-3 4.99642E-3 8.89825E-3 1.1815E-2 1.12781E-2 1.16031E-2 1.17722E-2 1.12703E-2 1.08109E-2 1.19607E-2 1.16899E-2 1.26585E-2 1.55857E-2 1.56639E-2 1.57817E-2 1.50124E-2
7.34383E-3 5.43893E-3 5.21406E-3 5.32201E-3 6.29056E-3 7.38495E-3 4.60767E-3 2.73014E-3 1.65752E-3 9.13298E-4 7.0565E-4 6.44221E-4 6.11071E-4 5.2299E-4 4.77286E-4 4.63991E-4 4.57545E-4 4.4445E-4 4.51445E-4 4.56118E-4 4.68668E-4 4.87662E-4 5.23702E-4 5.53576E-4 5.31118E-4 4.96925E-4 4.6725E-4 4.5312E-4 4.35494E-4 4.18642E-4 4.02245E-4 3.88795E-4 3.79516E-4 3.80856E-4 3.6143E-4 3.82743E-4 4.22841E-4 5.12668E-4 6.18952E-4 8.11038E-4 9.76446E-4 1.05008E-3 1.29517E-3 1.60199E-3 2.12129E-3 2.79325E-3 3.71619E-3 3.74534E-3 4.57909E-3 6.21438E-3 8.33037E-3 9.67427E-3 9.03377E-3 1.01412E-2 9.80633E-3 9.59666E-3 9.04041E-3 8.02549E-3
