data/Modelo 1/FALn_min.asc
ncols         78
nrows         61
xllcorner     -149.5
yllcorner     -28.5
cellsize      1.0
NODATA_value  -9999
[rows 0 to 25 of 61, columns 0 to 57 of 78]
1.26757E-2 1.02628E-2 8.44617E-3 7.07637E-3 7.95305E-3 7.43175E-3 6.20065E-3 5.33775E-3 4.36618E-3 3.5234E-3 3.11089E-3 2.78466E-3 2.8617E-3 2.84195E-3 2.85267E-3 3.53682E-3 3.91104E-3 4.84257E-3 6.05536E-3 7.28937E-3 1.09764E-2 1.45383E-2 1.58389E-2 2.1565E-2 4.52162E-2 5.07073E-2 5.25742E-2 4.97889E-2 5.18632E-2 6.07218E-2 8.31023E-2 1.08732E-1 -9999 -9999 -9999 -9999 -9999 -9999 -9999 -9999 -9999 -9999 -9999 -9999 -9999 -9999 -9999 -9999 -9999 -9999 -9999 -9999 -9999 -9999 -9999 -9999 -9999 -9999
1.54312E-2 1.42255E-2 1.21739E-2 8.10356E-3 6.47027E-3 5.38882E-3 5.21994E-3 5.1458E-3 4.53192E-3 3.97176E-3 3.78399E-3 3.4915E-3 3.4345E-3 3.39069E-3 3.0287E-3 3.19015E-3 3.3938E-3 3.72203E-3 4.6766E-3 5.43305E-3 6.91651E-3 9.07475E-3 1.08326E-2 1.42513E-2 2.22165E-2 2.61316E-2 4.19088E-2 6.44644E-2 6.72555E-2 7.46694E-2 9.09102E-2 1.11424E-1 -9999 -9999 6.45872E-1 -9999 -9999 -9999 -9999 -9999 -9999 -9999 -9999 -9999 -9999 -9999 -9999 -9999 -9999 -9999 -9999 -9999 -9999 -9999 -9999 -9999 -9999 -9999
1.39452E-2 1.39602E-2 1.34412E-2 1.06749E-2 7.74548E-3 5.67331E-3 5.59507E-3 5.76505E-3 5.03227E-3 4.52154E-3 4.24788E-3 3.95596E-3 3.52114E-3 3.25982E-3 2.67849E-3 2.62596E-3 2.60983E-3 2.37727E-3 2.70131E-3 2.99609E-3 2.53692E-3 2.32877E-3 2.7506E-3 3.87704E-3 5.65224E-3 6.99021E-3 1.18295E-2 2.4869E-2 5.72562E-2 8.37803E-2 1.04493E-1 1.19621E-1 1.14319E-1 -9999 6.97652E-1 7.0493E-1 -9999 -9999 -9999 -9999 -9999 -9999 -9999 -9999 -9999 -9999 -9999 -9999 -9999 -9999 -9999 -9999 -9999 -9999 -9999 -9999 -9999 -9999
1.42088E-2 1.32808E-2 1.19143E-2 9.65292E-3 8.23288E-3 6.92482E-3 6.00697E-3 5.41519E-3 4.80883E-3 4.02022E-3 3.65267E-3 3.37855E-3 3.21488E-3 3.23649E-3 2.75026E-3 2.33229E-3 1.95092E-3 1.95428E-3 2.06494E-3 1.98951E-3 1.64584E-3 1.45232E-3 1.46123E-3 1.56854E-3 2.08759E-3 2.53463E-3 4.0096E-3 8.00165E-3 1.47309E-2 2.33059E-2 4.86282E-2 1.12404E-1 1.41177E-1 1.23857E-1 -9999 -9999 7.03778E-1 -9999 -9999 -9999 -9999 -9999 -9999 -9999 -9999 -9999 -9999 -9999 -9999 -9999 -9999 -9999 -9999 -9999 -9999 -9999 -9999 -9999
1.06728E-2 1.0566E-2 8.90366E-3 7.23095E-3 6.89659E-3 6.66746E-3 6.2446E-3 5.44591E-3 4.76368E-3 4.18479E-3 3.73579E-3 3.27588E-3 3.02113E-3 2.88502E-3 2.5126E-3 2.30595E-3 2.06452E-3 1.98826E-3 1.95445E-3 1.70723E-3 1.45499E-3 1.37538E-3 1.23282E-3 1.19675E-3 1.45156E-3 1.89405E-3 2.57732E-3 4.52513E-3 7.57701E-3 1.47597E-2 2.34405E-2 6.08468E-2 1.68879E-1 1.55069E-1 1.64985E-1 -9999 7.04629E-1 -9999 -9999 -9999 -9999 -9999 -9999 -9999 -9999 -9999 -9999 -9999 -9999 -9999 -9999 -9999 -9999 -9999 -9999 -9999 -9999 -9999
9.29845E-3 8.91316E-3 8.07707E-3 7.03734E-3 6.51497E-3 6.22961E-3 5.9471E-3 5.54468E-3 5.13214E-3 4.88759E-3 4.04404E-3 3.40971E-3 2.99263E-3 2.66891E-3 2.36999E-3 2.30321E-3 2.13535E-3 1.97429E-3 1.78785E-3 1.65131E-3 1.49206E-3 1.39402E-3 1.29738E-3 1.26228E-3 1.3111E-3 1.47361E-3 1.79621E-3 3.02366E-3 5.22979E-3 7.79969E-3 1.23631E-2 3.32227E-2 1.61108E-1 2.21155E-1 -9999 -9999 -9999 7.02358E-1 -9999 -9999 -9999 -9999 -9999 -9999 -9999 -9999 -9999 -9999 -9999 -9999 -9999 -9999 -9999 -9999 -9999 -9999 -9999 -9999
8.70395E-3 8.25044E-3 7.5662E-3 6.99446E-3 6.59484E-3 6.12153E-3 5.90511E-3 5.64838E-3 5.28524E-3 4.89209E-3 4.33796E-3 3.75148E-3 3.2535E-3 2.98025E-3 2.66493E-3 2.48639E-3 2.31127E-3 2.12457E-3 1.96965E-3 1.80469E-3 1.62593E-3 1.52472E-3 1.49866E-3 1.48406E-3 1.50668E-3 1.57345E-3 1.72646E-3 2.19401E-3 3.08167E-3 4.23676E-3 6.19993E-3 1.65081E-2 4.44958E-2 2.58681E-1 3.07749E-1 3.59507E-1 -9999 -9999 7.00566E-1 6.85009E-1 -9999 -9999 -9999 -9999 -9999 -9999 -9999 -9999 -9999 -9999 -9999 -9999 -9999 -9999 -9999 -9999 -9999 -9999
8.26664E-3 7.63979E-3 7.1371E-3 6.79516E-3 6.53306E-3 6.27927E-3 6.04563E-3 5.76129E-3 5.35447E-3 4.98041E-3 4.58399E-3 4.2017E-3 3.76288E-3 3.42052E-3 3.09434E-3 2.81496E-3 2.58448E-3 2.37023E-3 2.16894E-3 2.02605E-3 1.91632E-3 1.87655E-3 1.8306E-3 1.80349E-3 1.83455E-3 1.92996E-3 2.14809E-3 2.58689E-3 3.16641E-3 4.25242E-3 6.45171E-3 1.19679E-2 2.91753E-2 6.64539E-2 3.24023E-1 4.25072E-1 5.33987E-1 -9999 6.99153E-1 6.86826E-1 -9999 -9999 -9999 -9999 -9999 -9999 -9999 -9999 -9999 -9999 -9999 -9999 -9999 -9999 -9999 -9999 -9999 -9999
8.30129E-3 7.80848E-3 7.22572E-3 6.75663E-3 6.51775E-3 6.3205E-3 6.07605E-3 5.83288E-3 5.59749E-3 5.24997E-3 4.9059E-3 4.63343E-3 4.32003E-3 4.00838E-3 3.59596E-3 3.23178E-3 2.98001E-3 2.79051E-3 2.5746E-3 2.48794E-3 2.39184E-3 2.31229E-3 2.27238E-3 2.34761E-3 2.38864E-3 2.43073E-3 2.65349E-3 3.07779E-3 4.03672E-3 6.00278E-3 9.51163E-3 1.18429E-2 2.46518E-2 5.00965E-2 1.21863E-1 4.06483E-1 6.21831E-1 -9999 6.93635E-1 6.88922E-1 6.72908E-1 -9999 -9999 -9999 -9999 -9999 -9999 -9999 -9999 -9999 -9999 -9999 -9999 -9999 -9999 -9999 -9999 -9999
8.58791E-3 8.05608E-3 7.39519E-3 6.9658E-3 6.76277E-3 6.45132E-3 6.13144E-3 5.91405E-3 5.81295E-3 5.708E-3 5.41319E-3 5.12358E-3 4.74671E-3 4.36511E-3 4.1447E-3 3.88347E-3 3.55792E-3 3.35776E-3 3.35185E-3 3.41891E-3 3.36236E-3 3.21015E-3 3.29927E-3 3.21256E-3 3.15718E-3 3.20386E-3 3.59629E-3 4.20385E-3 4.81238E-3 6.38118E-3 1.03454E-2 1.43524E-2 2.19232E-2 3.58539E-2 7.41937E-2 2.26144E-1 6.52106E-1 6.84901E-1 6.89811E-1 -9999 6.71142E-1 6.69338E-1 -9999 -9999 -9999 -9999 -9999 -9999 -9999 -9999 -9999 -9999 -9999 -9999 -9999 -9999 -9999 -9999
8.66493E-3 8.23415E-3 7.50045E-3 7.04145E-3 6.87151E-3 6.6244E-3 6.46508E-3 6.38667E-3 6.36144E-3 6.5316E-3 6.38878E-3 5.86761E-3 5.45221E-3 5.04751E-3 4.83413E-3 4.71738E-3 4.53684E-3 4.50834E-3 4.7572E-3 5.06811E-3 5.04123E-3 5.08176E-3 5.38703E-3 5.52978E-3 5.42951E-3 5.49793E-3 5.71957E-3 6.00208E-3 6.05579E-3 7.42007E-3 9.59792E-3 1.20573E-2 1.49725E-2 2.26661E-2 6.61479E-2 2.20959E-1 5.71668E-1 6.66118E-1 6.79261E-1 6.74525E-1 6.73673E-1 6.67356E-1 6.45914E-1 -9999 -9999 -9999 -9999 -9999 -9999 -9999 -9999 -9999 -9999 -9999 -9999 -9999 -9999 -9999
9.08152E-3 8.28178E-3 7.62903E-3 7.33138E-3 7.02856E-3 6.867E-3 6.8548E-3 7.03295E-3 7.24017E-3 7.67841E-3 8.18691E-3 7.86311E-3 6.66396E-3 6.24653E-3 6.16023E-3 6.36964E-3 6.50853E-3 6.5113E-3 7.06082E-3 7.68099E-3 7.70357E-3 7.98197E-3 8.3659E-3 9.73057E-3 1.10411E-2 9.81619E-3 9.10542E-3 9.09045E-3 8.90089E-3 1.11565E-2 1.27999E-2 1.60531E-2 2.27675E-2 4.84369E-2 1.01895E-1 2.45124E-1 4.1378E-1 6.42069E-1 6.57775E-1 6.66534E-1 6.66459E-1 6.60056E-1 6.48632E-1 5.73022E-1 -9999 -9999 -9999 -9999 -9999 -9999 -9999 -9999 -9999 -9999 -9999 -9999 -9999 -9999
9.65205E-3 8.91515E-3 8.55416E-3 8.6646E-3 7.97248E-3 7.28711E-3 7.27795E-3 7.74997E-3 8.74036E-3 9.82623E-3 1.19293E-2 1.36842E-2 1.25641E-2 1.17043E-2 1.05616E-2 9.26253E-3 9.64758E-3 1.02339E-2 1.18241E-2 1.35398E-2 1.44498E-2 1.4642E-2 1.41892E-2 1.77966E-2 2.25918E-2 1.96743E-2 1.91351E-2 1.81844E-2 1.69982E-2 1.96464E-2 2.1686E-2 2.71088E-2 5.34289E-2 1.11577E-1 1.68345E-1 3.22576E-1 4.67474E-1 6.12063E-1 6.41794E-1 6.49984E-1 6.57624E-1 6.63602E-1 6.55565E-1 -9999 -9999 -9999 -9999 -9999 -9999 -9999 -9999 -9999 -9999 -9999 -9999 -9999 -9999 -9999
1.06315E-2 1.09856E-2 1.13731E-2 1.17509E-2 1.03502E-2 8.62904E-3 8.2733E-3 9.06611E-3 1.11174E-2 1.41638E-2 1.6246E-2 1.85128E-2 2.53952E-2 2.7293E-2 2.48941E-2 2.00525E-2 2.01832E-2 2.16175E-2 2.62985E-2 3.81779E-2 4.71217E-2 5.71063E-2 5.81053E-2 7.19948E-2 1.07445E-1 1.07595E-1 1.06821E-1 9.7068E-2 6.9415E-2 6.57438E-2 6.34099E-2 6.84758E-2 8.56581E-2 9.87876E-2 1.52926E-1 2.69838E-1 3.56161E-1 5.07511E-1 5.97608E-1 6.41031E-1 6.52539E-1 6.58366E-1 6.67088E-1 6.69216E-1 -9999 -9999 -9999 -9999 -9999 -9999 -9999 -9999 -9999 -9999 -9999 -9999 -9999 -9999
1.25384E-2 1.32399E-2 1.49269E-2 1.67075E-2 1.51298E-2 1.30084E-2 1.28485E-2 1.52103E-2 1.82953E-2 2.08288E-2 2.8298E-2 3.37382E-2 5.1277E-2 6.28837E-2 6.85642E-2 5.6804E-2 4.95415E-2 6.25568E-2 8.85858E-2 1.26197E-1 1.7317E-1 2.09776E-1 2.20951E-1 1.9378E-1 2.51866E-1 3.10347E-1 3.14082E-1 3.06748E-1 2.19028E-1 1.77044E-1 1.54535E-1 1.26054E-1 1.14125E-1 1.07358E-1 1.24031E-1 2.53918E-1 4.1577E-1 5.90485E-1 6.4082E-1 6.48215E-1 6.47733E-1 6.51877E-1 6.62423E-1 6.61506E-1 6.34921E-1 -9999 -9999 -9999 -9999 -9999 -9999 -9999 -9999 -9999 -9999 -9999 -9999 -9999
1.85956E-2 1.82955E-2 2.05721E-2 2.49833E-2 2.79413E-2 2.71339E-2 3.02777E-2 3.87155E-2 4.2529E-2 4.92746E-2 6.59617E-2 9.2687E-2 1.15232E-1 1.3175E-1 1.65191E-1 1.76321E-1 1.44437E-1 1.57251E-1 2.35382E-1 3.48056E-1 3.94343E-1 4.26396E-1 4.58089E-1 4.36436E-1 4.79732E-1 5.58587E-1 5.95626E-1 5.95935E-1 5.52674E-1 4.69994E-1 3.95499E-1 3.41432E-1 2.63573E-1 1.80023E-1 1.73112E-1 3.13937E-1 4.75351E-1 5.9804E-1 6.48868E-1 6.47811E-1 6.43949E-1 6.45764E-1 6.53543E-1 6.52443E-1 6.25561E-1 5.84635E-1 5.51722E-1 5.21029E-1 -9999 -9999 -9999 -9999 -9999 -9999 -9999 -9999 -9999 -9999
2.89837E-2 2.94528E-2 3.22736E-2 4.10897E-2 5.3469E-2 6.48353E-2 7.52597E-2 9.2308E-2 1.05008E-1 1.24705E-1 1.49058E-1 1.74372E-1 2.01258E-1 2.41795E-1 3.06708E-1 3.67235E-1 3.65766E-1 4.2848E-1 5.49888E-1 5.94394E-1 6.13458E-1 6.19129E-1 6.32407E-1 6.37995E-1 6.41882E-1 6.47076E-1 6.55956E-1 6.56009E-1 6.47243E-1 6.36758E-1 6.15148E-1 6.13838E-1 5.68655E-1 4.15234E-1 3.7178E-1 4.63915E-1 5.82966E-1 5.70253E-1 5.84906E-1 5.92421E-1 6.12992E-1 6.34295E-1 6.26614E-1 6.1107E-1 5.86229E-1 5.60923E-1 5.39807E-1 5.10746E-1 4.89665E-1 4.68926E-1 -9999 -9999 -9999 -9999 -9999 -9999 -9999 -9999
5.05736E-2 6.24499E-2 6.52072E-2 7.03669E-2 9.11256E-2 1.04572E-1 1.20089E-1 1.39424E-1 1.74935E-1 2.26548E-1 2.66135E-1 3.1989E-1 3.83954E-1 4.44691E-1 5.31256E-1 5.81199E-1 6.12427E-1 6.27354E-1 6.44601E-1 6.58369E-1 6.64026E-1 6.65475E-1 6.66202E-1 6.67743E-1 6.67126E-1 6.66847E-1 6.6668E-1 6.64119E-1 6.60834E-1 6.56485E-1 6.54571E-1 6.53139E-1 6.5039E-1 6.5101E-1 6.50641E-1 6.4647E-1 6.44093E-1 6.23545E-1 6.08457E-1 6.1906E-1 6.29199E-1 6.17578E-1 5.85145E-1 5.606E-1 5.40724E-1 5.23231E-1 5.10473E-1 4.99979E-1 4.84222E-1 4.66563E-1 4.59777E-1 4.75371E-1 5.26521E-1 6.4397E-1 6.18047E-1 4.19205E-1 -9999 -9999
9.9479E-2 1.17307E-1 1.24592E-1 1.24091E-1 1.34637E-1 1.61305E-1 1.97632E-1 2.3774E-1 2.70205E-1 3.18399E-1 3.711E-1 4.38516E-1 4.71312E-1 5.65291E-1 6.28708E-1 6.4678E-1 6.56974E-1 6.59259E-1 6.63395E-1 6.6799E-1 6.70724E-1 6.73329E-1 6.75881E-1 6.76403E-1 6.75766E-1 6.75745E-1 6.74964E-1 6.72865E-1 6.7031E-1 6.65544E-1 6.62177E-1 6.58567E-1 6.57088E-1 6.57899E-1 6.5818E-1 6.59666E-1 6.57726E-1 6.55396E-1 6.38398E-1 6.18695E-1 6.03128E-1 5.8505E-1 5.61492E-1 5.42258E-1 5.26764E-1 5.13757E-1 5.03918E-1 4.95731E-1 4.88323E-1 4.72679E-1 4.6948E-1 4.90928E-1 5.55359E-1 6.39495E-1 6.05492E-1 4.68979E-1 3.6233E-1 -9999
1.3026E-1 1.4508E-1 1.65471E-1 1.96001E-1 2.53092E-1 3.09409E-1 3.79717E-1 4.55007E-1 5.07428E-1 5.61658E-1 5.76256E-1 5.78522E-1 5.86306E-1 6.19255E-1 6.47101E-1 6.5632E-1 6.58428E-1 6.60871E-1 6.63962E-1 6.67162E-1 6.70119E-1 6.72382E-1 6.74112E-1 6.73989E-1 6.72635E-1 6.72812E-1 6.72248E-1 6.69966E-1 6.69219E-1 6.68458E-1 6.65595E-1 6.60515E-1 6.59024E-1 6.59289E-1 6.58734E-1 6.5908E-1 6.58915E-1 6.43563E-1 6.28484E-1 6.11666E-1 5.94933E-1 5.78408E-1 5.62765E-1 5.49675E-1 5.39331E-1 5.30343E-1 5.21837E-1 5.13875E-1 5.0478E-1 4.98075E-1 5.04409E-1 5.37442E-1 5.84654E-1 6.02715E-1 5.55057E-1 4.88958E-1 4.37899E-1 4.08394E-1
1.84677E-1 2.08047E-1 2.43251E-1 3.07174E-1 4.55506E-1 5.55874E-1 5.78073E-1 6.03446E-1 6.27773E-1 6.39476E-1 6.44888E-1 6.48132E-1 6.47238E-1 6.50665E-1 6.54522E-1 6.58415E-1 6.60005E-1 6.60531E-1 6.63029E-1 6.65479E-1 6.67378E-1 6.6795E-1 6.68082E-1 6.66546E-1 6.65031E-1 6.64639E-1 6.63721E-1 6.63092E-1 6.63344E-1 6.6363E-1 6.6135E-1 6.5932E-1 6.57196E-1 6.56396E-1 6.55465E-1 6.52264E-1 6.41208E-1 6.34379E-1 6.25836E-1 6.14854E-1 6.02851E-1 5.90901E-1 5.77067E-1 5.66527E-1 5.59688E-1 5.52561E-1 5.46774E-1 5.40364E-1 5.3413E-1 5.31295E-1 5.41574E-1 5.68433E-1 5.90631E-1 5.75294E-1 5.34719E-1 5.01083E-1 4.89881E-1 5.0079E-1
2.77111E-1 3.4471E-1 4.72358E-1 5.85385E-1 6.27644E-1 6.36941E-1 6.40487E-1 6.50904E-1 6.55197E-1 6.55504E-1 6.57572E-1 6.6023E-1 6.60821E-1 6.59097E-1 6.59665E-1 6.62109E-1 6.63272E-1 6.63393E-1 6.63073E-1 6.62769E-1 6.62954E-1 6.62091E-1 6.60924E-1 6.61396E-1 6.61108E-1 6.59765E-1 6.57815E-1 6.58024E-1 6.59456E-1 6.58663E-1 6.57715E-1 6.56667E-1 6.54486E-1 6.53792E-1 6.53416E-1 6.44065E-1 6.36778E-1 6.30343E-1 6.24126E-1 6.18332E-1 6.10485E-1 6.02904E-1 5.94273E-1 5.85088E-1 5.75651E-1 5.71006E-1 5.68071E-1 5.65988E-1 5.64764E-1 5.61965E-1 5.67433E-1 5.76752E-1 5.77517E-1 5.60149E-1 5.38066E-1 5.27469E-1 5.33453E-1 5.54476E-1
4.18432E-1 5.22808E-1 5.99355E-1 6.43176E-1 6.54577E-1 6.54775E-1 6.54626E-1 6.58112E-1 6.6111E-1 6.6141E-1 6.62369E-1 6.64395E-1 6.65539E-1 6.65272E-1 6.64501E-1 6.63128E-1 6.62781E-1 6.6209E-1 6.60805E-1 6.59486E-1 6.58625E-1 6.58216E-1 6.5887E-1 6.59903E-1 6.5882E-1 6.58039E-1 6.55497E-1 6.54595E-1 6.56234E-1 6.5481E-1 6.52202E-1 6.51173E-1 6.51218E-1 6.53051E-1 6.51477E-1 6.43585E-1 6.37225E-1 6.3178E-1 6.26736E-1 6.22091E-1 6.18051E-1 6.11585E-1 6.08911E-1 6.06435E-1 5.98339E-1 5.92992E-1 5.90979E-1 5.9226E-1 5.94171E-1 5.93858E-1 5.90754E-1 5.89038E-1 5.81138E-1 5.72642E-1 5.66925E-1 5.65245E-1 5.74595E-1 5.97916E-1
5.31012E-1 5.68209E-1 5.94294E-1 6.21822E-1 6.43023E-1 6.52564E-1 6.54222E-1 6.55855E-1 6.57204E-1 6.56747E-1 6.56379E-1 6.56205E-1 6.5553E-1 6.56274E-1 6.5621E-1 6.54405E-1 6.53262E-1 6.53519E-1 6.53633E-1 6.53887E-1 6.55035E-1 6.54342E-1 6.54936E-1 6.55868E-1 6.56423E-1 6.56353E-1 6.53578E-1 6.51657E-1 6.51716E-1 6.51731E-1 6.50294E-1 6.48493E-1 6.47951E-1 6.48721E-1 6.49732E-1 6.46631E-1 6.40418E-1 6.3538E-1 6.31557E-1 6.28267E-1 6.25092E-1 6.21892E-1 6.22843E-1 6.23538E-1 6.23926E-1 6.21153E-1 6.15736E-1 6.15752E-1 6.18165E-1 6.16916E-1 6.1043E-1 6.07703E-1 5.99562E-1 5.9534E-1 5.95957E-1 5.97733E-1 6.01283E-1 6.13343E-1
5.68098E-1 5.811E-1 5.92657E-1 5.99918E-1 6.1064E-1 6.229E-1 6.36228E-1 6.379E-1 6.39202E-1 6.40657E-1 6.40011E-1 6.30644E-1 6.2707E-1 6.33997E-1 6.38887E-1 6.35165E-1 6.29012E-1 6.26605E-1 6.3654E-1 6.34638E-1 6.34646E-1 6.4222E-1 6.47451E-1 6.50651E-1 6.55257E-1 6.56133E-1 6.55535E-1 6.54152E-1 6.53626E-1 6.53634E-1 6.53456E-1 6.52545E-1 6.50266E-1 6.48849E-1 6.49234E-1 6.49132E-1 6.48003E-1 6.45404E-1 6.43397E-1 6.41693E-1 6.37046E-1 6.3367E-1 6.35558E-1 6.3803E-1 6.413E-1 6.41025E-1 6.36277E-1 6.37605E-1 6.37489E-1 6.30769E-1 6.23849E-1 6.21138E-1 6.13999E-1 6.04871E-1 6.00135E-1 5.94172E-1 5.88037E-1 5.76571E-1
6.41682E-1 6.47188E-1 6.50844E-1 6.50004E-1 6.49539E-1 6.50362E-1 6.50403E-1 6.52125E-1 6.5289E-1 6.5336E-1 6.51088E-1 6.46992E-1 6.43718E-1 6.41125E-1 6.4225E-1 6.42851E-1 6.42329E-1 6.41022E-1 6.40113E-1 6.4381E-1 6.46657E-1 6.48438E-1 6.49885E-1 6.51917E-1 6.54641E-1 6.56833E-1 6.59225E-1 6.61254E-1 6.62858E-1 6.64018E-1 6.63177E-1 6.62598E-1 6.61367E-1 6.59124E-1 6.57263E-1 6.55837E-1 6.55015E-1 6.54634E-1 6.54706E-1 6.54367E-1 6.51691E-1 6.48586E-1 6.491E-1 6.50864E-1 6.52578E-1 6.52179E-1 6.49604E-1 6.49069E-1 6.50742E-1 6.48723E-1 6.4118E-1 6.31676E-1 6.26146E-1 6.19304E-1 6.12051E-1 6.06087E-1 5.90675E-1 5.70205E-1
