data/Modelo 1/FALn_max.asc
ncols         78
nrows         61
xllcorner     -149.5
yllcorner     -28.5
cellsize      1.0
NODATA_value  -9999
[rows 26 to 51 of 61, columns 0 to 57 of 78]
6.88791E-1 6.8939E-1 6.89426E-1 6.89068E-1 6.89179E-1 6.89418E-1 6.88372E-1 6.88065E-1 6.87798E-1 6.87861E-1 6.87326E-1 6.87293E-1 6.87101E-1 6.8688E-1 6.86907E-1 6.86857E-1 6.87014E-1 6.86714E-1 6.86178E-1 6.86112E-1 6.86411E-1 6.8622E-1 6.86347E-1 6.86545E-1 6.86838E-1 6.88267E-1 6.89571E-1 6.90017E-1 6.90067E-1 6.90054E-1 6.90089E-1 6.90003E-1 6.89927E-1 6.89779E-1 6.89441E-1 6.89081E-1 6.88892E-1 6.88791E-1 6.8893E-1 6.89344E-1 6.89145E-1 6.89022E-1 6.8917E-1 6.88465E-1 6.87743E-1 6.86339E-1 6.84547E-1 6.855E-1 6.87627E-1 6.88517E-1 6.87062E-1 6.76088E-1 6.68934E-1 6.6268E-1 6.59409E-1 6.53888E-1 6.45646E-1 6.39098E-1
6.92895E-1 6.92625E-1 6.92712E-1 6.92778E-1 6.92903E-1 6.92958E-1 6.92578E-1 6.92228E-1 6.92201E-1 6.92377E-1 6.92485E-1 6.92161E-1 6.91761E-1 6.91715E-1 6.91667E-1 6.91569E-1 6.91574E-1 6.91535E-1 6.91455E-1 6.91484E-1 6.91646E-1 6.91611E-1 6.91846E-1 6.91732E-1 6.91499E-1 6.91621E-1 6.91739E-1 6.91721E-1 6.91743E-1 6.91704E-1 6.91729E-1 6.91711E-1 6.91931E-1 6.91814E-1 6.91667E-1 6.91425E-1 6.91286E-1 6.91515E-1 6.91222E-1 6.90759E-1 6.91276E-1 6.91958E-1 6.92364E-1 6.92727E-1 6.93352E-1 6.95168E-1 6.96427E-1 6.96655E-1 6.97E-1 6.9624E-1 6.96243E-1 6.96057E-1 6.96044E-1 6.95528E-1 6.93008E-1 6.87705E-1 6.7676E-1 6.65722E-1
6.93366E-1 6.93145E-1 6.9313E-1 6.93286E-1 6.9348E-1 6.9347E-1 6.93125E-1 6.92989E-1 6.93094E-1 6.93149E-1 6.93134E-1 6.92879E-1 6.92503E-1 6.92218E-1 6.92303E-1 6.92398E-1 6.92645E-1 6.92593E-1 6.92537E-1 6.92572E-1 6.9267E-1 6.92669E-1 6.92848E-1 6.92822E-1 6.92671E-1 6.92824E-1 6.92738E-1 6.92542E-1 6.92529E-1 6.92698E-1 6.92848E-1 6.92922E-1 6.93177E-1 6.93405E-1 6.93617E-1 6.93764E-1 6.93944E-1 6.94007E-1 6.93502E-1 6.9299E-1 6.93294E-1 6.94067E-1 6.94511E-1 6.94737E-1 6.95083E-1 6.96386E-1 6.98424E-1 7.00285E-1 7.01827E-1 7.03266E-1 7.04181E-1 7.04109E-1 7.0329E-1 7.01616E-1 7.00483E-1 7.00019E-1 6.99996E-1 6.99027E-1
6.94962E-1 6.94375E-1 6.94034E-1 6.94148E-1 6.945E-1 6.94568E-1 6.94351E-1 6.9433E-1 6.94704E-1 6.94618E-1 6.94176E-1 6.93923E-1 6.93717E-1 6.93491E-1 6.93706E-1 6.93726E-1 6.94149E-1 6.94063E-1 6.94168E-1 6.94093E-1 6.93858E-1 6.93814E-1 6.93827E-1 6.9375E-1 6.93726E-1 6.93955E-1 6.93596E-1 6.93265E-1 6.93207E-1 6.93378E-1 6.93249E-1 6.93143E-1 6.9343E-1 6.94229E-1 6.95183E-1 6.9548E-1 6.95671E-1 6.95737E-1 6.95605E-1 6.95502E-1 6.95659E-1 6.962E-1 6.96614E-1 6.97026E-1 6.97681E-1 6.99073E-1 7.0096E-1 7.02475E-1 7.03939E-1 7.05442E-1 7.0525E-1 7.05131E-1 7.04955E-1 7.04807E-1 7.04705E-1 7.0415E-1 7.03728E-1 7.03635E-1
6.97604E-1 6.96967E-1 6.96365E-1 6.96331E-1 6.96578E-1 6.96679E-1 6.96551E-1 6.96285E-1 6.96462E-1 6.96521E-1 6.96129E-1 6.95778E-1 6.95696E-1 6.95757E-1 6.95964E-1 6.96136E-1 6.96656E-1 6.97067E-1 6.9713E-1 6.96833E-1 6.96548E-1 6.96195E-1 6.95801E-1 6.95713E-1 6.95675E-1 6.95567E-1 6.95543E-1 6.95121E-1 6.94902E-1 6.94672E-1 6.94459E-1 6.94365E-1 6.94714E-1 6.95471E-1 6.96367E-1 6.96665E-1 6.9628E-1 6.96183E-1 6.95994E-1 6.96166E-1 6.96296E-1 6.9677E-1 6.97513E-1 6.98094E-1 6.98685E-1 6.99546E-1 7.00488E-1 7.00764E-1 7.01416E-1 7.02035E-1 7.02141E-1 7.02127E-1 7.01941E-1 7.01886E-1 7.0197E-1 7.02889E-1 7.03503E-1 7.03789E-1
7.01165E-1 7.00898E-1 7.00536E-1 6.99515E-1 6.99338E-1 6.99777E-1 6.99305E-1 6.98717E-1 6.98659E-1 6.98447E-1 6.97993E-1 6.97381E-1 6.96932E-1 6.96831E-1 6.96785E-1 6.96839E-1 6.97082E-1 6.97681E-1 6.98033E-1 6.98092E-1 6.97935E-1 6.97428E-1 6.9699E-1 6.97234E-1 6.97477E-1 6.97268E-1 6.96894E-1 6.9632E-1 6.95743E-1 6.94732E-1 6.94957E-1 6.94784E-1 6.94251E-1 6.95531E-1 6.95958E-1 6.93981E-1 6.90655E-1 6.9201E-1 6.92926E-1 6.90255E-1 6.88049E-1 6.90679E-1 6.95088E-1 6.96998E-1 6.9722E-1 6.97485E-1 6.97906E-1 6.97927E-1 6.97655E-1 6.97586E-1 6.97743E-1 6.97742E-1 6.97458E-1 6.97398E-1 6.98255E-1 7.00866E-1 7.03646E-1 7.04093E-1
7.03329E-1 7.02937E-1 7.01384E-1 6.98313E-1 6.95047E-1 6.945E-1 6.92505E-1 6.91252E-1 6.91878E-1 6.91081E-1 6.87134E-1 6.8186E-1 6.80232E-1 6.79544E-1 6.78697E-1 6.77511E-1 6.77399E-1 6.78186E-1 6.78865E-1 6.79039E-1 6.78389E-1 6.78029E-1 6.77738E-1 6.77482E-1 6.77224E-1 6.76399E-1 6.75331E-1 6.74339E-1 6.73763E-1 6.73514E-1 6.73585E-1 6.73532E-1 6.73615E-1 6.74262E-1 6.7451E-1 6.73962E-1 6.73895E-1 6.74236E-1 6.74267E-1 6.73283E-1 6.72362E-1 6.72358E-1 6.72896E-1 6.73216E-1 6.73559E-1 6.73956E-1 6.7419E-1 6.73801E-1 6.72965E-1 6.72417E-1 6.72217E-1 6.72251E-1 6.72173E-1 6.72487E-1 6.7605E-1 6.82813E-1 6.93168E-1 6.9398E-1
7.09509E-1 7.08394E-1 7.0691E-1 7.05206E-1 7.01973E-1 7.00101E-1 6.98416E-1 6.95355E-1 6.91763E-1 6.88444E-1 6.85422E-1 6.83088E-1 6.81654E-1 6.8076E-1 6.79708E-1 6.78844E-1 6.78754E-1 6.78899E-1 6.79049E-1 6.7929E-1 6.79417E-1 6.79512E-1 6.79694E-1 6.79044E-1 6.77609E-1 6.76602E-1 6.75861E-1 6.74749E-1 6.73292E-1 6.72276E-1 6.71853E-1 6.72106E-1 6.72841E-1 6.73398E-1 6.73652E-1 6.73257E-1 6.71509E-1 6.63236E-1 6.58279E-1 6.51637E-1 6.46742E-1 6.39326E-1 6.37778E-1 6.40986E-1 6.49013E-1 6.58097E-1 6.6252E-1 6.63275E-1 6.61278E-1 6.5238E-1 6.44665E-1 6.47543E-1 6.48847E-1 6.47451E-1 6.59005E-1 6.73869E-1 6.77678E-1 7.33326E-1
7.22782E-1 7.22667E-1 7.21323E-1 7.19231E-1 7.18051E-1 7.17344E-1 7.15789E-1 7.13905E-1 7.11602E-1 7.10821E-1 7.09871E-1 7.09646E-1 7.09116E-1 7.08156E-1 7.07225E-1 7.07066E-1 7.07078E-1 7.07235E-1 7.0683E-1 7.06824E-1 7.06988E-1 7.06898E-1 7.05816E-1 7.03847E-1 6.99207E-1 6.94384E-1 6.90611E-1 6.88376E-1 6.86176E-1 6.85369E-1 6.84038E-1 6.83713E-1 6.85062E-1 6.8527E-1 6.84328E-1 6.82885E-1 6.80985E-1 6.8018E-1 6.79245E-1 6.77355E-1 6.76538E-1 6.755E-1 6.75101E-1 6.75615E-1 6.76743E-1 6.77622E-1 6.77308E-1 6.76784E-1 6.76672E-1 6.7671E-1 6.76623E-1 6.7706E-1 6.77692E-1 6.65177E-1 6.40309E-1 6.26288E-1 6.18409E-1 6.3292E-1
7.20259E-1 7.20188E-1 7.19E-1 7.17925E-1 7.18051E-1 7.17849E-1 7.17491E-1 7.17009E-1 7.15985E-1 7.15692E-1 7.14529E-1 7.13376E-1 7.13532E-1 7.13768E-1 7.12286E-1 7.11214E-1 7.11024E-1 7.11419E-1 7.11427E-1 7.12007E-1 7.12564E-1 7.12217E-1 7.10917E-1 7.10895E-1 7.10628E-1 7.09201E-1 7.08466E-1 7.08265E-1 7.07685E-1 7.07401E-1 7.06662E-1 7.06421E-1 7.07083E-1 7.06732E-1 7.05833E-1 7.04892E-1 7.01802E-1 6.9599E-1 6.90183E-1 6.8615E-1 6.84576E-1 6.8308E-1 6.82369E-1 6.84053E-1 6.86105E-1 6.86386E-1 6.85598E-1 6.84718E-1 6.84716E-1 6.85847E-1 6.85822E-1 6.83997E-1 6.82436E-1 6.79956E-1 6.77287E-1 6.55035E-1 6.52993E-1 6.72214E-1
7.09964E-1 7.09487E-1 7.09084E-1 7.08696E-1 7.09289E-1 7.09548E-1 7.09788E-1 7.10402E-1 7.11175E-1 7.11379E-1 7.09997E-1 7.08585E-1 7.08061E-1 7.08087E-1 7.07564E-1 7.08E-1 7.08772E-1 7.08766E-1 7.08942E-1 7.09696E-1 7.10075E-1 7.09574E-1 7.08459E-1 7.08071E-1 7.08126E-1 7.07972E-1 7.08787E-1 7.09254E-1 7.08488E-1 7.0748E-1 7.06821E-1 7.0652E-1 7.06823E-1 7.06529E-1 7.06109E-1 7.05181E-1 7.03936E-1 7.02805E-1 7.02213E-1 7.01852E-1 7.01512E-1 7.00485E-1 6.99241E-1 7.00378E-1 7.0138E-1 6.99985E-1 6.98785E-1 6.98902E-1 6.96679E-1 6.8912E-1 6.8592E-1 6.83976E-1 6.82646E-1 6.81678E-1 6.81004E-1 6.81649E-1 6.82472E-1 6.81871E-1
7.0178E-1 7.01072E-1 7.00622E-1 7.00728E-1 7.01436E-1 7.02095E-1 7.022E-1 7.02745E-1 7.03841E-1 7.03782E-1 7.03229E-1 7.03131E-1 7.03047E-1 7.03227E-1 7.03645E-1 7.04243E-1 7.05037E-1 7.04904E-1 7.04608E-1 7.04373E-1 7.0352E-1 7.03264E-1 7.03768E-1 7.04032E-1 7.0422E-1 7.04403E-1 7.04579E-1 7.04774E-1 7.04829E-1 7.05007E-1 7.04823E-1 7.04374E-1 7.04244E-1 7.04549E-1 7.03656E-1 7.02542E-1 7.02153E-1 7.01299E-1 7.00656E-1 7.01681E-1 7.03006E-1 7.02091E-1 7.00866E-1 7.01023E-1 7.01827E-1 7.0204E-1 7.02054E-1 7.01945E-1 7.02341E-1 7.01263E-1 6.99052E-1 6.96645E-1 6.97542E-1 6.99718E-1 7.00547E-1 7.01826E-1 7.02174E-1 7.00681E-1
6.96802E-1 6.96904E-1 6.96658E-1 6.96738E-1 6.96998E-1 6.9746E-1 6.97936E-1 6.98429E-1 6.99957E-1 7.0064E-1 7.00713E-1 7.0029E-1 7.00259E-1 7.00904E-1 7.02031E-1 7.03279E-1 7.04392E-1 7.04173E-1 7.03145E-1 7.02543E-1 7.0241E-1 7.03056E-1 7.02887E-1 7.02621E-1 7.03411E-1 7.04173E-1 7.03562E-1 7.0207E-1 7.01169E-1 7.02079E-1 7.0217E-1 7.01887E-1 7.01828E-1 7.01861E-1 7.01619E-1 7.01884E-1 7.0268E-1 7.03113E-1 7.02366E-1 7.03541E-1 7.04041E-1 7.03857E-1 7.03547E-1 7.03421E-1 7.03982E-1 7.05185E-1 7.05534E-1 7.05513E-1 7.06282E-1 7.0549E-1 7.04442E-1 7.04239E-1 7.04728E-1 7.0496E-1 7.0533E-1 7.04615E-1 7.0362E-1 7.00498E-1
6.88458E-1 6.89071E-1 6.90129E-1 6.92719E-1 6.90375E-1 6.8972E-1 6.90369E-1 6.91582E-1 6.92507E-1 6.92973E-1 6.92649E-1 6.92433E-1 6.92633E-1 6.93304E-1 6.9422E-1 6.9533E-1 6.96495E-1 6.96397E-1 6.95863E-1 6.97239E-1 6.97819E-1 6.98424E-1 6.97972E-1 6.9737E-1 6.97863E-1 6.98219E-1 6.98631E-1 7.00915E-1 7.00257E-1 7.01052E-1 7.01875E-1 7.01768E-1 7.0184E-1 7.02102E-1 7.0273E-1 7.02959E-1 7.0312E-1 7.0356E-1 7.04305E-1 7.05333E-1 7.05194E-1 7.04258E-1 7.03764E-1 7.0493E-1 7.05628E-1 7.07499E-1 7.07859E-1 7.08697E-1 7.10835E-1 7.09728E-1 7.0909E-1 7.09175E-1 7.09003E-1 7.085E-1 7.07293E-1 7.05782E-1 7.03616E-1 7.01052E-1
6.82327E-1 6.83254E-1 6.83727E-1 6.83661E-1 6.84008E-1 6.85183E-1 6.86915E-1 6.89102E-1 6.91944E-1 6.88723E-1 6.87376E-1 6.8778E-1 6.88389E-1 6.88493E-1 6.88828E-1 6.89663E-1 6.90187E-1 6.90586E-1 6.90985E-1 6.91238E-1 6.9236E-1 6.92608E-1 6.91926E-1 6.92154E-1 6.917E-1 6.91159E-1 6.91341E-1 6.91401E-1 6.93996E-1 6.96439E-1 6.96934E-1 6.97861E-1 6.98475E-1 6.99404E-1 7.00098E-1 6.99814E-1 6.99329E-1 6.99432E-1 7.00561E-1 7.02809E-1 7.03139E-1 7.02592E-1 7.01993E-1 7.03083E-1 7.05433E-1 7.07356E-1 7.07165E-1 7.09557E-1 7.10718E-1 7.08596E-1 7.0737E-1 7.07675E-1 7.08484E-1 7.09344E-1 7.08593E-1 7.06571E-1 7.03538E-1 7.01493E-1
6.2779E-1 6.38815E-1 6.56609E-1 6.75613E-1 6.78009E-1 6.79652E-1 6.82739E-1 6.91108E-1 7.00544E-1 6.92292E-1 6.83794E-1 6.83135E-1 6.83665E-1 6.83614E-1 6.8402E-1 6.84995E-1 6.85528E-1 6.86088E-1 6.87109E-1 6.87067E-1 6.86912E-1 6.86894E-1 6.86635E-1 6.87043E-1 6.86922E-1 6.86697E-1 6.86235E-1 6.86448E-1 6.86833E-1 6.89981E-1 6.89936E-1 6.88579E-1 6.88232E-1 6.88704E-1 6.90139E-1 6.91872E-1 6.90786E-1 6.90335E-1 6.94356E-1 6.95435E-1 6.96297E-1 6.96493E-1 6.96424E-1 6.96527E-1 6.97802E-1 7.00672E-1 7.02263E-1 7.04523E-1 7.05506E-1 7.04862E-1 7.05197E-1 7.05855E-1 7.0656E-1 7.05574E-1 7.04175E-1 7.02316E-1 7.01163E-1 7.00205E-1
3.91517E-1 4.45378E-1 5.0922E-1 5.81604E-1 6.50216E-1 6.57218E-1 6.68318E-1 6.83864E-1 6.96329E-1 6.98009E-1 6.93202E-1 6.78992E-1 6.7863E-1 6.78538E-1 6.79158E-1 6.80152E-1 6.81091E-1 6.81511E-1 6.81383E-1 6.81468E-1 6.81861E-1 6.81643E-1 6.81387E-1 6.81883E-1 6.81798E-1 6.81475E-1 6.81062E-1 6.82147E-1 6.83179E-1 6.82816E-1 6.82457E-1 6.82969E-1 6.83028E-1 6.82915E-1 6.82949E-1 6.8328E-1 6.83011E-1 6.826E-1 6.83737E-1 6.84104E-1 6.84401E-1 6.85798E-1 6.87997E-1 6.90122E-1 6.93255E-1 6.95659E-1 6.96064E-1 6.9604E-1 6.96186E-1 6.98729E-1 6.99301E-1 6.98895E-1 7.00296E-1 7.0067E-1 6.98639E-1 6.97889E-1 6.97676E-1 6.9689E-1
1.78587E-1 2.09844E-1 2.32414E-1 2.74554E-1 3.59931E-1 4.50181E-1 5.78042E-1 6.61593E-1 6.80298E-1 6.87507E-1 6.81756E-1 6.62939E-1 6.62706E-1 6.6347E-1 6.64892E-1 6.66611E-1 6.76068E-1 6.78179E-1 6.78552E-1 6.79042E-1 6.78832E-1 6.78455E-1 6.78666E-1 6.78572E-1 6.78173E-1 6.78146E-1 6.78373E-1 6.78403E-1 6.79166E-1 6.79256E-1 6.78466E-1 6.7772E-1 6.78003E-1 6.77998E-1 6.78111E-1 6.78271E-1 6.78172E-1 6.78431E-1 6.78882E-1 6.79171E-1 6.79155E-1 6.79253E-1 6.80566E-1 6.82412E-1 6.84939E-1 6.86757E-1 6.86976E-1 6.86644E-1 6.88628E-1 6.91766E-1 6.93824E-1 6.94694E-1 6.95186E-1 6.95096E-1 6.94344E-1 6.94055E-1 6.94307E-1 6.94036E-1
1.06759E-1 1.21797E-1 1.33156E-1 1.54024E-1 1.84619E-1 2.3451E-1 3.00573E-1 3.84995E-1 5.33705E-1 6.16252E-1 5.84275E-1 4.78791E-1 4.94397E-1 5.22142E-1 5.79439E-1 6.22578E-1 6.61196E-1 6.6321E-1 6.64695E-1 6.66361E-1 6.67227E-1 6.69291E-1 6.70754E-1 6.70905E-1 6.70164E-1 6.68516E-1 6.70487E-1 6.72826E-1 6.7421E-1 6.72913E-1 6.72082E-1 6.72035E-1 6.70461E-1 6.70837E-1 6.6907E-1 6.68771E-1 6.6847E-1 6.66458E-1 6.65807E-1 6.62464E-1 6.61527E-1 6.66355E-1 6.69422E-1 6.74347E-1 6.77189E-1 6.79907E-1 6.80786E-1 6.80548E-1 6.81267E-1 6.82059E-1 6.83117E-1 6.84439E-1 6.85251E-1 6.85401E-1 6.82965E-1 6.82789E-1 6.8427E-1 6.85083E-1
6.49183E-2 7.86944E-2 8.73279E-2 9.75832E-2 1.11621E-1 1.26778E-1 1.52201E-1 1.82247E-1 2.1784E-1 2.49788E-1 2.77271E-1 2.56884E-1 2.6321E-1 2.84636E-1 3.15663E-1 3.55258E-1 4.02955E-1 4.87378E-1 5.84887E-1 6.51587E-1 6.61375E-1 6.62659E-1 6.63046E-1 6.63414E-1 6.63656E-1 6.63778E-1 6.63825E-1 6.63175E-1 6.62973E-1 6.62728E-1 6.63806E-1 6.64166E-1 6.63634E-1 6.63773E-1 6.64112E-1 6.64343E-1 6.62372E-1 6.63794E-1 6.57094E-1 6.56958E-1 6.56055E-1 6.5259E-1 6.60429E-1 6.6317E-1 6.63544E-1 6.64073E-1 6.63539E-1 6.62804E-1 6.62743E-1 6.63232E-1 6.63912E-1 6.65242E-1 6.65066E-1 6.63643E-1 6.59774E-1 6.5834E-1 6.75273E-1 6.80072E-1
4.77029E-2 5.20723E-2 5.79481E-2 5.64079E-2 5.47861E-2 5.75902E-2 7.14239E-2 9.16076E-2 1.08096E-1 1.28774E-1 1.43382E-1 1.45351E-1 1.49586E-1 1.61198E-1 1.70987E-1 1.88159E-1 2.14645E-1 2.46465E-1 3.04462E-1 3.7567E-1 4.34134E-1 4.93904E-1 5.32431E-1 5.60997E-1 5.72768E-1 5.74916E-1 5.7314E-1 4.89817E-1 4.31161E-1 4.58075E-1 5.14177E-1 5.36243E-1 5.03526E-1 5.73446E-1 6.08995E-1 6.39491E-1 6.59664E-1 6.6056E-1 6.60855E-1 6.61112E-1 6.61529E-1 6.54707E-1 6.51029E-1 6.61236E-1 6.58741E-1 6.59252E-1 6.60485E-1 6.50474E-1 6.44308E-1 6.4461E-1 6.4029E-1 6.48922E-1 6.43335E-1 6.17232E-1 6.16991E-1 6.41089E-1 6.39755E-1 6.36998E-1
8.1296E-2 8.46042E-2 7.56527E-2 6.02903E-2 3.5866E-2 2.83913E-2 3.00776E-2 3.53007E-2 4.29344E-2 6.08791E-2 7.77873E-2 8.57467E-2 8.76657E-2 9.47156E-2 1.06734E-1 1.15862E-1 1.23489E-1 1.38447E-1 1.68435E-1 2.04903E-1 2.29074E-1 2.61197E-1 2.7674E-1 2.79084E-1 2.80519E-1 2.72686E-1 2.64004E-1 2.34554E-1 2.2129E-1 2.32179E-1 2.37209E-1 2.33724E-1 2.30022E-1 2.68392E-1 3.25356E-1 3.71173E-1 4.20339E-1 4.79069E-1 5.23835E-1 5.61159E-1 5.8074E-1 5.91738E-1 5.85912E-1 5.80687E-1 5.79834E-1 5.78331E-1 5.80821E-1 5.88604E-1 5.86295E-1 5.84384E-1 5.75864E-1 5.7665E-1 5.68492E-1 5.5481E-1 5.55924E-1 5.57226E-1 5.56154E-1 5.6743E-1
1.535E-1 1.967E-1 1.58574E-1 1.05072E-1 5.30576E-2 3.0827E-2 3.00029E-2 2.5354E-2 2.46266E-2 2.76793E-2 3.21572E-2 3.3451E-2 3.3659E-2 3.70802E-2 4.33509E-2 4.77911E-2 5.0092E-2 6.03121E-2 9.31515E-2 1.1283E-1 1.23927E-1 1.37234E-1 1.48525E-1 1.4063E-1 1.40434E-1 1.35019E-1 1.31389E-1 1.32371E-1 1.28575E-1 1.13826E-1 1.07113E-1 1.06269E-1 1.1754E-1 1.25267E-1 1.38655E-1 1.66484E-1 2.01436E-1 2.35306E-1 2.65698E-1 2.92698E-1 3.30256E-1 3.42365E-1 3.09714E-1 3.20614E-1 3.60046E-1 3.80627E-1 3.99385E-1 4.24273E-1 4.15583E-1 4.29952E-1 4.40864E-1 4.52178E-1 4.25824E-1 4.23521E-1 4.36563E-1 4.51999E-1 4.73107E-1 4.84561E-1
1.72284E-1 2.52171E-1 3.14201E-1 2.74295E-1 1.597E-1 1.0015E-1 4.38488E-2 2.60463E-2 2.08323E-2 1.98872E-2 2.05568E-2 1.99934E-2 2.06194E-2 2.01363E-2 2.03426E-2 2.06295E-2 2.06784E-2 2.27384E-2 3.16675E-2 4.21388E-2 5.10729E-2 6.18761E-2 7.1674E-2 7.33656E-2 6.76703E-2 5.68118E-2 5.67759E-2 6.08219E-2 5.42909E-2 3.85916E-2 3.1806E-2 3.54704E-2 4.17795E-2 4.35021E-2 4.72103E-2 5.96617E-2 8.16169E-2 9.90535E-2 1.13696E-1 1.29718E-1 1.47347E-1 1.34062E-1 1.28538E-1 1.43906E-1 1.71656E-1 1.90756E-1 1.9172E-1 2.03136E-1 2.046E-1 2.13992E-1 2.12403E-1 2.298E-1 2.34585E-1 2.67595E-1 3.01228E-1 3.12264E-1 3.46634E-1 3.4677E-1
1.24829E-1 1.78404E-1 2.64035E-1 2.77021E-1 1.78731E-1 1.12768E-1 4.76467E-2 2.86285E-2 2.33351E-2 1.79002E-2 1.66235E-2 1.60176E-2 1.55767E-2 1.38871E-2 1.26784E-2 1.25972E-2 1.27484E-2 1.31176E-2 1.43976E-2 1.55887E-2 1.78361E-2 2.08861E-2 2.00837E-2 2.26431E-2 2.1896E-2 1.85831E-2 1.80047E-2 1.86932E-2 1.74489E-2 1.48651E-2 1.39986E-2 1.51635E-2 1.51873E-2 1.45462E-2 1.37039E-2 1.50617E-2 1.90196E-2 2.25103E-2 2.72279E-2 4.08683E-2 4.9529E-2 4.3506E-2 4.29206E-2 4.52681E-2 6.53705E-2 8.99768E-2 9.612E-2 9.67163E-2 9.3657E-2 9.96721E-2 1.09146E-1 1.24458E-1 1.19455E-1 1.37767E-1 1.66117E-1 1.71796E-1 1.75489E-1 1.75621E-1
8.46858E-2 1.0516E-1 1.26337E-1 1.38176E-1 9.90648E-2 7.85609E-2 5.35607E-2 3.91435E-2 2.80754E-2 1.86429E-2 1.52768E-2 1.41008E-2 1.33977E-2 1.14925E-2 1.05058E-2 1.0318E-2 1.01441E-2 9.84383E-3 9.97762E-3 9.88568E-3 1.01461E-2 1.06735E-2 1.16344E-2 1.25075E-2 1.20056E-2 1.11488E-2 1.04535E-2 1.00974E-2 9.70242E-3 9.27356E-3 8.79437E-3 8.50104E-3 8.20745E-3 7.92147E-3 7.64195E-3 7.84675E-3 7.90038E-3 7.8551E-3 8.71197E-3 1.11423E-2 1.2817E-2 1.32328E-2 1.49562E-2 1.62363E-2 1.81148E-2 2.25982E-2 2.83292E-2 2.75908E-2 3.18263E-2 4.18379E-2 5.42939E-2 6.15991E-2 5.89125E-2 7.05506E-2 8.3331E-2 7.35975E-2 7.05171E-2 7.31711E-2
