data/Modelo 1/FALn_avg.asc
ncols         78
nrows         61
xllcorner     -149.5
yllcorner     -28.5
cellsize      1.0
NODATA_value  -9999
[rows 26 to 51 of 61, columns 0 to 57 of 78]
6.76989E-1 6.77664E-1 6.77757E-1 6.77526E-1 6.77604E-1 6.77741E-1 6.76799E-1 6.76271E-1 6.76036E-1 6.76261E-1 6.75809E-1 6.7519E-1 6.74696E-1 6.7412E-1 6.74359E-1 6.74316E-1 6.74468E-1 6.74275E-1 6.73309E-1 6.73233E-1 6.73818E-1 6.73567E-1 6.73775E-1 6.74148E-1 6.74366E-1 6.7509E-1 6.75842E-1 6.76481E-1 6.76891E-1 6.7707E-1 6.77206E-1 6.77037E-1 6.76806E-1 6.76576E-1 6.75632E-1 6.7435E-1 6.73303E-1 6.72908E-1 6.73167E-1 6.75076E-1 6.763E-1 6.76838E-1 6.77529E-1 6.78669E-1 6.8003E-1 6.78535E-1 6.7627E-1 6.76243E-1 6.77562E-1 6.77669E-1 6.75343E-1 6.66009E-1 6.5997E-1 6.54283E-1 6.49728E-1 6.44118E-1 6.34882E-1 6.27522E-1
6.84763E-1 6.8426E-1 6.84355E-1 6.84426E-1 6.8454E-1 6.84612E-1 6.83976E-1 6.83654E-1 6.83654E-1 6.83939E-1 6.84216E-1 6.837E-1 6.82783E-1 6.82566E-1 6.82269E-1 6.82103E-1 6.82211E-1 6.8219E-1 6.82031E-1 6.82092E-1 6.82253E-1 6.82023E-1 6.82305E-1 6.82044E-1 6.81477E-1 6.81693E-1 6.81926E-1 6.8188E-1 6.82076E-1 6.82118E-1 6.8221E-1 6.82196E-1 6.8273E-1 6.82466E-1 6.8208E-1 6.8139E-1 6.80724E-1 6.80963E-1 6.80199E-1 6.79187E-1 6.80704E-1 6.82371E-1 6.83343E-1 6.84183E-1 6.85619E-1 6.88293E-1 6.9016E-1 6.90675E-1 6.91558E-1 6.91594E-1 6.91104E-1 6.89642E-1 6.88403E-1 6.86801E-1 6.83161E-1 6.77739E-1 6.66231E-1 6.55881E-1
6.86612E-1 6.86173E-1 6.86158E-1 6.86384E-1 6.86661E-1 6.86634E-1 6.86073E-1 6.8588E-1 6.86134E-1 6.86263E-1 6.86265E-1 6.85696E-1 6.84813E-1 6.84123E-1 6.84293E-1 6.84533E-1 6.8513E-1 6.85022E-1 6.84903E-1 6.8499E-1 6.85205E-1 6.85169E-1 6.8542E-1 6.85297E-1 6.85039E-1 6.85322E-1 6.85179E-1 6.84781E-1 6.8468E-1 6.84972E-1 6.85292E-1 6.85471E-1 6.86001E-1 6.86345E-1 6.86643E-1 6.86802E-1 6.87068E-1 6.87175E-1 6.86148E-1 6.85188E-1 6.85905E-1 6.87154E-1 6.87886E-1 6.87982E-1 6.88404E-1 6.90165E-1 6.92878E-1 6.94627E-1 6.95704E-1 6.96949E-1 6.97694E-1 6.97559E-1 6.96782E-1 6.95221E-1 6.9377E-1 6.92746E-1 6.92188E-1 6.90922E-1
6.8921E-1 6.88477E-1 6.88043E-1 6.88199E-1 6.88669E-1 6.88755E-1 6.88474E-1 6.88465E-1 6.88987E-1 6.88883E-1 6.88299E-1 6.87963E-1 6.87677E-1 6.87304E-1 6.87653E-1 6.87698E-1 6.88294E-1 6.88199E-1 6.88364E-1 6.88274E-1 6.87954E-1 6.87894E-1 6.87901E-1 6.87771E-1 6.87723E-1 6.88039E-1 6.87556E-1 6.8678E-1 6.8658E-1 6.86932E-1 6.86575E-1 6.86272E-1 6.86903E-1 6.8807E-1 6.89276E-1 6.9015E-1 6.90598E-1 6.90517E-1 6.89803E-1 6.89465E-1 6.89673E-1 6.90422E-1 6.91233E-1 6.91811E-1 6.92527E-1 6.93878E-1 6.95731E-1 6.96712E-1 6.97774E-1 6.98988E-1 6.98828E-1 6.98664E-1 6.98467E-1 6.98278E-1 6.98103E-1 6.97515E-1 6.96844E-1 6.96459E-1
6.9309E-1 6.92236E-1 6.91444E-1 6.91413E-1 6.91757E-1 6.91904E-1 6.91735E-1 6.91382E-1 6.91632E-1 6.91728E-1 6.91208E-1 6.90735E-1 6.9062E-1 6.90694E-1 6.90979E-1 6.9124E-1 6.9198E-1 6.92565E-1 6.92675E-1 6.92294E-1 6.91924E-1 6.91455E-1 6.9091E-1 6.90794E-1 6.90743E-1 6.90589E-1 6.90549E-1 6.8994E-1 6.89625E-1 6.89247E-1 6.88885E-1 6.88677E-1 6.89133E-1 6.90179E-1 6.91377E-1 6.91751E-1 6.91175E-1 6.90975E-1 6.90658E-1 6.90849E-1 6.90979E-1 6.91565E-1 6.92501E-1 6.93218E-1 6.93782E-1 6.9446E-1 6.95219E-1 6.95382E-1 6.95898E-1 6.96393E-1 6.9641E-1 6.96326E-1 6.96086E-1 6.95975E-1 6.95917E-1 6.96561E-1 6.96863E-1 6.96873E-1
6.9694E-1 6.96698E-1 6.96336E-1 6.95231E-1 6.95042E-1 6.95473E-1 6.94884E-1 6.94187E-1 6.94171E-1 6.94012E-1 6.93366E-1 6.92404E-1 6.91675E-1 6.91498E-1 6.91427E-1 6.9142E-1 6.91641E-1 6.9252E-1 6.93E-1 6.92982E-1 6.92661E-1 6.91782E-1 6.90955E-1 6.91232E-1 6.91497E-1 6.90892E-1 6.90078E-1 6.88699E-1 6.88082E-1 6.8714E-1 6.874E-1 6.87228E-1 6.86659E-1 6.88014E-1 6.88539E-1 6.8657E-1 6.84044E-1 6.84993E-1 6.85682E-1 6.83641E-1 6.81919E-1 6.83859E-1 6.87313E-1 6.89086E-1 6.90167E-1 6.90844E-1 6.91585E-1 6.91521E-1 6.90949E-1 6.90693E-1 6.90888E-1 6.90699E-1 6.89853E-1 6.89332E-1 6.90886E-1 6.93629E-1 6.96086E-1 6.96288E-1
6.97332E-1 6.96737E-1 6.95067E-1 6.92085E-1 6.88981E-1 6.88548E-1 6.87194E-1 6.86281E-1 6.86782E-1 6.86076E-1 6.82507E-1 6.77531E-1 6.74557E-1 6.72834E-1 6.71133E-1 6.69171E-1 6.6853E-1 6.69068E-1 6.69416E-1 6.69203E-1 6.67874E-1 6.6688E-1 6.6566E-1 6.64394E-1 6.63351E-1 6.61676E-1 6.5991E-1 6.58408E-1 6.57287E-1 6.56567E-1 6.56558E-1 6.5656E-1 6.56545E-1 6.57106E-1 6.57076E-1 6.55906E-1 6.55413E-1 6.55621E-1 6.55487E-1 6.53857E-1 6.52385E-1 6.52498E-1 6.53717E-1 6.54722E-1 6.56028E-1 6.57657E-1 6.59243E-1 6.59767E-1 6.59284E-1 6.5894E-1 6.5914E-1 6.59609E-1 6.59894E-1 6.6063E-1 6.64761E-1 6.70656E-1 6.77379E-1 6.76586E-1
7.03497E-1 7.0233E-1 7.00735E-1 6.98612E-1 6.95768E-1 6.94143E-1 6.92892E-1 6.90628E-1 6.87337E-1 6.84359E-1 6.80517E-1 6.76289E-1 6.73345E-1 6.71163E-1 6.69025E-1 6.67446E-1 6.66911E-1 6.66528E-1 6.66022E-1 6.65713E-1 6.6546E-1 6.65039E-1 6.64368E-1 6.62603E-1 6.60043E-1 6.58208E-1 6.56873E-1 6.55031E-1 6.52747E-1 6.50767E-1 6.49605E-1 6.49582E-1 6.50156E-1 6.50437E-1 6.50054E-1 6.49484E-1 6.47801E-1 6.4429E-1 6.3903E-1 6.33037E-1 6.28495E-1 6.2139E-1 6.19792E-1 6.22719E-1 6.30278E-1 6.38619E-1 6.42551E-1 6.43293E-1 6.41549E-1 6.33539E-1 6.26264E-1 6.2892E-1 6.29937E-1 6.28167E-1 6.38359E-1 6.50714E-1 6.49858E-1 7.04521E-1
7.15256E-1 7.15229E-1 7.14088E-1 7.12453E-1 7.11563E-1 7.11037E-1 7.0986E-1 7.08433E-1 7.06674E-1 7.05964E-1 7.04996E-1 7.04688E-1 7.04026E-1 7.02904E-1 7.01815E-1 7.01617E-1 7.01601E-1 7.01674E-1 7.01103E-1 7.00991E-1 7.01038E-1 7.00525E-1 6.9951E-1 6.9794E-1 6.9509E-1 6.89938E-1 6.85026E-1 6.81309E-1 6.77932E-1 6.76275E-1 6.73434E-1 6.72198E-1 6.7371E-1 6.73525E-1 6.71229E-1 6.68258E-1 6.64957E-1 6.6345E-1 6.61638E-1 6.58158E-1 6.5643E-1 6.54673E-1 6.53745E-1 6.54291E-1 6.55582E-1 6.56544E-1 6.56035E-1 6.55211E-1 6.55213E-1 6.55E-1 6.54025E-1 6.53753E-1 6.53216E-1 6.44624E-1 6.20726E-1 6.05892E-1 5.95477E-1 6.07774E-1
7.11675E-1 7.11869E-1 7.1113E-1 7.10404E-1 7.10609E-1 7.10758E-1 7.10712E-1 7.10498E-1 7.09784E-1 7.0963E-1 7.08805E-1 7.0798E-1 7.0813E-1 7.08299E-1 7.07086E-1 7.06219E-1 7.0607E-1 7.06458E-1 7.06505E-1 7.07026E-1 7.07493E-1 7.07279E-1 7.06217E-1 7.06204E-1 7.05857E-1 7.04341E-1 7.03568E-1 7.03337E-1 7.0271E-1 7.02326E-1 7.01422E-1 7.01064E-1 7.0168E-1 7.0118E-1 7.00061E-1 6.98678E-1 6.96099E-1 6.91998E-1 6.85957E-1 6.79171E-1 6.7622E-1 6.73728E-1 6.72421E-1 6.74804E-1 6.77457E-1 6.77455E-1 6.75988E-1 6.7443E-1 6.74038E-1 6.74768E-1 6.73365E-1 6.69253E-1 6.65126E-1 6.58943E-1 6.52709E-1 6.35043E-1 6.32708E-1 6.49484E-1
7.02689E-1 7.02479E-1 7.02299E-1 7.02211E-1 7.02823E-1 7.03278E-1 7.03609E-1 7.04142E-1 7.04867E-1 7.05287E-1 7.04517E-1 7.03639E-1 7.03416E-1 7.03551E-1 7.03211E-1 7.03575E-1 7.04194E-1 7.04239E-1 7.0443E-1 7.05074E-1 7.05379E-1 7.04642E-1 7.03733E-1 7.03428E-1 7.03511E-1 7.03389E-1 7.04136E-1 7.04573E-1 7.03919E-1 7.03063E-1 7.02515E-1 7.02281E-1 7.02584E-1 7.02308E-1 7.01789E-1 7.00664E-1 6.99122E-1 6.9776E-1 6.97048E-1 6.96609E-1 6.96204E-1 6.9492E-1 6.93562E-1 6.94596E-1 6.95608E-1 6.94206E-1 6.93152E-1 6.93448E-1 6.91838E-1 6.85494E-1 6.79414E-1 6.74998E-1 6.71171E-1 6.6783E-1 6.6586E-1 6.66853E-1 6.69261E-1 6.70753E-1
6.95549E-1 6.95188E-1 6.9502E-1 6.9525E-1 6.95907E-1 6.96582E-1 6.96819E-1 6.97246E-1 6.98074E-1 6.98293E-1 6.98129E-1 6.98129E-1 6.98226E-1 6.98536E-1 6.98981E-1 6.99454E-1 7.00069E-1 7.00165E-1 7.00197E-1 7.00259E-1 6.99937E-1 6.99909E-1 7.00354E-1 7.00595E-1 7.00782E-1 7.00954E-1 7.01025E-1 7.00968E-1 7.00733E-1 7.00528E-1 7.00441E-1 7.00118E-1 7.00045E-1 7.0036E-1 6.99611E-1 6.98661E-1 6.98352E-1 6.9757E-1 6.96846E-1 6.97935E-1 6.99197E-1 6.98358E-1 6.97033E-1 6.97131E-1 6.97907E-1 6.97937E-1 6.97683E-1 6.97343E-1 6.97551E-1 6.9615E-1 6.92938E-1 6.90665E-1 6.91894E-1 6.94297E-1 6.95011E-1 6.96299E-1 6.97079E-1 6.9574E-1
6.89904E-1 6.90225E-1 6.90068E-1 6.90421E-1 6.9102E-1 6.91591E-1 6.91992E-1 6.92423E-1 6.93529E-1 6.94173E-1 6.9433E-1 6.94119E-1 6.94265E-1 6.94898E-1 6.95743E-1 6.96554E-1 6.97327E-1 6.97345E-1 6.96916E-1 6.96769E-1 6.96935E-1 6.97585E-1 6.97601E-1 6.9746E-1 6.97992E-1 6.98459E-1 6.98193E-1 6.97511E-1 6.97204E-1 6.97997E-1 6.98338E-1 6.98543E-1 6.98841E-1 6.99017E-1 6.98634E-1 6.9827E-1 6.98887E-1 6.99006E-1 6.98328E-1 6.99319E-1 7.00137E-1 6.9964E-1 6.99492E-1 6.9944E-1 6.99985E-1 7.01108E-1 7.01477E-1 7.01515E-1 7.02258E-1 7.01589E-1 7.00642E-1 7.00403E-1 7.00912E-1 7.01156E-1 7.01493E-1 7.00837E-1 6.9993E-1 6.97098E-1
6.79952E-1 6.80484E-1 6.82416E-1 6.8369E-1 6.82593E-1 6.8253E-1 6.83118E-1 6.83809E-1 6.84002E-1 6.83915E-1 6.84624E-1 6.85423E-1 6.86371E-1 6.86765E-1 6.86663E-1 6.86788E-1 6.86904E-1 6.87328E-1 6.88762E-1 6.90488E-1 6.90925E-1 6.90506E-1 6.90232E-1 6.90592E-1 6.90855E-1 6.91176E-1 6.91715E-1 6.93788E-1 6.94185E-1 6.94943E-1 6.95818E-1 6.96181E-1 6.96396E-1 6.96867E-1 6.97593E-1 6.97949E-1 6.98233E-1 6.98563E-1 6.99138E-1 7.00027E-1 7.00243E-1 6.99867E-1 6.99819E-1 7.00999E-1 7.01748E-1 7.03314E-1 7.03816E-1 7.04666E-1 7.06396E-1 7.05316E-1 7.04615E-1 7.04661E-1 7.04614E-1 7.0446E-1 7.03577E-1 7.02052E-1 6.99638E-1 6.9743E-1
6.68565E-1 6.70858E-1 6.72017E-1 6.74098E-1 6.74918E-1 6.75978E-1 6.78239E-1 6.80428E-1 6.82155E-1 6.76159E-1 6.75609E-1 6.76227E-1 6.77017E-1 6.77946E-1 6.7716E-1 6.77008E-1 6.78342E-1 6.78983E-1 6.80198E-1 6.8224E-1 6.81517E-1 6.79699E-1 6.7868E-1 6.7927E-1 6.80721E-1 6.8257E-1 6.83782E-1 6.84561E-1 6.87191E-1 6.88968E-1 6.9075E-1 6.91972E-1 6.9225E-1 6.92689E-1 6.93467E-1 6.93666E-1 6.93572E-1 6.9354E-1 6.94522E-1 6.96423E-1 6.9691E-1 6.966E-1 6.96346E-1 6.97358E-1 6.99485E-1 7.01173E-1 7.01293E-1 7.03522E-1 7.04885E-1 7.0346E-1 7.02541E-1 7.02672E-1 7.03207E-1 7.03909E-1 7.03343E-1 7.01601E-1 6.98982E-1 6.97219E-1
6.16201E-1 6.27889E-1 6.43884E-1 6.61108E-1 6.68747E-1 6.70553E-1 6.74908E-1 6.82523E-1 6.92981E-1 6.85918E-1 6.73964E-1 6.70474E-1 6.68888E-1 6.68863E-1 6.68626E-1 6.69985E-1 6.72865E-1 6.74392E-1 6.73601E-1 6.72787E-1 6.72265E-1 6.70468E-1 6.71243E-1 6.72925E-1 6.74463E-1 6.76557E-1 6.77473E-1 6.77271E-1 6.79892E-1 6.82496E-1 6.82709E-1 6.81697E-1 6.81423E-1 6.8174E-1 6.83196E-1 6.84358E-1 6.83817E-1 6.8375E-1 6.86748E-1 6.8834E-1 6.89451E-1 6.89574E-1 6.8967E-1 6.90456E-1 6.92161E-1 6.94169E-1 6.95356E-1 6.97504E-1 6.986E-1 6.98418E-1 6.98888E-1 6.99311E-1 6.99719E-1 6.99175E-1 6.98276E-1 6.96853E-1 6.95866E-1 6.94986E-1
3.72431E-1 4.22347E-1 4.82506E-1 5.61305E-1 6.13597E-1 6.31926E-1 6.60116E-1 6.75701E-1 6.89492E-1 6.92319E-1 6.82777E-1 6.69046E-1 6.66768E-1 6.6528E-1 6.65298E-1 6.67898E-1 6.70422E-1 6.72179E-1 6.7184E-1 6.70428E-1 6.68615E-1 6.67687E-1 6.69373E-1 6.70091E-1 6.71022E-1 6.72553E-1 6.72367E-1 6.71296E-1 6.72862E-1 6.74461E-1 6.72434E-1 6.7069E-1 6.71703E-1 6.73671E-1 6.74688E-1 6.7489E-1 6.74781E-1 6.75231E-1 6.77699E-1 6.77945E-1 6.78044E-1 6.79636E-1 6.80872E-1 6.81838E-1 6.8394E-1 6.86768E-1 6.88443E-1 6.89368E-1 6.9045E-1 6.92401E-1 6.92828E-1 6.92386E-1 6.93243E-1 6.93578E-1 6.9229E-1 6.91905E-1 6.91678E-1 6.9109E-1
1.69633E-1 2.00583E-1 2.22827E-1 2.65029E-1 3.46934E-1 4.31448E-1 5.57859E-1 6.38146E-1 6.6789E-1 6.78021E-1 6.71903E-1 6.37194E-1 6.35818E-1 6.40162E-1 6.4834E-1 6.586E-1 6.66156E-1 6.68199E-1 6.68474E-1 6.69344E-1 6.69633E-1 6.6903E-1 6.68648E-1 6.68903E-1 6.68907E-1 6.68837E-1 6.69093E-1 6.69933E-1 6.70944E-1 6.70806E-1 6.69643E-1 6.69252E-1 6.69433E-1 6.69173E-1 6.6735E-1 6.67174E-1 6.68474E-1 6.67162E-1 6.67437E-1 6.66491E-1 6.65811E-1 6.67569E-1 6.70917E-1 6.73517E-1 6.76154E-1 6.78636E-1 6.79101E-1 6.79144E-1 6.80393E-1 6.82577E-1 6.83931E-1 6.85624E-1 6.86878E-1 6.87212E-1 6.85778E-1 6.85242E-1 6.86014E-1 6.85872E-1
9.89925E-2 1.13417E-1 1.24191E-1 1.44435E-1 1.74363E-1 2.23745E-1 2.89905E-1 3.7541E-1 5.14248E-1 5.96829E-1 5.67161E-1 4.62038E-1 4.76241E-1 5.01806E-1 5.6027E-1 6.00907E-1 6.26541E-1 6.39005E-1 6.48497E-1 6.58708E-1 6.59734E-1 6.61045E-1 6.62472E-1 6.62792E-1 6.6165E-1 6.6044E-1 6.62101E-1 6.64334E-1 6.65231E-1 6.64033E-1 6.62543E-1 6.62119E-1 6.60858E-1 6.60791E-1 6.59389E-1 6.59066E-1 6.58538E-1 6.56431E-1 6.54964E-1 6.50893E-1 6.50876E-1 6.55437E-1 6.58609E-1 6.6196E-1 6.64788E-1 6.67354E-1 6.68461E-1 6.68358E-1 6.6934E-1 6.70607E-1 6.72327E-1 6.74536E-1 6.76028E-1 6.76638E-1 6.73182E-1 6.73468E-1 6.76159E-1 6.7786E-1
5.99503E-2 7.15852E-2 7.93138E-2 8.91946E-2 1.02892E-1 1.17205E-1 1.4203E-1 1.71881E-1 2.07455E-1 2.39513E-1 2.67359E-1 2.46478E-1 2.5275E-1 2.74315E-1 3.05841E-1 3.45729E-1 3.9028E-1 4.68247E-1 5.67277E-1 6.16573E-1 6.2743E-1 6.35411E-1 6.3866E-1 6.40853E-1 6.42259E-1 6.43277E-1 6.4443E-1 6.40459E-1 6.38311E-1 6.37183E-1 6.43663E-1 6.45671E-1 6.42644E-1 6.43103E-1 6.45048E-1 6.45655E-1 6.42936E-1 6.41385E-1 6.39372E-1 6.37581E-1 6.3837E-1 6.37174E-1 6.37561E-1 6.38797E-1 6.4106E-1 6.4384E-1 6.41464E-1 6.37786E-1 6.36873E-1 6.39591E-1 6.43775E-1 6.51347E-1 6.53438E-1 6.52655E-1 6.43354E-1 6.4868E-1 6.60717E-1 6.66147E-1
4.44917E-2 4.83991E-2 5.36224E-2 5.22566E-2 5.08109E-2 5.35902E-2 6.61831E-2 8.27907E-2 9.92167E-2 1.19398E-1 1.33652E-1 1.35491E-1 1.39469E-1 1.50645E-1 1.6017E-1 1.77245E-1 2.03713E-1 2.35741E-1 2.94609E-1 3.64357E-1 4.18205E-1 4.72934E-1 5.08548E-1 5.35118E-1 5.49833E-1 5.52939E-1 5.4987E-1 4.6828E-1 4.13623E-1 4.38043E-1 4.89685E-1 5.09831E-1 4.79332E-1 5.46392E-1 5.92815E-1 6.10946E-1 6.21706E-1 6.23453E-1 6.24808E-1 6.26574E-1 6.28588E-1 6.26567E-1 6.24559E-1 6.26163E-1 6.25683E-1 6.25362E-1 6.23352E-1 6.17212E-1 6.13977E-1 6.15321E-1 6.15795E-1 6.19574E-1 6.15751E-1 5.98514E-1 5.99112E-1 6.14171E-1 6.19137E-1 6.22056E-1
7.39292E-2 7.66723E-2 6.99782E-2 5.57211E-2 3.38218E-2 2.67481E-2 2.83513E-2 3.33395E-2 4.04259E-2 5.66681E-2 7.24263E-2 7.79808E-2 7.93209E-2 8.57068E-2 9.74302E-2 1.06473E-1 1.13846E-1 1.28355E-1 1.57922E-1 1.94239E-1 2.18202E-1 2.50076E-1 2.65483E-1 2.67886E-1 2.69647E-1 2.61934E-1 2.5279E-1 2.23007E-1 2.09874E-1 2.20759E-1 2.25749E-1 2.22238E-1 2.18641E-1 2.57309E-1 3.13884E-1 3.56441E-1 4.01811E-1 4.55723E-1 4.9673E-1 5.31205E-1 5.55818E-1 5.73936E-1 5.64974E-1 5.54194E-1 5.5308E-1 5.51229E-1 5.56917E-1 5.67456E-1 5.63268E-1 5.59675E-1 5.46365E-1 5.46646E-1 5.33108E-1 5.18439E-1 5.20533E-1 5.33547E-1 5.45716E-1 5.50879E-1
1.42984E-1 1.85621E-1 1.48237E-1 9.60278E-2 4.96432E-2 2.90436E-2 2.82688E-2 2.38511E-2 2.31752E-2 2.60713E-2 3.03036E-2 3.15139E-2 3.17089E-2 3.49411E-2 4.08853E-2 4.51072E-2 4.71607E-2 5.64105E-2 8.42428E-2 1.03644E-1 1.14404E-1 1.27315E-1 1.38243E-1 1.30503E-1 1.30295E-1 1.25026E-1 1.21322E-1 1.22101E-1 1.18633E-1 1.0455E-1 9.7854E-2 9.69196E-2 1.07799E-1 1.15143E-1 1.28112E-1 1.5532E-1 1.89659E-1 2.23297E-1 2.53772E-1 2.80988E-1 3.17465E-1 3.28615E-1 2.98244E-1 3.08461E-1 3.44262E-1 3.62869E-1 3.79538E-1 4.0131E-1 3.92347E-1 4.04463E-1 4.12443E-1 4.20997E-1 4.00101E-1 4.0053E-1 4.13675E-1 4.28879E-1 4.48192E-1 4.55765E-1
1.61096E-1 2.40634E-1 3.0337E-1 2.63102E-1 1.48978E-1 9.0933E-2 4.13985E-2 2.4466E-2 1.95271E-2 1.86434E-2 1.93047E-2 1.87568E-2 1.93139E-2 1.8833E-2 1.90346E-2 1.93107E-2 1.93872E-2 2.13629E-2 2.98169E-2 3.97781E-2 4.80643E-2 5.78817E-2 6.69247E-2 6.85291E-2 6.3275E-2 5.34541E-2 5.34403E-2 5.71863E-2 5.12245E-2 3.63382E-2 2.99072E-2 3.33206E-2 3.92511E-2 4.09312E-2 4.44737E-2 5.60864E-2 7.45402E-2 8.94486E-2 1.03811E-1 1.19138E-1 1.36097E-1 1.22477E-1 1.1673E-1 1.31357E-1 1.56446E-1 1.73378E-1 1.73218E-1 1.84687E-1 1.86946E-1 1.96967E-1 1.96331E-1 2.11049E-1 2.14755E-1 2.46177E-1 2.76541E-1 2.85156E-1 3.14512E-1 3.12895E-1
1.14963E-1 1.67067E-1 2.52378E-1 2.65515E-1 1.67102E-1 1.02766E-1 4.48068E-2 2.68391E-2 2.18764E-2 1.67396E-2 1.55613E-2 1.50006E-2 1.45679E-2 1.29532E-2 1.18232E-2 1.17534E-2 1.18953E-2 1.22471E-2 1.34709E-2 1.46146E-2 1.67439E-2 1.96259E-2 1.88593E-2 2.12559E-2 2.05222E-2 1.73881E-2 1.68298E-2 1.74918E-2 1.63072E-2 1.38717E-2 1.30603E-2 1.41654E-2 1.42052E-2 1.3626E-2 1.28297E-2 1.40993E-2 1.78206E-2 2.11517E-2 2.56924E-2 3.83259E-2 4.58675E-2 4.05864E-2 3.99273E-2 4.16295E-2 5.78247E-2 7.6143E-2 8.23115E-2 8.28762E-2 8.03678E-2 8.60034E-2 9.46789E-2 1.07941E-1 1.02215E-1 1.18972E-1 1.45768E-1 1.48905E-1 1.51062E-1 1.51339E-1
7.67779E-2 9.54166E-2 1.16013E-1 1.27379E-1 8.91921E-2 7.19266E-2 5.03051E-2 3.66849E-2 2.62965E-2 1.74157E-2 1.42622E-2 1.31762E-2 1.25362E-2 1.07267E-2 9.77472E-3 9.61449E-3 9.45671E-3 9.17687E-3 9.29184E-3 9.20038E-3 9.45686E-3 9.95768E-3 1.08539E-2 1.16569E-2 1.11878E-2 1.03853E-2 9.74298E-3 9.4241E-3 9.05259E-3 8.65129E-3 8.21547E-3 7.93913E-3 7.6705E-3 7.41527E-3 7.14899E-3 7.3501E-3 7.41757E-3 7.23178E-3 7.99366E-3 1.03511E-2 1.19549E-2 1.23116E-2 1.38829E-2 1.49026E-2 1.63052E-2 2.04487E-2 2.56993E-2 2.4854E-2 2.89186E-2 3.77388E-2 4.78135E-2 5.31741E-2 5.03715E-2 5.91081E-2 6.99895E-2 6.13671E-2 5.85435E-2 6.11796E-2
