data/Modelo 1/FALn_median.asc
ncols         78
nrows         61
xllcorner     -149.5
yllcorner     -28.5
cellsize      1.0
NODATA_value  -9999
[rows 26 to 51 of 61, columns 0 to 57 of 78]
6.77479E-1 6.77865E-1 6.77819E-1 6.77632E-1 6.7769E-1 6.77847E-1 6.77611E-1 6.76957E-1 6.76723E-1 6.77031E-1 6.76761E-1 6.76157E-1 6.7581E-1 6.75425E-1 6.75634E-1 6.75626E-1 6.75652E-1 6.75274E-1 6.73911E-1 6.73472E-1 6.73718E-1 6.73039E-1 6.73059E-1 6.7314E-1 6.73171E-1 6.73642E-1 6.74163E-1 6.74654E-1 6.74939E-1 6.75029E-1 6.75108E-1 6.74918E-1 6.7471E-1 6.74462E-1 6.7363E-1 6.72573E-1 6.71725E-1 6.71427E-1 6.71597E-1 6.72731E-1 6.74433E-1 6.75389E-1 6.76701E-1 6.78643E-1 6.80807E-1 6.79782E-1 6.77893E-1 6.77698E-1 6.78769E-1 6.77267E-1 6.75275E-1 6.6629E-1 6.60799E-1 6.55439E-1 6.52132E-1 6.47268E-1 6.38875E-1 6.32382E-1
6.84621E-1 6.83934E-1 6.84078E-1 6.84185E-1 6.84397E-1 6.84511E-1 6.83632E-1 6.83014E-1 6.8298E-1 6.8338E-1 6.83721E-1 6.83062E-1 6.8202E-1 6.81725E-1 6.81474E-1 6.81282E-1 6.81362E-1 6.81316E-1 6.81065E-1 6.81157E-1 6.81441E-1 6.81272E-1 6.81734E-1 6.8124E-1 6.80233E-1 6.80235E-1 6.80468E-1 6.80333E-1 6.80335E-1 6.80353E-1 6.80429E-1 6.80373E-1 6.81054E-1 6.80694E-1 6.80238E-1 6.79488E-1 6.78967E-1 6.79299E-1 6.78325E-1 6.77309E-1 6.79026E-1 6.81138E-1 6.82396E-1 6.83521E-1 6.85455E-1 6.8894E-1 6.91393E-1 6.92186E-1 6.93491E-1 6.9407E-1 6.93889E-1 6.92087E-1 6.90583E-1 6.87534E-1 6.83838E-1 6.78264E-1 6.66426E-1 6.55824E-1
6.86626E-1 6.86077E-1 6.86044E-1 6.86304E-1 6.86708E-1 6.86679E-1 6.85887E-1 6.85687E-1 6.85978E-1 6.86127E-1 6.86167E-1 6.855E-1 6.8433E-1 6.83444E-1 6.83708E-1 6.84005E-1 6.84772E-1 6.84609E-1 6.84435E-1 6.84544E-1 6.84849E-1 6.84733E-1 6.84985E-1 6.84858E-1 6.84512E-1 6.84593E-1 6.84287E-1 6.83763E-1 6.83189E-1 6.83431E-1 6.83894E-1 6.84122E-1 6.84911E-1 6.85617E-1 6.86274E-1 6.86727E-1 6.87285E-1 6.87481E-1 6.85918E-1 6.84333E-1 6.85274E-1 6.86988E-1 6.88046E-1 6.88177E-1 6.8879E-1 6.91099E-1 6.93663E-1 6.95082E-1 6.96286E-1 6.97809E-1 6.98498E-1 6.98471E-1 6.98162E-1 6.97532E-1 6.96021E-1 6.94018E-1 6.92289E-1 6.90753E-1
6.89858E-1 6.89029E-1 6.88457E-1 6.8866E-1 6.89237E-1 6.89333E-1 6.89022E-1 6.88984E-1 6.89634E-1 6.89497E-1 6.88709E-1 6.88258E-1 6.87891E-1 6.87406E-1 6.87872E-1 6.87908E-1 6.88662E-1 6.88509E-1 6.88695E-1 6.88561E-1 6.88143E-1 6.88065E-1 6.88088E-1 6.87951E-1 6.87908E-1 6.88316E-1 6.87616E-1 6.8647E-1 6.85778E-1 6.85772E-1 6.85135E-1 6.84808E-1 6.85694E-1 6.87275E-1 6.88966E-1 6.90435E-1 6.90827E-1 6.90889E-1 6.90005E-1 6.89531E-1 6.8981E-1 6.90934E-1 6.91869E-1 6.92354E-1 6.93091E-1 6.94167E-1 6.95608E-1 6.96737E-1 6.97835E-1 6.98973E-1 6.98901E-1 6.98855E-1 6.9879E-1 6.98733E-1 6.98695E-1 6.98486E-1 6.97701E-1 6.9684E-1
6.93798E-1 6.93308E-1 6.9261E-1 6.92549E-1 6.92988E-1 6.93168E-1 6.9294E-1 6.92467E-1 6.92782E-1 6.92887E-1 6.9219E-1 6.91564E-1 6.91418E-1 6.91527E-1 6.91895E-1 6.92201E-1 6.93128E-1 6.93858E-1 6.93971E-1 6.93443E-1 6.92935E-1 6.92306E-1 6.91605E-1 6.91447E-1 6.9138E-1 6.91188E-1 6.91145E-1 6.90393E-1 6.89879E-1 6.88978E-1 6.88093E-1 6.87517E-1 6.88136E-1 6.89477E-1 6.91064E-1 6.91592E-1 6.90911E-1 6.90738E-1 6.90404E-1 6.90709E-1 6.90939E-1 6.91778E-1 6.93094E-1 6.94122E-1 6.94962E-1 6.9596E-1 6.96875E-1 6.97208E-1 6.97456E-1 6.97689E-1 6.97729E-1 6.97724E-1 6.97654E-1 6.97633E-1 6.97665E-1 6.97528E-1 6.97008E-1 6.96467E-1
6.97838E-1 6.97528E-1 6.97108E-1 6.95755E-1 6.95508E-1 6.96012E-1 6.95213E-1 6.94279E-1 6.94244E-1 6.94025E-1 6.93486E-1 6.92128E-1 6.91027E-1 6.90747E-1 6.90639E-1 6.90602E-1 6.90845E-1 6.91691E-1 6.92245E-1 6.92026E-1 6.91417E-1 6.90053E-1 6.89276E-1 6.8972E-1 6.9012E-1 6.89052E-1 6.87936E-1 6.86897E-1 6.86446E-1 6.85965E-1 6.86149E-1 6.86061E-1 6.85474E-1 6.86602E-1 6.87027E-1 6.85317E-1 6.83307E-1 6.84103E-1 6.84656E-1 6.83011E-1 6.81618E-1 6.8317E-1 6.86177E-1 6.87814E-1 6.88965E-1 6.89633E-1 6.90322E-1 6.90272E-1 6.89716E-1 6.89538E-1 6.89772E-1 6.89699E-1 6.88959E-1 6.8832E-1 6.90223E-1 6.93118E-1 6.96099E-1 6.96581E-1
6.97056E-1 6.96115E-1 6.94155E-1 6.90794E-1 6.88404E-1 6.88105E-1 6.87571E-1 6.87229E-1 6.87358E-1 6.86847E-1 6.83368E-1 6.78106E-1 6.75702E-1 6.73411E-1 6.71066E-1 6.68705E-1 6.68212E-1 6.68909E-1 6.69433E-1 6.6936E-1 6.68179E-1 6.67356E-1 6.664E-1 6.65416E-1 6.6423E-1 6.62299E-1 6.60341E-1 6.58706E-1 6.5742E-1 6.56547E-1 6.56497E-1 6.5651E-1 6.56447E-1 6.56926E-1 6.56771E-1 6.55407E-1 6.54761E-1 6.54894E-1 6.54692E-1 6.5289E-1 6.51709E-1 6.51786E-1 6.52712E-1 6.53821E-1 6.55335E-1 6.5728E-1 6.59237E-1 6.60006E-1 6.59599E-1 6.59277E-1 6.59544E-1 6.6009E-1 6.60404E-1 6.61134E-1 6.65276E-1 6.70658E-1 6.77796E-1 6.77667E-1
7.05628E-1 7.03843E-1 7.01387E-1 6.987E-1 6.94993E-1 6.93464E-1 6.92652E-1 6.91406E-1 6.8935E-1 6.85057E-1 6.80634E-1 6.76592E-1 6.73221E-1 6.71331E-1 6.69418E-1 6.67991E-1 6.67604E-1 6.67408E-1 6.67114E-1 6.66582E-1 6.66168E-1 6.65537E-1 6.64525E-1 6.6238E-1 6.59489E-1 6.57403E-1 6.55885E-1 6.53837E-1 6.51567E-1 6.50109E-1 6.49181E-1 6.49041E-1 6.49261E-1 6.49276E-1 6.48948E-1 6.48613E-1 6.4782E-1 6.46233E-1 6.43005E-1 6.36688E-1 6.31984E-1 6.24564E-1 6.22963E-1 6.26016E-1 6.3399E-1 6.42038E-1 6.46245E-1 6.46155E-1 6.45465E-1 6.37014E-1 6.29615E-1 6.32202E-1 6.33108E-1 6.31056E-1 6.43559E-1 6.569E-1 6.49777E-1 7.07647E-1
7.16536E-1 7.16429E-1 7.15024E-1 7.13098E-1 7.12072E-1 7.11474E-1 7.10212E-1 7.08648E-1 7.06855E-1 7.05808E-1 7.05289E-1 7.05247E-1 7.05047E-1 7.04573E-1 7.03571E-1 7.03174E-1 7.03057E-1 7.02988E-1 7.01898E-1 7.01548E-1 7.01424E-1 7.01108E-1 6.99885E-1 6.98308E-1 6.96747E-1 6.9142E-1 6.85422E-1 6.81246E-1 6.78496E-1 6.77159E-1 6.747E-1 6.73283E-1 6.74741E-1 6.74382E-1 6.71655E-1 6.6823E-1 6.64547E-1 6.62823E-1 6.6074E-1 6.56801E-1 6.54788E-1 6.5283E-1 6.51834E-1 6.52318E-1 6.535E-1 6.54428E-1 6.5387E-1 6.53052E-1 6.53075E-1 6.52816E-1 6.51787E-1 6.51672E-1 6.50741E-1 6.47844E-1 6.22913E-1 6.07037E-1 5.94568E-1 6.06352E-1
7.13526E-1 7.13652E-1 7.12963E-1 7.12317E-1 7.12551E-1 7.12481E-1 7.12273E-1 7.1195E-1 7.10934E-1 7.10618E-1 7.09504E-1 7.08448E-1 7.08571E-1 7.08688E-1 7.0744E-1 7.06734E-1 7.06645E-1 7.06923E-1 7.06928E-1 7.07283E-1 7.07673E-1 7.07421E-1 7.06593E-1 7.06579E-1 7.06403E-1 7.05021E-1 7.04576E-1 7.04481E-1 7.0415E-1 7.04069E-1 7.02726E-1 7.02012E-1 7.0276E-1 7.01793E-1 7.00495E-1 6.98464E-1 6.95775E-1 6.93115E-1 6.86112E-1 6.7938E-1 6.77E-1 6.74791E-1 6.7361E-1 6.7585E-1 6.78016E-1 6.7803E-1 6.7685E-1 6.75591E-1 6.75175E-1 6.75675E-1 6.7377E-1 6.68956E-1 6.63997E-1 6.57033E-1 6.50508E-1 6.4011E-1 6.3544E-1 6.49118E-1
7.03319E-1 7.03021E-1 7.02788E-1 7.02619E-1 7.033E-1 7.03733E-1 7.04322E-1 7.04945E-1 7.05887E-1 7.06777E-1 7.05818E-1 7.04737E-1 7.04366E-1 7.0431E-1 7.03518E-1 7.03939E-1 7.04746E-1 7.04593E-1 7.04619E-1 7.05258E-1 7.05802E-1 7.05299E-1 7.04362E-1 7.04146E-1 7.04353E-1 7.04273E-1 7.05144E-1 7.05501E-1 7.04998E-1 7.04259E-1 7.03768E-1 7.03588E-1 7.03905E-1 7.03353E-1 7.02615E-1 7.02006E-1 6.99936E-1 6.97722E-1 6.96828E-1 6.96391E-1 6.95997E-1 6.93965E-1 6.92186E-1 6.93177E-1 6.94623E-1 6.93532E-1 6.92536E-1 6.92843E-1 6.91412E-1 6.85713E-1 6.79478E-1 6.7594E-1 6.72093E-1 6.67966E-1 6.65586E-1 6.66672E-1 6.6959E-1 6.71849E-1
6.97113E-1 6.96643E-1 6.96388E-1 6.96625E-1 6.97381E-1 6.98071E-1 6.98264E-1 6.9885E-1 6.99312E-1 6.99293E-1 6.99113E-1 6.99082E-1 6.99054E-1 6.99113E-1 6.99364E-1 6.99827E-1 7.00416E-1 7.00841E-1 7.00833E-1 7.00593E-1 7.00394E-1 7.00751E-1 7.01211E-1 7.01437E-1 7.01708E-1 7.01945E-1 7.0215E-1 7.02172E-1 7.01862E-1 7.01543E-1 7.01429E-1 7.01134E-1 7.01111E-1 7.01526E-1 7.00726E-1 6.99435E-1 6.98985E-1 6.98413E-1 6.97499E-1 6.98928E-1 6.99972E-1 6.99218E-1 6.9796E-1 6.98087E-1 6.9905E-1 6.99024E-1 6.98292E-1 6.97486E-1 6.97686E-1 6.96137E-1 6.91843E-1 6.8975E-1 6.91085E-1 6.94153E-1 6.94329E-1 6.96425E-1 6.97342E-1 6.95755E-1
6.90621E-1 6.91078E-1 6.90646E-1 6.911E-1 6.92044E-1 6.92955E-1 6.93609E-1 6.94276E-1 6.95932E-1 6.96775E-1 6.96849E-1 6.96417E-1 6.96385E-1 6.97045E-1 6.98198E-1 6.9913E-1 6.99492E-1 6.99421E-1 6.99086E-1 6.98722E-1 6.98585E-1 6.99057E-1 6.99003E-1 6.98801E-1 6.99173E-1 6.99421E-1 6.99222E-1 6.98238E-1 6.97316E-1 6.98247E-1 6.98769E-1 6.98865E-1 6.99506E-1 6.99984E-1 7.00197E-1 6.99771E-1 7.00434E-1 7.00356E-1 6.9923E-1 7.00592E-1 7.01843E-1 7.00959E-1 7.00599E-1 7.00453E-1 7.01104E-1 7.02499E-1 7.02903E-1 7.02879E-1 7.0355E-1 7.02852E-1 7.01637E-1 7.01401E-1 7.01968E-1 7.02237E-1 7.02667E-1 7.01837E-1 7.00684E-1 6.97923E-1
6.82453E-1 6.83367E-1 6.8394E-1 6.84138E-1 6.83998E-1 6.8422E-1 6.85705E-1 6.87419E-1 6.87865E-1 6.87138E-1 6.88518E-1 6.88977E-1 6.89425E-1 6.90394E-1 6.89371E-1 6.89561E-1 6.90092E-1 6.90524E-1 6.91659E-1 6.93391E-1 6.94347E-1 6.94449E-1 6.9414E-1 6.94251E-1 6.94831E-1 6.95353E-1 6.95864E-1 6.96331E-1 6.96384E-1 6.97197E-1 6.98038E-1 6.97929E-1 6.98003E-1 6.9827E-1 6.98912E-1 6.99026E-1 6.9918E-1 6.99625E-1 7.0035E-1 7.01396E-1 7.01432E-1 7.00369E-1 7.00535E-1 7.01821E-1 7.02614E-1 7.04518E-1 7.04975E-1 7.0575E-1 7.07706E-1 7.06204E-1 7.05389E-1 7.05447E-1 7.05444E-1 7.05351E-1 7.04416E-1 7.02976E-1 7.00758E-1 6.97706E-1
6.72154E-1 6.73697E-1 6.74604E-1 6.75625E-1 6.7622E-1 6.77833E-1 6.80474E-1 6.83551E-1 6.85993E-1 6.79117E-1 6.78661E-1 6.79354E-1 6.80114E-1 6.81019E-1 6.80066E-1 6.79513E-1 6.8139E-1 6.82292E-1 6.83856E-1 6.86059E-1 6.85448E-1 6.83315E-1 6.81786E-1 6.82575E-1 6.84199E-1 6.86471E-1 6.87622E-1 6.88351E-1 6.88182E-1 6.89414E-1 6.91857E-1 6.93899E-1 6.9456E-1 6.95659E-1 6.96201E-1 6.95931E-1 6.95434E-1 6.95539E-1 6.96694E-1 6.98977E-1 6.99064E-1 6.9844E-1 6.97632E-1 6.98782E-1 7.01261E-1 7.03263E-1 7.0319E-1 7.05754E-1 7.07075E-1 7.04339E-1 7.0388E-1 7.03866E-1 7.04072E-1 7.04917E-1 7.04308E-1 7.02753E-1 6.99694E-1 6.98398E-1
6.22347E-1 6.34947E-1 6.49821E-1 6.63537E-1 6.70076E-1 6.71502E-1 6.75813E-1 6.82836E-1 6.93826E-1 6.88362E-1 6.76201E-1 6.73754E-1 6.73718E-1 6.73652E-1 6.73892E-1 6.74895E-1 6.76867E-1 6.78014E-1 6.77789E-1 6.77164E-1 6.76806E-1 6.75431E-1 6.76093E-1 6.77202E-1 6.78398E-1 6.79632E-1 6.80903E-1 6.80655E-1 6.82183E-1 6.84255E-1 6.84147E-1 6.84253E-1 6.83812E-1 6.84288E-1 6.85775E-1 6.86029E-1 6.86306E-1 6.86733E-1 6.87504E-1 6.8928E-1 6.90592E-1 6.90591E-1 6.90683E-1 6.91686E-1 6.93399E-1 6.95811E-1 6.97128E-1 6.99566E-1 7.00554E-1 6.99551E-1 6.99809E-1 7.00518E-1 7.01222E-1 6.99901E-1 6.98716E-1 6.97763E-1 6.96556E-1 6.95668E-1
3.71322E-1 4.18017E-1 4.76598E-1 5.6504E-1 6.12588E-1 6.32652E-1 6.62998E-1 6.74851E-1 6.89678E-1 6.93009E-1 6.83607E-1 6.69798E-1 6.69057E-1 6.68764E-1 6.68218E-1 6.71208E-1 6.72914E-1 6.73672E-1 6.73571E-1 6.73683E-1 6.71848E-1 6.71321E-1 6.7199E-1 6.72582E-1 6.74101E-1 6.74386E-1 6.739E-1 6.74067E-1 6.7548E-1 6.76563E-1 6.75449E-1 6.73496E-1 6.73882E-1 6.76814E-1 6.77186E-1 6.7769E-1 6.77415E-1 6.77001E-1 6.77956E-1 6.78342E-1 6.79414E-1 6.80348E-1 6.81839E-1 6.82747E-1 6.85404E-1 6.87222E-1 6.89368E-1 6.90416E-1 6.91495E-1 6.93682E-1 6.9405E-1 6.93628E-1 6.94744E-1 6.94996E-1 6.93082E-1 6.92456E-1 6.9217E-1 6.91506E-1
1.71125E-1 2.0139E-1 2.23285E-1 2.64706E-1 3.45275E-1 4.28575E-1 5.57554E-1 6.37595E-1 6.68994E-1 6.76529E-1 6.71639E-1 6.35902E-1 6.34393E-1 6.39731E-1 6.50394E-1 6.629E-1 6.6833E-1 6.69067E-1 6.69217E-1 6.69779E-1 6.69969E-1 6.69541E-1 6.69244E-1 6.69407E-1 6.69426E-1 6.69341E-1 6.69482E-1 6.70189E-1 6.70775E-1 6.7059E-1 6.69819E-1 6.69762E-1 6.69924E-1 6.70352E-1 6.70467E-1 6.70753E-1 6.70801E-1 6.70747E-1 6.70684E-1 6.68832E-1 6.68134E-1 6.70384E-1 6.72855E-1 6.7407E-1 6.75661E-1 6.77899E-1 6.78225E-1 6.77975E-1 6.79317E-1 6.82126E-1 6.83867E-1 6.86611E-1 6.87691E-1 6.88164E-1 6.86285E-1 6.85224E-1 6.86504E-1 6.85991E-1
9.90877E-2 1.13145E-1 1.24147E-1 1.4485E-1 1.7485E-1 2.25842E-1 2.90916E-1 3.78732E-1 5.11108E-1 5.9806E-1 5.68529E-1 4.58604E-1 4.72694E-1 4.98115E-1 5.58873E-1 6.04227E-1 6.27165E-1 6.38012E-1 6.50255E-1 6.6177E-1 6.62981E-1 6.63633E-1 6.64432E-1 6.65333E-1 6.63791E-1 6.62583E-1 6.64086E-1 6.674E-1 6.67713E-1 6.67304E-1 6.6443E-1 6.64198E-1 6.6309E-1 6.63503E-1 6.63442E-1 6.63716E-1 6.63669E-1 6.61137E-1 6.59296E-1 6.56E-1 6.56367E-1 6.60014E-1 6.63527E-1 6.64449E-1 6.67517E-1 6.69084E-1 6.6945E-1 6.69229E-1 6.70095E-1 6.71202E-1 6.72667E-1 6.74516E-1 6.75745E-1 6.76158E-1 6.73182E-1 6.73255E-1 6.75515E-1 6.77143E-1
6.2926E-2 7.33746E-2 7.9976E-2 8.89284E-2 1.01707E-1 1.15477E-1 1.41026E-1 1.70871E-1 2.073E-1 2.40614E-1 2.69153E-1 2.48026E-1 2.54654E-1 2.75034E-1 3.06151E-1 3.48922E-1 3.92014E-1 4.64479E-1 5.67929E-1 6.1581E-1 6.27302E-1 6.33399E-1 6.37222E-1 6.40046E-1 6.41853E-1 6.43104E-1 6.44436E-1 6.39219E-1 6.36521E-1 6.35544E-1 6.43716E-1 6.47271E-1 6.42423E-1 6.4353E-1 6.46934E-1 6.48436E-1 6.44058E-1 6.41412E-1 6.40434E-1 6.38007E-1 6.39348E-1 6.38901E-1 6.36655E-1 6.38863E-1 6.42697E-1 6.46946E-1 6.4329E-1 6.36988E-1 6.35798E-1 6.40366E-1 6.47154E-1 6.55947E-1 6.57658E-1 6.57355E-1 6.47132E-1 6.52238E-1 6.60715E-1 6.69652E-1
4.65109E-2 5.07918E-2 5.63885E-2 5.48388E-2 5.3137E-2 5.63257E-2 6.98806E-2 8.39068E-2 9.80128E-2 1.18926E-1 1.3302E-1 1.34674E-1 1.38324E-1 1.49421E-1 1.59303E-1 1.76863E-1 2.04003E-1 2.37084E-1 2.94198E-1 3.67273E-1 4.16035E-1 4.68912E-1 5.04337E-1 5.30802E-1 5.4621E-1 5.49541E-1 5.46186E-1 4.64107E-1 4.11247E-1 4.339E-1 4.85216E-1 5.05216E-1 4.7483E-1 5.42013E-1 5.96086E-1 6.11393E-1 6.19878E-1 6.23043E-1 6.24682E-1 6.26049E-1 6.26891E-1 6.25223E-1 6.23869E-1 6.24541E-1 6.24236E-1 6.23955E-1 6.21903E-1 6.14149E-1 6.12725E-1 6.14229E-1 6.1561E-1 6.18018E-1 6.14162E-1 6.03227E-1 6.02496E-1 6.15564E-1 6.20699E-1 6.2535E-1
7.55457E-2 7.79361E-2 7.31098E-2 5.83465E-2 3.5226E-2 2.78756E-2 2.95673E-2 3.48622E-2 4.23815E-2 5.96778E-2 7.60421E-2 8.02938E-2 8.1352E-2 8.65054E-2 9.66823E-2 1.05307E-1 1.12586E-1 1.26836E-1 1.57074E-1 1.93973E-1 2.18949E-1 2.50807E-1 2.6505E-1 2.6732E-1 2.69343E-1 2.6223E-1 2.52987E-1 2.24273E-1 2.10816E-1 2.22112E-1 2.26864E-1 2.23426E-1 2.19868E-1 2.57011E-1 3.14576E-1 3.56973E-1 3.99433E-1 4.50041E-1 4.89917E-1 5.24813E-1 5.52243E-1 5.75959E-1 5.63088E-1 5.50026E-1 5.48801E-1 5.47029E-1 5.55847E-1 5.72554E-1 5.68156E-1 5.64362E-1 5.49748E-1 5.49819E-1 5.33881E-1 5.16758E-1 5.20925E-1 5.3627E-1 5.50063E-1 5.57872E-1
1.42106E-1 1.84972E-1 1.47095E-1 9.53868E-2 5.21603E-2 3.02771E-2 2.94614E-2 2.47862E-2 2.40842E-2 2.71369E-2 3.15812E-2 3.28337E-2 3.30301E-2 3.64167E-2 4.26665E-2 4.71375E-2 4.93639E-2 5.9279E-2 8.51888E-2 1.01864E-1 1.13216E-1 1.25882E-1 1.37115E-1 1.29191E-1 1.29064E-1 1.2367E-1 1.20066E-1 1.21124E-1 1.17438E-1 1.0312E-1 9.71852E-2 9.64955E-2 1.06677E-1 1.14264E-1 1.27856E-1 1.54829E-1 1.90303E-1 2.24071E-1 2.53113E-1 2.80059E-1 3.18923E-1 3.30115E-1 2.97609E-1 3.08951E-1 3.45186E-1 3.63252E-1 3.79067E-1 4.03897E-1 3.96191E-1 4.09851E-1 4.16743E-1 4.22914E-1 4.02537E-1 4.03265E-1 4.19351E-1 4.34507E-1 4.53827E-1 4.58971E-1
1.60598E-1 2.41999E-1 3.03836E-1 2.63625E-1 1.47901E-1 9.11115E-2 4.32925E-2 2.53847E-2 2.01115E-2 1.9178E-2 1.99221E-2 1.93112E-2 1.98517E-2 1.92977E-2 1.9519E-2 1.98166E-2 1.99365E-2 2.20839E-2 3.09905E-2 4.14982E-2 5.03288E-2 6.07789E-2 7.03083E-2 7.20482E-2 6.63222E-2 5.58548E-2 5.5817E-2 5.97241E-2 5.33794E-2 3.76855E-2 3.09328E-2 3.44121E-2 4.06667E-2 4.24321E-2 4.61532E-2 5.83292E-2 7.74084E-2 8.96568E-2 1.02347E-1 1.1763E-1 1.3493E-1 1.20867E-1 1.15135E-1 1.29832E-1 1.56677E-1 1.76133E-1 1.77592E-1 1.89619E-1 1.91701E-1 2.03884E-1 2.02093E-1 2.17472E-1 2.209E-1 2.50921E-1 2.83325E-1 2.90661E-1 3.17666E-1 3.12757E-1
1.13595E-1 1.66803E-1 2.52835E-1 2.65367E-1 1.66841E-1 1.01352E-1 4.66643E-2 2.77659E-2 2.25945E-2 1.71024E-2 1.58862E-2 1.53048E-2 1.4819E-2 1.30777E-2 1.19481E-2 1.18839E-2 1.20306E-2 1.23777E-2 1.36605E-2 1.48953E-2 1.71603E-2 2.02249E-2 1.93914E-2 2.19112E-2 2.10823E-2 1.77338E-2 1.71246E-2 1.78334E-2 1.65705E-2 1.40462E-2 1.32608E-2 1.43626E-2 1.4435E-2 1.395E-2 1.31179E-2 1.43622E-2 1.82026E-2 2.17474E-2 2.65457E-2 3.97967E-2 4.77197E-2 4.21717E-2 4.14932E-2 4.33255E-2 6.10604E-2 7.86475E-2 8.55317E-2 8.64086E-2 8.43319E-2 8.98492E-2 9.83687E-2 1.12651E-1 1.06922E-1 1.23339E-1 1.50359E-1 1.53795E-1 1.55302E-1 1.55228E-1
7.96229E-2 9.51284E-2 1.14608E-1 1.26322E-1 8.94946E-2 7.51474E-2 5.24777E-2 3.80571E-2 2.71408E-2 1.77764E-2 1.44592E-2 1.33433E-2 1.26986E-2 1.08655E-2 9.92584E-3 9.79161E-3 9.63894E-3 9.34931E-3 9.44846E-3 9.34166E-3 9.59149E-3 1.01162E-2 1.10351E-2 1.18313E-2 1.13755E-2 1.05418E-2 9.90548E-3 9.59759E-3 9.20581E-3 8.78795E-3 8.36851E-3 8.07507E-3 7.8113E-3 7.57525E-3 7.28806E-3 7.49593E-3 7.55219E-3 7.38391E-3 8.17838E-3 1.06156E-2 1.22806E-2 1.26554E-2 1.42976E-2 1.53783E-2 1.69373E-2 2.12802E-2 2.6737E-2 2.6094E-2 3.10083E-2 4.07894E-2 5.07029E-2 5.55467E-2 5.20802E-2 6.39573E-2 7.33597E-2 6.477E-2 6.16925E-2 6.35005E-2
