data/Modelo 1/FALn_avg.asc
ncols         78
nrows         61
xllcorner     -149.5
yllcorner     -28.5
cellsize      1.0
NODATA_value  -9999
[rows 0 to 25 of 61, columns 0 to 57 of 78]
1.46019E-2 1.15776E-2 9.44551E-3 8.0142E-3 8.93168E-3 8.39434E-3 7.06052E-3 6.06976E-3 5.02929E-3 4.08793E-3 3.61228E-3 3.23566E-3 3.29807E-3 3.2617E-3 3.25058E-3 3.94297E-3 4.30097E-3 5.42568E-3 7.21379E-3 9.34233E-3 1.27348E-2 1.60018E-2 1.72931E-2 2.44213E-2 5.53266E-2 6.19513E-2 6.28995E-2 6.01516E-2 6.28095E-2 7.16458E-2 9.38171E-2 1.22596E-1 -9999 -9999 -9999 -9999 -9999 -9999 -9999 -9999 -9999 -9999 -9999 -9999 -9999 -9999 -9999 -9999 -9999 -9999 -9999 -9999 -9999 -9999 -9999 -9999 -9999 -9999
1.97947E-2 1.75871E-2 1.4226E-2 9.11181E-3 7.3419E-3 6.14023E-3 5.90144E-3 5.84497E-3 5.21385E-3 4.60528E-3 4.36719E-3 4.00965E-3 3.90128E-3 3.83159E-3 3.47215E-3 3.60928E-3 3.79572E-3 4.1098E-3 5.20701E-3 6.44477E-3 8.81443E-3 1.1652E-2 1.20948E-2 1.55714E-2 2.46754E-2 2.95499E-2 4.89545E-2 7.7331E-2 7.79958E-2 8.53467E-2 1.01733E-1 1.22325E-1 -9999 -9999 6.59339E-1 -9999 -9999 -9999 -9999 -9999 -9999 -9999 -9999 -9999 -9999 -9999 -9999 -9999 -9999 -9999 -9999 -9999 -9999 -9999 -9999 -9999 -9999 -9999
1.92704E-2 1.94291E-2 1.71257E-2 1.23846E-2 8.50219E-3 6.35474E-3 6.30931E-3 6.54376E-3 5.71586E-3 5.12307E-3 4.80098E-3 4.48299E-3 3.99612E-3 3.73895E-3 3.12226E-3 3.04163E-3 3.00078E-3 2.72488E-3 3.0438E-3 3.32795E-3 2.82161E-3 2.58228E-3 3.00299E-3 4.51228E-3 7.21351E-3 9.35799E-3 1.31296E-2 2.742E-2 6.67821E-2 1.00915E-1 1.17293E-1 1.30338E-1 1.26787E-1 -9999 7.07875E-1 7.19686E-1 -9999 -9999 -9999 -9999 -9999 -9999 -9999 -9999 -9999 -9999 -9999 -9999 -9999 -9999 -9999 -9999 -9999 -9999 -9999 -9999 -9999 -9999
1.97753E-2 1.85869E-2 1.59403E-2 1.21161E-2 9.67564E-3 7.60093E-3 6.71109E-3 6.16181E-3 5.5187E-3 4.61512E-3 4.18286E-3 3.87218E-3 3.68073E-3 3.71957E-3 3.24331E-3 2.75647E-3 2.30969E-3 2.29429E-3 2.39788E-3 2.29637E-3 1.90513E-3 1.67943E-3 1.67579E-3 1.78001E-3 2.31684E-3 2.76181E-3 4.74985E-3 1.05967E-2 1.66284E-2 2.54602E-2 5.32218E-2 1.32792E-1 1.54096E-1 1.40165E-1 -9999 -9999 7.17311E-1 -9999 -9999 -9999 -9999 -9999 -9999 -9999 -9999 -9999 -9999 -9999 -9999 -9999 -9999 -9999 -9999 -9999 -9999 -9999 -9999 -9999
1.30012E-2 1.31103E-2 1.0896E-2 8.53293E-3 8.03929E-3 7.55531E-3 6.86531E-3 6.00955E-3 5.31764E-3 4.76064E-3 4.26179E-3 3.75331E-3 3.48774E-3 3.39914E-3 3.0008E-3 2.74604E-3 2.45612E-3 2.35269E-3 2.2985E-3 2.00816E-3 1.71663E-3 1.6162E-3 1.44563E-3 1.39908E-3 1.67349E-3 2.14216E-3 2.85409E-3 5.13276E-3 9.40627E-3 1.72784E-2 2.64716E-2 6.53439E-2 1.79507E-1 1.70821E-1 1.82936E-1 -9999 7.24519E-1 -9999 -9999 -9999 -9999 -9999 -9999 -9999 -9999 -9999 -9999 -9999 -9999 -9999 -9999 -9999 -9999 -9999 -9999 -9999 -9999 -9999
1.02507E-2 9.78301E-3 9.01311E-3 7.8331E-3 7.27991E-3 7.08635E-3 6.839E-3 6.31E-3 5.70107E-3 5.36158E-3 4.58916E-3 3.9536E-3 3.51371E-3 3.19192E-3 2.85356E-3 2.76076E-3 2.55293E-3 2.35695E-3 2.13324E-3 1.96576E-3 1.77632E-3 1.65351E-3 1.53578E-3 1.49361E-3 1.5452E-3 1.72008E-3 2.06392E-3 3.36987E-3 5.79162E-3 9.25593E-3 1.58297E-2 3.76823E-2 1.82833E-1 2.36906E-1 -9999 -9999 -9999 7.20569E-1 -9999 -9999 -9999 -9999 -9999 -9999 -9999 -9999 -9999 -9999 -9999 -9999 -9999 -9999 -9999 -9999 -9999 -9999 -9999 -9999
9.61902E-3 9.09482E-3 8.36101E-3 7.69744E-3 7.2388E-3 6.91515E-3 6.72533E-3 6.41797E-3 5.88221E-3 5.36636E-3 4.81219E-3 4.30631E-3 3.83175E-3 3.50422E-3 3.14117E-3 2.95725E-3 2.76976E-3 2.5531E-3 2.36514E-3 2.16212E-3 1.94546E-3 1.8211E-3 1.7862E-3 1.76384E-3 1.78453E-3 1.85601E-3 2.0213E-3 2.52819E-3 3.49318E-3 4.71885E-3 6.78865E-3 2.12104E-2 5.10809E-2 2.88016E-1 3.27327E-1 3.84026E-1 -9999 -9999 7.18647E-1 7.03641E-1 -9999 -9999 -9999 -9999 -9999 -9999 -9999 -9999 -9999 -9999 -9999 -9999 -9999 -9999 -9999 -9999 -9999 -9999
9.21924E-3 8.48987E-3 7.92294E-3 7.52069E-3 7.21228E-3 6.90326E-3 6.65418E-3 6.33179E-3 5.89707E-3 5.51672E-3 5.0718E-3 4.6788E-3 4.29549E-3 3.9865E-3 3.59997E-3 3.29009E-3 3.03503E-3 2.81934E-3 2.60961E-3 2.43836E-3 2.29904E-3 2.24118E-3 2.1872E-3 2.14958E-3 2.18072E-3 2.28917E-3 2.53307E-3 3.01648E-3 3.65026E-3 4.83341E-3 7.20531E-3 1.35944E-2 3.57805E-2 7.66992E-2 3.58082E-1 4.61426E-1 5.72563E-1 -9999 7.10934E-1 7.00967E-1 -9999 -9999 -9999 -9999 -9999 -9999 -9999 -9999 -9999 -9999 -9999 -9999 -9999 -9999 -9999 -9999 -9999 -9999
9.34159E-3 8.72587E-3 8.08325E-3 7.57638E-3 7.29534E-3 7.06722E-3 6.77862E-3 6.48437E-3 6.22172E-3 5.8591E-3 5.46827E-3 5.19922E-3 4.85808E-3 4.54444E-3 4.17841E-3 3.80159E-3 3.50843E-3 3.29141E-3 3.07666E-3 2.97626E-3 2.87272E-3 2.76286E-3 2.71655E-3 2.80146E-3 2.84617E-3 2.89276E-3 3.1481E-3 3.62145E-3 4.68075E-3 6.82868E-3 1.06281E-2 1.33242E-2 3.03198E-2 6.04754E-2 1.40338E-1 4.29861E-1 6.4812E-1 -9999 7.02033E-1 6.94855E-1 6.78723E-1 -9999 -9999 -9999 -9999 -9999 -9999 -9999 -9999 -9999 -9999 -9999 -9999 -9999 -9999 -9999 -9999 -9999
9.59125E-3 9.02998E-3 8.36058E-3 7.87974E-3 7.59791E-3 7.26643E-3 6.88821E-3 6.5985E-3 6.50242E-3 6.41397E-3 6.0761E-3 5.78608E-3 5.37424E-3 4.95775E-3 4.73684E-3 4.46757E-3 4.17112E-3 4.0052E-3 3.98458E-3 4.025E-3 3.93664E-3 3.76575E-3 3.89157E-3 3.82023E-3 3.7569E-3 3.81061E-3 4.25917E-3 4.93858E-3 5.60971E-3 7.34166E-3 1.16589E-2 1.60589E-2 2.61061E-2 4.62562E-2 8.6501E-2 2.37794E-1 6.67447E-1 6.93832E-1 6.97969E-1 -9999 6.78256E-1 6.74301E-1 -9999 -9999 -9999 -9999 -9999 -9999 -9999 -9999 -9999 -9999 -9999 -9999 -9999 -9999 -9999 -9999
9.66453E-3 9.209E-3 8.47213E-3 7.9456E-3 7.71732E-3 7.4396E-3 7.28157E-3 7.17582E-3 7.15641E-3 7.33495E-3 7.19036E-3 6.62301E-3 6.17163E-3 5.76128E-3 5.54573E-3 5.38057E-3 5.20454E-3 5.21218E-3 5.47598E-3 5.78473E-3 5.7807E-3 5.87951E-3 6.23342E-3 6.47186E-3 6.35757E-3 6.44055E-3 6.65418E-3 6.94345E-3 7.05405E-3 8.52541E-3 1.07653E-2 1.32831E-2 1.6879E-2 2.76913E-2 8.35595E-2 2.29389E-1 5.90014E-1 6.77087E-1 6.8578E-1 6.80294E-1 6.79565E-1 6.74699E-1 6.58972E-1 -9999 -9999 -9999 -9999 -9999 -9999 -9999 -9999 -9999 -9999 -9999 -9999 -9999 -9999 -9999
1.01893E-2 9.33814E-3 8.6362E-3 8.31017E-3 7.95225E-3 7.7993E-3 7.79059E-3 7.97395E-3 8.16635E-3 8.66149E-3 9.19581E-3 8.82802E-3 7.53192E-3 7.06875E-3 6.96575E-3 7.18689E-3 7.33634E-3 7.34054E-3 7.92924E-3 8.57618E-3 8.61776E-3 8.92178E-3 9.26889E-3 1.07562E-2 1.21129E-2 1.08468E-2 1.00898E-2 1.00811E-2 9.89621E-3 1.22525E-2 1.43199E-2 1.85919E-2 2.76353E-2 6.5922E-2 1.10323E-1 2.54912E-1 4.26791E-1 6.51951E-1 6.70185E-1 6.75134E-1 6.74213E-1 6.6922E-1 6.59221E-1 6.09289E-1 -9999 -9999 -9999 -9999 -9999 -9999 -9999 -9999 -9999 -9999 -9999 -9999 -9999 -9999
1.08059E-2 1.0025E-2 9.64134E-3 9.75319E-3 9.00913E-3 8.2717E-3 8.26097E-3 8.76111E-3 9.81339E-3 1.09666E-2 1.31759E-2 1.49948E-2 1.38327E-2 1.29285E-2 1.1727E-2 1.0348E-2 1.07402E-2 1.135E-2 1.30167E-2 1.50669E-2 1.63057E-2 1.66787E-2 1.60751E-2 2.07945E-2 2.74129E-2 2.31957E-2 2.22603E-2 2.09629E-2 1.93909E-2 2.27636E-2 2.5549E-2 3.31709E-2 7.29256E-2 1.19794E-1 1.76285E-1 3.34193E-1 4.81207E-1 6.30261E-1 6.49715E-1 6.60907E-1 6.68565E-1 6.71359E-1 6.63379E-1 -9999 -9999 -9999 -9999 -9999 -9999 -9999 -9999 -9999 -9999 -9999 -9999 -9999 -9999 -9999
1.18464E-2 1.22162E-2 1.2621E-2 1.30155E-2 1.15465E-2 9.71805E-3 9.34126E-3 1.01806E-2 1.23468E-2 1.55359E-2 1.82294E-2 2.1243E-2 3.07517E-2 3.34599E-2 3.00473E-2 2.33284E-2 2.35043E-2 2.54671E-2 3.20306E-2 4.95205E-2 6.3306E-2 7.7148E-2 7.79497E-2 8.74734E-2 1.15604E-1 1.15775E-1 1.15006E-1 1.04875E-1 8.5978E-2 8.36006E-2 8.20257E-2 8.53836E-2 9.53861E-2 1.06823E-1 1.60664E-1 2.80885E-1 3.68932E-1 5.20703E-1 6.21696E-1 6.47117E-1 6.64052E-1 6.68447E-1 6.74268E-1 6.81792E-1 -9999 -9999 -9999 -9999 -9999 -9999 -9999 -9999 -9999 -9999 -9999 -9999 -9999 -9999
1.38525E-2 1.45838E-2 1.6504E-2 1.88336E-2 1.67689E-2 1.43489E-2 1.419E-2 1.687E-2 2.0943E-2 2.43744E-2 3.48928E-2 4.28589E-2 6.96902E-2 8.15647E-2 8.53411E-2 7.68002E-2 6.7051E-2 8.13577E-2 9.7019E-2 1.34255E-1 1.80641E-1 2.18315E-1 2.29821E-1 2.02113E-1 2.61703E-1 3.21285E-1 3.25205E-1 3.17901E-1 2.28491E-1 1.85421E-1 1.62287E-1 1.34141E-1 1.2226E-1 1.15491E-1 1.32144E-1 2.65016E-1 4.29286E-1 6.1722E-1 6.48365E-1 6.57948E-1 6.57838E-1 6.62956E-1 6.71125E-1 6.69966E-1 6.4827E-1 -9999 -9999 -9999 -9999 -9999 -9999 -9999 -9999 -9999 -9999 -9999 -9999 -9999
2.13365E-2 2.09313E-2 2.40116E-2 3.01453E-2 3.4364E-2 3.32065E-2 3.77526E-2 5.03146E-2 5.6142E-2 6.66153E-2 8.36008E-2 9.9661E-2 1.2326E-1 1.39674E-1 1.724E-1 1.83847E-1 1.52196E-1 1.64755E-1 2.44623E-1 3.59265E-1 4.06651E-1 4.39368E-1 4.71512E-1 4.49562E-1 4.9357E-1 5.75724E-1 6.22367E-1 6.22377E-1 5.68418E-1 4.8302E-1 4.08592E-1 3.54132E-1 2.74836E-1 1.8902E-1 1.81939E-1 3.26658E-1 4.89042E-1 6.21946E-1 6.5902E-1 6.57531E-1 6.54852E-1 6.5964E-1 6.63833E-1 6.61493E-1 6.32153E-1 5.95399E-1 5.74475E-1 5.47989E-1 -9999 -9999 -9999 -9999 -9999 -9999 -9999 -9999 -9999 -9999
3.58516E-2 3.65281E-2 4.06473E-2 5.38927E-2 7.29001E-2 8.28289E-2 8.9254E-2 9.91948E-2 1.12989E-1 1.32605E-1 1.56609E-1 1.82E-1 2.0962E-1 2.51071E-1 3.17012E-1 3.78784E-1 3.77522E-1 4.41381E-1 5.68217E-1 6.23066E-1 6.33248E-1 6.36223E-1 6.42909E-1 6.48096E-1 6.53436E-1 6.59791E-1 6.65729E-1 6.65581E-1 6.59322E-1 6.43158E-1 6.31197E-1 6.30186E-1 5.85283E-1 4.28974E-1 3.85453E-1 4.77747E-1 6.05089E-1 5.86378E-1 6.07698E-1 6.15215E-1 6.27967E-1 6.47845E-1 6.38765E-1 6.21054E-1 5.95944E-1 5.71203E-1 5.50964E-1 5.26236E-1 5.08408E-1 4.93969E-1 -9999 -9999 -9999 -9999 -9999 -9999 -9999 -9999
6.85216E-2 8.11373E-2 8.30439E-2 8.63381E-2 9.82447E-2 1.12527E-1 1.28021E-1 1.47123E-1 1.82815E-1 2.35738E-1 2.76276E-1 3.30798E-1 3.95826E-1 4.57755E-1 5.47641E-1 6.04671E-1 6.32097E-1 6.40227E-1 6.59035E-1 6.68061E-1 6.73359E-1 6.74912E-1 6.7571E-1 6.77072E-1 6.76852E-1 6.76622E-1 6.76423E-1 6.74305E-1 6.71601E-1 6.66537E-1 6.64338E-1 6.6305E-1 6.60131E-1 6.6115E-1 6.60819E-1 6.54777E-1 6.5073E-1 6.34045E-1 6.24973E-1 6.31417E-1 6.36566E-1 6.27398E-1 6.00336E-1 5.79281E-1 5.6232E-1 5.43848E-1 5.28244E-1 5.15496E-1 4.99564E-1 4.86033E-1 4.84588E-1 5.04449E-1 5.58901E-1 6.78946E-1 6.49447E-1 4.60705E-1 -9999 -9999
1.07342E-1 1.2523E-1 1.32484E-1 1.31994E-1 1.42327E-1 1.68844E-1 2.06281E-1 2.47471E-1 2.80726E-1 3.29816E-1 3.83382E-1 4.51498E-1 4.84797E-1 5.82793E-1 6.39905E-1 6.60035E-1 6.66474E-1 6.69276E-1 6.73584E-1 6.77109E-1 6.7931E-1 6.81128E-1 6.82738E-1 6.83022E-1 6.82545E-1 6.82495E-1 6.81819E-1 6.80263E-1 6.78475E-1 6.75124E-1 6.72544E-1 6.69631E-1 6.68303E-1 6.68814E-1 6.68884E-1 6.69924E-1 6.68277E-1 6.65459E-1 6.49597E-1 6.30475E-1 6.16473E-1 6.00342E-1 5.80669E-1 5.64707E-1 5.51355E-1 5.39803E-1 5.29092E-1 5.16711E-1 5.04952E-1 4.91383E-1 4.92053E-1 5.16901E-1 5.81976E-1 6.6314E-1 6.27243E-1 4.971E-1 4.07767E-1 -9999
1.38182E-1 1.52787E-1 1.73342E-1 2.04798E-1 2.63222E-1 3.20704E-1 3.92103E-1 4.68033E-1 5.21129E-1 5.78867E-1 5.94244E-1 5.98067E-1 6.10571E-1 6.34276E-1 6.59132E-1 6.6642E-1 6.69086E-1 6.71833E-1 6.74338E-1 6.76753E-1 6.78746E-1 6.8019E-1 6.81221E-1 6.81145E-1 6.80105E-1 6.80306E-1 6.80342E-1 6.79038E-1 6.78393E-1 6.77911E-1 6.74875E-1 6.70844E-1 6.69313E-1 6.70235E-1 6.70607E-1 6.71846E-1 6.69237E-1 6.55264E-1 6.41713E-1 6.26729E-1 6.12222E-1 5.97326E-1 5.83161E-1 5.71206E-1 5.61942E-1 5.53919E-1 5.46236E-1 5.36329E-1 5.24939E-1 5.15087E-1 5.24942E-1 5.5899E-1 6.04697E-1 6.22416E-1 5.78394E-1 5.1591E-1 4.69913E-1 4.45195E-1
1.93403E-1 2.1752E-1 2.5367E-1 3.1899E-1 4.68456E-1 5.7266E-1 5.97983E-1 6.25999E-1 6.38682E-1 6.47871E-1 6.55642E-1 6.59496E-1 6.58194E-1 6.61216E-1 6.65339E-1 6.69814E-1 6.71187E-1 6.71664E-1 6.73649E-1 6.75253E-1 6.76523E-1 6.76615E-1 6.76441E-1 6.75592E-1 6.75128E-1 6.75646E-1 6.75656E-1 6.75494E-1 6.7548E-1 6.75527E-1 6.73888E-1 6.71918E-1 6.70579E-1 6.70551E-1 6.69938E-1 6.64971E-1 6.55248E-1 6.4879E-1 6.40793E-1 6.30696E-1 6.19842E-1 6.09114E-1 5.96661E-1 5.86639E-1 5.79809E-1 5.73103E-1 5.67935E-1 5.61904E-1 5.52192E-1 5.47079E-1 5.59216E-1 5.86814E-1 6.09074E-1 5.95565E-1 5.58427E-1 5.2737E-1 5.18296E-1 5.31451E-1
2.88329E-1 3.57254E-1 4.85423E-1 6.08614E-1 6.38574E-1 6.44418E-1 6.49446E-1 6.6256E-1 6.65341E-1 6.66113E-1 6.68818E-1 6.71258E-1 6.71727E-1 6.70362E-1 6.70819E-1 6.72796E-1 6.73525E-1 6.73108E-1 6.72553E-1 6.73162E-1 6.73668E-1 6.73403E-1 6.73019E-1 6.73364E-1 6.73405E-1 6.73038E-1 6.72225E-1 6.729E-1 6.74086E-1 6.73553E-1 6.72929E-1 6.72187E-1 6.70373E-1 6.6969E-1 6.68176E-1 6.59379E-1 6.52831E-1 6.46636E-1 6.40726E-1 6.35109E-1 6.27706E-1 6.20487E-1 6.12405E-1 6.0362E-1 5.9461E-1 5.90315E-1 5.86883E-1 5.81455E-1 5.77661E-1 5.76474E-1 5.82926E-1 5.93774E-1 5.96178E-1 5.8049E-1 5.60448E-1 5.51379E-1 5.58203E-1 5.79924E-1
4.31923E-1 5.36166E-1 6.23217E-1 6.5306E-1 6.6415E-1 6.64732E-1 6.64557E-1 6.68976E-1 6.71839E-1 6.72112E-1 6.72926E-1 6.74437E-1 6.75191E-1 6.74934E-1 6.74297E-1 6.73249E-1 6.72562E-1 6.72543E-1 6.71911E-1 6.7132E-1 6.7145E-1 6.71662E-1 6.72374E-1 6.73274E-1 6.72663E-1 6.72236E-1 6.69546E-1 6.68133E-1 6.71131E-1 6.69665E-1 6.6669E-1 6.66041E-1 6.66965E-1 6.69371E-1 6.6698E-1 6.59939E-1 6.54149E-1 6.49098E-1 6.44386E-1 6.39799E-1 6.3606E-1 6.29931E-1 6.26951E-1 6.23963E-1 6.15906E-1 6.08456E-1 6.01918E-1 6.01736E-1 6.05472E-1 6.06422E-1 6.04635E-1 6.04419E-1 5.97981E-1 5.90505E-1 5.85854E-1 5.85833E-1 5.95478E-1 6.18396E-1
5.44384E-1 5.8479E-1 6.20035E-1 6.3457E-1 6.52112E-1 6.62057E-1 6.64131E-1 6.66287E-1 6.68165E-1 6.67874E-1 6.67689E-1 6.67581E-1 6.67001E-1 6.6767E-1 6.67454E-1 6.65677E-1 6.64295E-1 6.64573E-1 6.64645E-1 6.64806E-1 6.65566E-1 6.65758E-1 6.67331E-1 6.69132E-1 6.70731E-1 6.70875E-1 6.67228E-1 6.63558E-1 6.6367E-1 6.64203E-1 6.62669E-1 6.60784E-1 6.61324E-1 6.63706E-1 6.64567E-1 6.60566E-1 6.54883E-1 6.49949E-1 6.46988E-1 6.45129E-1 6.41922E-1 6.36145E-1 6.35452E-1 6.34591E-1 6.32977E-1 6.2771E-1 6.22763E-1 6.23932E-1 6.27334E-1 6.27722E-1 6.23884E-1 6.2119E-1 6.1434E-1 6.11876E-1 6.16069E-1 6.20906E-1 6.27244E-1 6.34574E-1
5.85048E-1 6.01489E-1 6.19047E-1 6.23551E-1 6.29158E-1 6.35471E-1 6.42751E-1 6.44725E-1 6.46648E-1 6.4886E-1 6.47501E-1 6.38927E-1 6.36685E-1 6.40695E-1 6.44306E-1 6.41343E-1 6.37593E-1 6.3622E-1 6.4221E-1 6.40957E-1 6.4149E-1 6.47793E-1 6.56693E-1 6.60903E-1 6.65577E-1 6.68271E-1 6.6924E-1 6.68849E-1 6.68451E-1 6.6872E-1 6.68906E-1 6.68352E-1 6.66118E-1 6.64559E-1 6.65464E-1 6.64753E-1 6.63537E-1 6.59837E-1 6.57515E-1 6.57269E-1 6.53653E-1 6.4717E-1 6.46032E-1 6.46752E-1 6.48533E-1 6.466E-1 6.42103E-1 6.4314E-1 6.42913E-1 6.38929E-1 6.36242E-1 6.36281E-1 6.32737E-1 6.3042E-1 6.25479E-1 6.1453E-1 6.08466E-1 5.98499E-1
6.52925E-1 6.60735E-1 6.64127E-1 6.63624E-1 6.63317E-1 6.63742E-1 6.63375E-1 6.63988E-1 6.64105E-1 6.64423E-1 6.63374E-1 6.58967E-1 6.5423E-1 6.49809E-1 6.51419E-1 6.52503E-1 6.5163E-1 6.49297E-1 6.47365E-1 6.52711E-1 6.56418E-1 6.58204E-1 6.59358E-1 6.6215E-1 6.65724E-1 6.68E-1 6.69847E-1 6.71426E-1 6.72449E-1 6.72933E-1 6.73167E-1 6.73391E-1 6.72701E-1 6.71252E-1 6.70139E-1 6.69244E-1 6.68651E-1 6.6876E-1 6.69725E-1 6.69753E-1 6.66822E-1 6.64188E-1 6.64508E-1 6.66069E-1 6.67407E-1 6.66845E-1 6.63882E-1 6.60816E-1 6.60613E-1 6.55288E-1 6.47786E-1 6.43565E-1 6.42039E-1 6.39094E-1 6.37133E-1 6.33521E-1 6.11298E-1 5.94806E-1
