data/Modelo 1/FALn_max.asc
ncols         78
nrows         61
xllcorner     -149.5
yllcorner     -28.5
cellsize      1.0
NODATA_value  -9999
[rows 0 to 25 of 61, columns 0 to 57 of 78]
1.7583E-2 1.37878E-2 1.11016E-2 9.33962E-3 1.04058E-2 9.6265E-3 8.00042E-3 6.82555E-3 5.55966E-3 4.46846E-3 3.90091E-3 3.45945E-3 3.52584E-3 3.49151E-3 3.4853E-3 4.24039E-3 4.67338E-3 5.96918E-3 7.99454E-3 1.05112E-2 1.39741E-2 1.73133E-2 1.88954E-2 2.73047E-2 6.4565E-2 7.05945E-2 7.07465E-2 6.88943E-2 7.24095E-2 8.16399E-2 1.01822E-1 1.28233E-1 -9999 -9999 -9999 -9999 -9999 -9999 -9999 -9999 -9999 -9999 -9999 -9999 -9999 -9999 -9999 -9999 -9999 -9999 -9999 -9999 -9999 -9999 -9999 -9999 -9999 -9999
2.2828E-2 2.05118E-2 1.6815E-2 1.06788E-2 8.60618E-3 7.18095E-3 6.88297E-3 6.73788E-3 5.92616E-3 5.15091E-3 4.83272E-3 4.39814E-3 4.2478E-3 4.13986E-3 3.71923E-3 3.87334E-3 4.07737E-3 4.46343E-3 5.71407E-3 7.17532E-3 9.956E-3 1.30594E-2 1.33141E-2 1.69463E-2 2.72419E-2 3.29786E-2 5.56766E-2 8.50718E-2 8.69941E-2 9.43866E-2 1.11712E-1 1.32927E-1 -9999 -9999 6.72329E-1 -9999 -9999 -9999 -9999 -9999 -9999 -9999 -9999 -9999 -9999 -9999 -9999 -9999 -9999 -9999 -9999 -9999 -9999 -9999 -9999 -9999 -9999 -9999
2.09846E-2 2.13773E-2 1.92273E-2 1.3976E-2 9.54332E-3 7.17157E-3 7.21951E-3 7.63412E-3 6.65571E-3 5.87191E-3 5.43136E-3 5.00866E-3 4.41431E-3 4.07119E-3 3.36747E-3 3.24564E-3 3.20393E-3 2.90737E-3 3.27682E-3 3.61563E-3 3.08166E-3 2.84691E-3 3.33448E-3 5.05254E-3 8.2044E-3 1.07038E-2 1.42207E-2 2.98996E-2 7.46443E-2 1.11309E-1 1.25844E-1 1.41011E-1 1.38789E-1 -9999 7.13159E-1 7.26353E-1 -9999 -9999 -9999 -9999 -9999 -9999 -9999 -9999 -9999 -9999 -9999 -9999 -9999 -9999 -9999 -9999 -9999 -9999 -9999 -9999 -9999 -9999
2.09357E-2 1.97528E-2 1.6901E-2 1.29435E-2 1.04209E-2 8.32041E-3 7.4489E-3 7.00519E-3 6.36148E-3 5.34937E-3 4.79551E-3 4.36762E-3 4.11073E-3 4.12348E-3 3.58992E-3 3.06295E-3 2.584E-3 2.52405E-3 2.57488E-3 2.451E-3 2.04491E-3 1.82019E-3 1.83273E-3 1.96129E-3 2.57121E-3 3.08889E-3 5.36728E-3 1.20725E-2 1.78194E-2 2.73702E-2 5.72903E-2 1.47826E-1 1.66032E-1 1.52633E-1 -9999 -9999 7.2326E-1 -9999 -9999 -9999 -9999 -9999 -9999 -9999 -9999 -9999 -9999 -9999 -9999 -9999 -9999 -9999 -9999 -9999 -9999 -9999 -9999 -9999
1.38384E-2 1.39373E-2 1.1561E-2 9.09375E-3 8.53671E-3 7.98491E-3 7.37612E-3 6.55519E-3 5.90685E-3 5.41785E-3 4.90571E-3 4.31147E-3 3.94642E-3 3.78351E-3 3.40176E-3 3.09914E-3 2.77361E-3 2.62707E-3 2.53615E-3 2.22414E-3 1.92081E-3 1.79655E-3 1.60152E-3 1.53923E-3 1.82024E-3 2.33952E-3 3.13614E-3 5.70186E-3 1.05389E-2 1.8858E-2 2.82805E-2 6.98083E-2 1.90651E-1 1.84671E-1 1.93634E-1 -9999 7.31513E-1 -9999 -9999 -9999 -9999 -9999 -9999 -9999 -9999 -9999 -9999 -9999 -9999 -9999 -9999 -9999 -9999 -9999 -9999 -9999 -9999 -9999
1.09643E-2 1.04524E-2 9.63551E-3 8.36792E-3 7.74127E-3 7.54099E-3 7.29185E-3 6.67159E-3 6.15987E-3 5.90965E-3 5.17727E-3 4.51409E-3 4.01586E-3 3.5718E-3 3.27123E-3 3.15798E-3 2.90844E-3 2.68083E-3 2.42985E-3 2.23208E-3 2.02031E-3 1.86831E-3 1.73259E-3 1.68503E-3 1.72587E-3 1.87853E-3 2.22059E-3 3.6796E-3 6.37558E-3 1.03041E-2 1.77953E-2 3.99183E-2 1.9383E-1 2.50315E-1 -9999 -9999 -9999 7.27386E-1 -9999 -9999 -9999 -9999 -9999 -9999 -9999 -9999 -9999 -9999 -9999 -9999 -9999 -9999 -9999 -9999 -9999 -9999 -9999 -9999
1.02897E-2 9.7226E-3 8.93904E-3 8.23001E-3 7.73979E-3 7.37239E-3 7.19845E-3 6.87604E-3 6.24083E-3 5.73512E-3 5.24696E-3 4.82536E-3 4.36813E-3 4.01079E-3 3.53397E-3 3.28745E-3 3.17805E-3 2.94395E-3 2.72563E-3 2.48236E-3 2.23052E-3 2.08392E-3 2.03822E-3 2.00198E-3 2.0077E-3 2.06646E-3 2.20873E-3 2.72061E-3 3.7874E-3 5.16361E-3 7.47724E-3 2.40178E-2 5.60992E-2 3.23863E-1 3.42088E-1 4.02843E-1 -9999 -9999 7.2584E-1 7.1524E-1 -9999 -9999 -9999 -9999 -9999 -9999 -9999 -9999 -9999 -9999 -9999 -9999 -9999 -9999 -9999 -9999 -9999 -9999
9.87334E-3 9.084E-3 8.47323E-3 8.03739E-3 7.71239E-3 7.37937E-3 7.10737E-3 6.72123E-3 6.30942E-3 5.88766E-3 5.36179E-3 5.07091E-3 4.75929E-3 4.51678E-3 4.13515E-3 3.73434E-3 3.39935E-3 3.1329E-3 3.02296E-3 2.81979E-3 2.64675E-3 2.56903E-3 2.50308E-3 2.44432E-3 2.4613E-3 2.56756E-3 2.79855E-3 3.2384E-3 3.94823E-3 5.29999E-3 8.06943E-3 1.56744E-2 4.15401E-2 8.68306E-2 4.0651E-1 5.0438E-1 6.34756E-1 -9999 7.17026E-1 7.08052E-1 -9999 -9999 -9999 -9999 -9999 -9999 -9999 -9999 -9999 -9999 -9999 -9999 -9999 -9999 -9999 -9999 -9999 -9999
1.00108E-2 9.3453E-3 8.65517E-3 8.1125E-3 7.81091E-3 7.5738E-3 7.2625E-3 6.93888E-3 6.60881E-3 6.25835E-3 5.82632E-3 5.48874E-3 5.21497E-3 4.97112E-3 4.70039E-3 4.34181E-3 4.01834E-3 3.72989E-3 3.43438E-3 3.34575E-3 3.29329E-3 3.14958E-3 3.108E-3 3.17736E-3 3.21132E-3 3.25051E-3 3.5065E-3 3.99372E-3 5.22219E-3 7.75551E-3 1.23533E-2 1.57742E-2 3.71951E-2 7.27115E-2 1.6585E-1 4.73477E-1 6.83911E-1 -9999 7.07853E-1 7.00931E-1 6.87416E-1 -9999 -9999 -9999 -9999 -9999 -9999 -9999 -9999 -9999 -9999 -9999 -9999 -9999 -9999 -9999 -9999 -9999
1.0276E-2 9.67676E-3 8.96783E-3 8.44918E-3 8.13784E-3 7.78608E-3 7.38373E-3 7.06772E-3 6.96199E-3 6.84745E-3 6.46502E-3 6.15933E-3 5.67008E-3 5.30103E-3 5.13976E-3 4.92042E-3 4.70739E-3 4.56472E-3 4.56501E-3 4.6301E-3 4.5184E-3 4.27878E-3 4.40976E-3 4.29502E-3 4.22241E-3 4.2919E-3 4.8461E-3 5.66093E-3 6.45879E-3 8.58838E-3 1.40422E-2 1.94777E-2 3.19981E-2 5.76314E-2 1.01964E-1 2.56017E-1 6.78011E-1 6.9828E-1 7.03736E-1 -9999 6.86996E-1 6.82528E-1 -9999 -9999 -9999 -9999 -9999 -9999 -9999 -9999 -9999 -9999 -9999 -9999 -9999 -9999 -9999 -9999
1.03535E-2 9.86649E-3 9.0869E-3 8.51727E-3 8.26606E-3 7.96706E-3 7.80058E-3 7.69249E-3 7.68089E-3 7.8687E-3 7.69757E-3 7.03705E-3 6.56538E-3 6.10326E-3 5.83986E-3 5.70912E-3 5.61725E-3 5.67438E-3 5.99267E-3 6.38607E-3 6.47555E-3 6.71299E-3 7.14188E-3 7.47227E-3 7.34596E-3 7.42256E-3 7.56661E-3 7.86455E-3 8.12354E-3 9.84272E-3 1.2298E-2 1.50754E-2 1.90661E-2 3.13987E-2 9.24878E-2 2.37769E-1 6.04215E-1 6.89477E-1 6.92106E-1 6.89494E-1 6.89134E-1 6.82675E-1 6.7229E-1 -9999 -9999 -9999 -9999 -9999 -9999 -9999 -9999 -9999 -9999 -9999 -9999 -9999 -9999 -9999
1.09016E-2 9.98701E-3 9.24095E-3 8.90173E-3 8.5278E-3 8.36556E-3 8.34854E-3 8.55249E-3 8.75565E-3 9.2805E-3 9.84994E-3 9.45435E-3 8.04699E-3 7.51355E-3 7.35523E-3 7.5918E-3 7.77253E-3 7.75521E-3 8.33156E-3 9.02551E-3 9.159E-3 9.5996E-3 1.00092E-2 1.16584E-2 1.31277E-2 1.16419E-2 1.07193E-2 1.06854E-2 1.0581E-2 1.29955E-2 1.51185E-2 1.96573E-2 2.92372E-2 7.14533E-2 1.18288E-1 2.63164E-1 4.43562E-1 6.62545E-1 6.83358E-1 6.8509E-1 6.85049E-1 6.79867E-1 6.69494E-1 6.35021E-1 -9999 -9999 -9999 -9999 -9999 -9999 -9999 -9999 -9999 -9999 -9999 -9999 -9999 -9999
1.15406E-2 1.07005E-2 1.02821E-2 1.04066E-2 9.62101E-3 8.83839E-3 8.82542E-3 9.36875E-3 1.04913E-2 1.17035E-2 1.40429E-2 1.59803E-2 1.4732E-2 1.37765E-2 1.25046E-2 1.10582E-2 1.14833E-2 1.21075E-2 1.38603E-2 1.60141E-2 1.73077E-2 1.76307E-2 1.70189E-2 2.20736E-2 2.90566E-2 2.45974E-2 2.35788E-2 2.22007E-2 2.05164E-2 2.40284E-2 2.69277E-2 3.50278E-2 7.83122E-2 1.28083E-1 1.84928E-1 3.43713E-1 5.0104E-1 6.59446E-1 6.60868E-1 6.79057E-1 6.82357E-1 6.83615E-1 6.69751E-1 -9999 -9999 -9999 -9999 -9999 -9999 -9999 -9999 -9999 -9999 -9999 -9999 -9999 -9999 -9999
1.2645E-2 1.30397E-2 1.34688E-2 1.38841E-2 1.23062E-2 1.03648E-2 9.95312E-3 1.08529E-2 1.315E-2 1.65056E-2 1.93418E-2 2.25343E-2 3.25295E-2 3.53901E-2 3.18171E-2 2.4752E-2 2.49085E-2 2.69279E-2 3.37895E-2 5.27656E-2 6.79008E-2 8.41872E-2 8.51883E-2 9.63034E-2 1.24293E-1 1.24316E-1 1.23441E-1 1.13073E-1 9.53874E-2 9.26397E-2 9.06422E-2 9.48894E-2 1.04247E-1 1.14688E-1 1.69327E-1 2.89014E-1 3.79204E-1 5.41417E-1 6.57474E-1 6.60006E-1 6.80752E-1 6.82284E-1 6.81522E-1 7.01746E-1 -9999 -9999 -9999 -9999 -9999 -9999 -9999 -9999 -9999 -9999 -9999 -9999 -9999 -9999
1.4781E-2 1.55544E-2 1.75908E-2 2.00679E-2 1.78628E-2 1.52648E-2 1.50732E-2 1.79016E-2 2.22048E-2 2.58005E-2 3.68767E-2 4.53323E-2 7.45497E-2 9.03455E-2 9.40121E-2 8.39583E-2 7.18301E-2 8.97887E-2 1.05455E-1 1.43392E-1 1.90238E-1 2.27314E-1 2.3854E-1 2.10975E-1 2.69419E-1 3.30777E-1 3.34684E-1 3.26528E-1 2.37116E-1 1.94191E-1 1.70951E-1 1.4248E-1 1.30468E-1 1.23583E-1 1.40514E-1 2.73568E-1 4.42752E-1 6.57016E-1 6.61204E-1 6.7688E-1 6.77839E-1 6.80566E-1 6.83396E-1 6.75751E-1 6.633E-1 -9999 -9999 -9999 -9999 -9999 -9999 -9999 -9999 -9999 -9999 -9999 -9999 -9999
2.27051E-2 2.22314E-2 2.54611E-2 3.19287E-2 3.63741E-2 3.51631E-2 3.99492E-2 5.34794E-2 5.99607E-2 7.1433E-2 9.2403E-2 1.08627E-1 1.32585E-1 1.49142E-1 1.82366E-1 1.93804E-1 1.61606E-1 1.74164E-1 2.53349E-1 3.71735E-1 4.22607E-1 4.57715E-1 4.92656E-1 4.68597E-1 5.15266E-1 5.87919E-1 6.59522E-1 6.59504E-1 5.81686E-1 5.01965E-1 4.21587E-1 3.63225E-1 2.83392E-1 1.98163E-1 1.91134E-1 3.34471E-1 5.0602E-1 6.58041E-1 6.7482E-1 6.7767E-1 6.76702E-1 6.78117E-1 6.76493E-1 6.7067E-1 6.42262E-1 6.04511E-1 5.84674E-1 5.6008E-1 -9999 -9999 -9999 -9999 -9999 -9999 -9999 -9999 -9999 -9999
3.79614E-2 3.86234E-2 4.30599E-2 5.76537E-2 7.82935E-2 9.16079E-2 9.80615E-2 1.08125E-1 1.22165E-1 1.42295E-1 1.6648E-1 1.92015E-1 2.19439E-1 2.60385E-1 3.2705E-1 3.92714E-1 3.90464E-1 4.59525E-1 5.82989E-1 6.59893E-1 6.6141E-1 6.61839E-1 6.62722E-1 6.63387E-1 6.64019E-1 6.69638E-1 6.8235E-1 6.8239E-1 6.69952E-1 6.61653E-1 6.59618E-1 6.59098E-1 5.99167E-1 4.41489E-1 3.94442E-1 4.9314E-1 6.3648E-1 6.02415E-1 6.43445E-1 6.55153E-1 6.56312E-1 6.69717E-1 6.52E-1 6.3461E-1 6.09441E-1 5.84176E-1 5.6279E-1 5.3987E-1 5.22655E-1 5.09612E-1 -9999 -9999 -9999 -9999 -9999 -9999 -9999 -9999
7.3455E-2 8.9819E-2 9.1824E-2 9.51559E-2 1.07104E-1 1.21606E-1 1.37389E-1 1.56814E-1 1.92633E-1 2.45133E-1 2.84717E-1 3.40816E-1 4.10456E-1 4.76909E-1 5.69698E-1 6.30316E-1 6.61092E-1 6.62346E-1 6.65485E-1 6.8239E-1 6.85403E-1 6.86415E-1 6.86968E-1 6.88542E-1 6.8909E-1 6.89536E-1 6.89462E-1 6.86515E-1 6.85383E-1 6.82891E-1 6.81724E-1 6.80914E-1 6.79296E-1 6.79747E-1 6.79562E-1 6.66761E-1 6.60142E-1 6.57805E-1 6.56473E-1 6.56824E-1 6.53615E-1 6.4334E-1 6.14261E-1 5.95918E-1 5.8255E-1 5.63616E-1 5.45616E-1 5.31537E-1 5.1584E-1 5.01753E-1 5.01069E-1 5.20387E-1 5.72287E-1 7.03516E-1 6.76881E-1 4.91761E-1 -9999 -9999
1.16231E-1 1.34755E-1 1.42199E-1 1.41597E-1 1.5221E-1 1.78981E-1 2.16146E-1 2.5656E-1 2.88875E-1 3.38624E-1 3.95494E-1 4.68731E-1 5.04568E-1 5.94194E-1 6.62053E-1 6.69376E-1 6.82712E-1 6.84196E-1 6.86317E-1 6.88587E-1 6.90967E-1 6.91384E-1 6.91825E-1 6.91895E-1 6.91708E-1 6.91715E-1 6.91478E-1 6.909E-1 6.9031E-1 6.8947E-1 6.86915E-1 6.83969E-1 6.83344E-1 6.83537E-1 6.83544E-1 6.85052E-1 6.83247E-1 6.80026E-1 6.61494E-1 6.42209E-1 6.25829E-1 6.13629E-1 5.97637E-1 5.86232E-1 5.75727E-1 5.66765E-1 5.5588E-1 5.39043E-1 5.22822E-1 5.06647E-1 5.07806E-1 5.30618E-1 5.91836E-1 6.80127E-1 6.45775E-1 5.14812E-1 4.42739E-1 -9999
1.47706E-1 1.62632E-1 1.8329E-1 2.14626E-1 2.72464E-1 3.28627E-1 4.04494E-1 4.85936E-1 5.4288E-1 5.91179E-1 6.12303E-1 6.1963E-1 6.43187E-1 6.60959E-1 6.69413E-1 6.82629E-1 6.83967E-1 6.85425E-1 6.86712E-1 6.8989E-1 6.90362E-1 6.90781E-1 6.91186E-1 6.91155E-1 6.90736E-1 6.90845E-1 6.90923E-1 6.90266E-1 6.90233E-1 6.90077E-1 6.89171E-1 6.86428E-1 6.8401E-1 6.85268E-1 6.84967E-1 6.84888E-1 6.8013E-1 6.66351E-1 6.53288E-1 6.38945E-1 6.25382E-1 6.1298E-1 6.02181E-1 5.93166E-1 5.8646E-1 5.80576E-1 5.74281E-1 5.6276E-1 5.49262E-1 5.33159E-1 5.37501E-1 5.69967E-1 6.13908E-1 6.3349E-1 5.8874E-1 5.31872E-1 4.88766E-1 4.73619E-1
2.0308E-1 2.26795E-1 2.62272E-1 3.26095E-1 4.85525E-1 5.8586E-1 6.19047E-1 6.60007E-1 6.61695E-1 6.62739E-1 6.63363E-1 6.72572E-1 6.69527E-1 6.79491E-1 6.81752E-1 6.84178E-1 6.84664E-1 6.84963E-1 6.8875E-1 6.89118E-1 6.89427E-1 6.88873E-1 6.88093E-1 6.87172E-1 6.86155E-1 6.86306E-1 6.86516E-1 6.86496E-1 6.8637E-1 6.869E-1 6.85886E-1 6.84708E-1 6.8384E-1 6.83791E-1 6.83548E-1 6.7745E-1 6.6791E-1 6.61168E-1 6.53113E-1 6.43264E-1 6.3276E-1 6.24533E-1 6.14774E-1 6.0733E-1 6.02918E-1 5.9838E-1 5.95042E-1 5.89788E-1 5.76232E-1 5.65754E-1 5.73007E-1 5.94329E-1 6.17645E-1 6.04994E-1 5.70446E-1 5.41605E-1 5.33411E-1 5.4623E-1
2.96586E-1 3.65991E-1 5.02967E-1 6.39614E-1 6.61727E-1 6.62555E-1 6.63103E-1 6.80595E-1 6.82057E-1 6.82327E-1 6.83655E-1 6.84799E-1 6.8495E-1 6.84237E-1 6.84312E-1 6.87555E-1 6.88416E-1 6.86649E-1 6.85482E-1 6.84653E-1 6.84902E-1 6.84884E-1 6.84801E-1 6.8501E-1 6.85093E-1 6.85046E-1 6.849E-1 6.85493E-1 6.86073E-1 6.85707E-1 6.85311E-1 6.84879E-1 6.83883E-1 6.83438E-1 6.8053E-1 6.73436E-1 6.66764E-1 6.60142E-1 6.54079E-1 6.48293E-1 6.4087E-1 6.34758E-1 6.28961E-1 6.22674E-1 6.16172E-1 6.13387E-1 6.09862E-1 6.01095E-1 5.91008E-1 5.86107E-1 5.91532E-1 6.01871E-1 6.04809E-1 5.90927E-1 5.72278E-1 5.63619E-1 5.69532E-1 5.9087E-1
4.44805E-1 5.56395E-1 6.59252E-1 6.63251E-1 6.81631E-1 6.81808E-1 6.81723E-1 6.83924E-1 6.85118E-1 6.85287E-1 6.87363E-1 6.89084E-1 6.89233E-1 6.89124E-1 6.88915E-1 6.88337E-1 6.86671E-1 6.84535E-1 6.84148E-1 6.8389E-1 6.83918E-1 6.84085E-1 6.84693E-1 6.85307E-1 6.85138E-1 6.85247E-1 6.83043E-1 6.81009E-1 6.84423E-1 6.83036E-1 6.79874E-1 6.79553E-1 6.81457E-1 6.83593E-1 6.8035E-1 6.73935E-1 6.68346E-1 6.63279E-1 6.58708E-1 6.53813E-1 6.49953E-1 6.43749E-1 6.40816E-1 6.39364E-1 6.33175E-1 6.24576E-1 6.13125E-1 6.11842E-1 6.14172E-1 6.14186E-1 6.12999E-1 6.13046E-1 6.07276E-1 6.0041E-1 5.96133E-1 5.9607E-1 6.06251E-1 6.32151E-1
5.6168E-1 5.97769E-1 6.58536E-1 6.60386E-1 6.62582E-1 6.80444E-1 6.81495E-1 6.82547E-1 6.83442E-1 6.83213E-1 6.83036E-1 6.82951E-1 6.82581E-1 6.82961E-1 6.82825E-1 6.81988E-1 6.81318E-1 6.81557E-1 6.81656E-1 6.81697E-1 6.81895E-1 6.8185E-1 6.82327E-1 6.83001E-1 6.83901E-1 6.84515E-1 6.8073E-1 6.75406E-1 6.75379E-1 6.76218E-1 6.74648E-1 6.72738E-1 6.7412E-1 6.77609E-1 6.76952E-1 6.74339E-1 6.68648E-1 6.63666E-1 6.60904E-1 6.59389E-1 6.55934E-1 6.49232E-1 6.47924E-1 6.46463E-1 6.44041E-1 6.37987E-1 6.32108E-1 6.32464E-1 6.3511E-1 6.355E-1 6.32782E-1 6.30585E-1 6.24274E-1 6.22717E-1 6.2922E-1 6.36499E-1 6.4446E-1 6.55846E-1
5.9752E-1 6.26816E-1 6.58888E-1 6.59683E-1 6.60398E-1 6.61085E-1 6.62002E-1 6.62202E-1 6.62377E-1 6.62642E-1 6.62128E-1 6.60528E-1 6.59978E-1 6.60115E-1 6.60274E-1 6.59965E-1 6.59419E-1 6.58937E-1 6.59502E-1 6.59058E-1 6.58851E-1 6.59359E-1 6.77718E-1 6.79797E-1 6.81881E-1 6.82712E-1 6.83077E-1 6.83152E-1 6.82988E-1 6.83228E-1 6.83531E-1 6.83104E-1 6.81026E-1 6.79898E-1 6.80303E-1 6.7763E-1 6.76862E-1 6.7367E-1 6.7113E-1 6.71169E-1 6.6785E-1 6.6028E-1 6.58066E-1 6.58165E-1 6.594E-1 6.56932E-1 6.51684E-1 6.52316E-1 6.51637E-1 6.46682E-1 6.44679E-1 6.46163E-1 6.4428E-1 6.44666E-1 6.44399E-1 6.33198E-1 6.26261E-1 6.15958E-1
6.64173E-1 6.71455E-1 6.81063E-1 6.80117E-1 6.79151E-1 6.8061E-1 6.80623E-1 6.81726E-1 6.81876E-1 6.81993E-1 6.81516E-1 6.69255E-1 6.63934E-1 6.62943E-1 6.63052E-1 6.63366E-1 6.63199E-1 6.62635E-1 6.61883E-1 6.62259E-1 6.67447E-1 6.73385E-1 6.78331E-1 6.80237E-1 6.82E-1 6.83154E-1 6.8413E-1 6.86873E-1 6.86935E-1 6.86151E-1 6.85613E-1 6.85484E-1 6.85057E-1 6.84159E-1 6.83692E-1 6.82886E-1 6.8205E-1 6.81838E-1 6.81373E-1 6.81757E-1 6.79637E-1 6.77316E-1 6.77619E-1 6.79175E-1 6.80357E-1 6.79632E-1 6.76539E-1 6.72754E-1 6.71782E-1 6.65342E-1 6.5638E-1 6.51535E-1 6.51992E-1 6.50724E-1 6.51207E-1 6.50425E-1 6.2911E-1 6.11132E-1
