data/Modelo 1/FALn_min.asc
ncols         78
nrows         61
xllcorner     -149.5
yllcorner     -28.5
cellsize      1.0
NODATA_value  -9999
[rows 26 to 51 of 61, columns 0 to 57 of 78]
6.69634E-1 6.69973E-1 6.70177E-1 6.69859E-1 6.69958E-1 6.70086E-1 6.68332E-1 6.67039E-1 6.66657E-1 6.67124E-1 6.66624E-1 6.65628E-1 6.6501E-1 6.64311E-1 6.64665E-1 6.64639E-1 6.64723E-1 6.64344E-1 6.63135E-1 6.6307E-1 6.6386E-1 6.63554E-1 6.63848E-1 6.64356E-1 6.64644E-1 6.65548E-1 6.66479E-1 6.67352E-1 6.67991E-1 6.68315E-1 6.68614E-1 6.68501E-1 6.68228E-1 6.67998E-1 6.66734E-1 6.65004E-1 6.6351E-1 6.63004E-1 6.63516E-1 6.64712E-1 6.64904E-1 6.65389E-1 6.67194E-1 6.69139E-1 6.71576E-1 6.70282E-1 6.6713E-1 6.65932E-1 6.66345E-1 6.65367E-1 6.62882E-1 6.59425E-1 6.52613E-1 6.42857E-1 6.35628E-1 6.28281E-1 6.16856E-1 6.06898E-1
6.79799E-1 6.78944E-1 6.79219E-1 6.79429E-1 6.79675E-1 6.79829E-1 6.78515E-1 6.7769E-1 6.77604E-1 6.78161E-1 6.78503E-1 6.77476E-1 6.76211E-1 6.7574E-1 6.75206E-1 6.74953E-1 6.75151E-1 6.75172E-1 6.7501E-1 6.75097E-1 6.75174E-1 6.74819E-1 6.7545E-1 6.75027E-1 6.74153E-1 6.7458E-1 6.75015E-1 6.74938E-1 6.75232E-1 6.75297E-1 6.75537E-1 6.75604E-1 6.76634E-1 6.76238E-1 6.75753E-1 6.74667E-1 6.73582E-1 6.7401E-1 6.72973E-1 6.71719E-1 6.72954E-1 6.74652E-1 6.75816E-1 6.76781E-1 6.78285E-1 6.81322E-1 6.83275E-1 6.8351E-1 6.84201E-1 6.8364E-1 6.81829E-1 6.78718E-1 6.75945E-1 6.71994E-1 6.67211E-1 6.64438E-1 6.5559E-1 6.47369E-1
6.81291E-1 6.80591E-1 6.80544E-1 6.81037E-1 6.81651E-1 6.8162E-1 6.80528E-1 6.80098E-1 6.80431E-1 6.80604E-1 6.80557E-1 6.79749E-1 6.78559E-1 6.77659E-1 6.77927E-1 6.78229E-1 6.79009E-1 6.78843E-1 6.78666E-1 6.78777E-1 6.79087E-1 6.79086E-1 6.7965E-1 6.7957E-1 6.7909E-1 6.79576E-1 6.79303E-1 6.78683E-1 6.78642E-1 6.79177E-1 6.79651E-1 6.79875E-1 6.80651E-1 6.8134E-1 6.81995E-1 6.82427E-1 6.82958E-1 6.83123E-1 6.8148E-1 6.79806E-1 6.80725E-1 6.82059E-1 6.82781E-1 6.82653E-1 6.82814E-1 6.84763E-1 6.87789E-1 6.89506E-1 6.90071E-1 6.90726E-1 6.90853E-1 6.89847E-1 6.88188E-1 6.85472E-1 6.82182E-1 6.79275E-1 6.77337E-1 6.74834E-1
6.84437E-1 6.83374E-1 6.82756E-1 6.82962E-1 6.836E-1 6.83724E-1 6.8333E-1 6.83291E-1 6.8397E-1 6.83813E-1 6.83012E-1 6.82554E-1 6.8218E-1 6.81687E-1 6.82161E-1 6.82197E-1 6.82964E-1 6.82808E-1 6.82998E-1 6.82862E-1 6.82437E-1 6.82357E-1 6.8238E-1 6.82241E-1 6.82198E-1 6.82612E-1 6.81962E-1 6.8097E-1 6.80786E-1 6.81328E-1 6.8092E-1 6.80559E-1 6.81436E-1 6.83031E-1 6.84744E-1 6.85808E-1 6.86173E-1 6.86109E-1 6.85539E-1 6.85172E-1 6.8543E-1 6.86054E-1 6.86713E-1 6.87203E-1 6.87824E-1 6.8898E-1 6.9056E-1 6.91421E-1 6.92337E-1 6.93399E-1 6.92751E-1 6.91851E-1 6.91076E-1 6.90223E-1 6.89163E-1 6.87527E-1 6.8572E-1 6.84406E-1
6.88324E-1 6.8756E-1 6.8684E-1 6.86799E-1 6.87095E-1 6.87216E-1 6.87062E-1 6.86744E-1 6.86956E-1 6.87027E-1 6.86552E-1 6.85915E-1 6.85766E-1 6.85878E-1 6.86252E-1 6.86563E-1 6.87188E-1 6.8768E-1 6.87755E-1 6.874E-1 6.87059E-1 6.86636E-1 6.85957E-1 6.85797E-1 6.85729E-1 6.85533E-1 6.8549E-1 6.84724E-1 6.84327E-1 6.83911E-1 6.83526E-1 6.83355E-1 6.83976E-1 6.8533E-1 6.86771E-1 6.87084E-1 6.86573E-1 6.86401E-1 6.8612E-1 6.86279E-1 6.86385E-1 6.86888E-1 6.87708E-1 6.88339E-1 6.88831E-1 6.89429E-1 6.90095E-1 6.9022E-1 6.90541E-1 6.9065E-1 6.90101E-1 6.89413E-1 6.88491E-1 6.87801E-1 6.87206E-1 6.87312E-1 6.86962E-1 6.86183E-1
6.91425E-1 6.91215E-1 6.90931E-1 6.9013E-1 6.89991E-1 6.90335E-1 6.89965E-1 6.89503E-1 6.89457E-1 6.89291E-1 6.88789E-1 6.88057E-1 6.87519E-1 6.87397E-1 6.87342E-1 6.87407E-1 6.87698E-1 6.88416E-1 6.88837E-1 6.88908E-1 6.8872E-1 6.88112E-1 6.87589E-1 6.87881E-1 6.88172E-1 6.87208E-1 6.86159E-1 6.84494E-1 6.83859E-1 6.82343E-1 6.82718E-1 6.82446E-1 6.81607E-1 6.83669E-1 6.84402E-1 6.81544E-1 6.78898E-1 6.79952E-1 6.80765E-1 6.78668E-1 6.76907E-1 6.79046E-1 6.81308E-1 6.82294E-1 6.83068E-1 6.83854E-1 6.8452E-1 6.83955E-1 6.8269E-1 6.81958E-1 6.81758E-1 6.80973E-1 6.79051E-1 6.77989E-1 6.79576E-1 6.83071E-1 6.85939E-1 6.85767E-1
6.91307E-1 6.90435E-1 6.88937E-1 6.86569E-1 6.83909E-1 6.83577E-1 6.82349E-1 6.81502E-1 6.81965E-1 6.81442E-1 6.77824E-1 6.72478E-1 6.69307E-1 6.67539E-1 6.65512E-1 6.62519E-1 6.61355E-1 6.61853E-1 6.62054E-1 6.61518E-1 6.59384E-1 6.57692E-1 6.55517E-1 6.53238E-1 6.51396E-1 6.4872E-1 6.46017E-1 6.43768E-1 6.41988E-1 6.40774E-1 6.407E-1 6.4072E-1 6.40629E-1 6.4127E-1 6.41038E-1 6.39151E-1 6.38247E-1 6.38416E-1 6.38131E-1 6.3565E-1 6.33432E-1 6.33597E-1 6.35393E-1 6.3691E-1 6.38998E-1 6.41689E-1 6.44405E-1 6.45481E-1 6.44927E-1 6.44481E-1 6.44847E-1 6.45596E-1 6.46015E-1 6.46995E-1 6.52638E-1 6.59894E-1 6.65774E-1 6.63523E-1
6.95671E-1 6.94567E-1 6.92967E-1 6.9072E-1 6.88793E-1 6.87249E-1 6.85897E-1 6.8402E-1 6.81473E-1 6.79082E-1 6.76016E-1 6.71674E-1 6.67812E-1 6.64201E-1 6.60779E-1 6.58296E-1 6.57304E-1 6.56453E-1 6.55367E-1 6.54604E-1 6.54013E-1 6.5312E-1 6.51685E-1 6.48698E-1 6.44705E-1 6.41823E-1 6.39728E-1 6.36907E-1 6.33474E-1 6.28973E-1 6.2599E-1 6.25476E-1 6.2605E-1 6.25985E-1 6.24845E-1 6.23692E-1 6.21178E-1 6.18471E-1 6.16355E-1 6.13843E-1 6.11644E-1 6.07232E-1 6.05859E-1 6.08634E-1 6.13519E-1 6.17727E-1 6.18762E-1 6.18821E-1 6.17928E-1 6.14656E-1 6.11172E-1 6.12686E-1 6.13742E-1 6.13948E-1 6.20877E-1 6.31258E-1 6.28214E-1 6.73991E-1
7.05136E-1 7.05022E-1 7.04487E-1 7.03785E-1 7.034E-1 7.0317E-1 7.02472E-1 7.01198E-1 6.99628E-1 6.99013E-1 6.98266E-1 6.98089E-1 6.97672E-1 6.96917E-1 6.95667E-1 6.95308E-1 6.95127E-1 6.94831E-1 6.93808E-1 6.9332E-1 6.92883E-1 6.91583E-1 6.90311E-1 6.88193E-1 6.85745E-1 6.81746E-1 6.77896E-1 6.74985E-1 6.72433E-1 6.70571E-1 6.65988E-1 6.63824E-1 6.6581E-1 6.65292E-1 6.61494E-1 6.56739E-1 6.51649E-1 6.49264E-1 6.46382E-1 6.4094E-1 6.38154E-1 6.35459E-1 6.33303E-1 6.34151E-1 6.36338E-1 6.37597E-1 6.36831E-1 6.35088E-1 6.3525E-1 6.34517E-1 6.31611E-1 6.30046E-1 6.28025E-1 6.21449E-1 6.07727E-1 5.85862E-1 5.6198E-1 5.78474E-1
7.03848E-1 7.04025E-1 7.03396E-1 7.02767E-1 7.02938E-1 7.0309E-1 7.03066E-1 7.0289E-1 7.02302E-1 7.02185E-1 7.01501E-1 7.0081E-1 7.00959E-1 7.0116E-1 7.00103E-1 6.99323E-1 6.99173E-1 6.99484E-1 6.9949E-1 6.99915E-1 7.00291E-1 7.00056E-1 6.99089E-1 6.99072E-1 6.98861E-1 6.97739E-1 6.97161E-1 6.97003E-1 6.96547E-1 6.96324E-1 6.95189E-1 6.94487E-1 6.94702E-1 6.93783E-1 6.92105E-1 6.90409E-1 6.88029E-1 6.84182E-1 6.79221E-1 6.73729E-1 6.70813E-1 6.67005E-1 6.64948E-1 6.68383E-1 6.71784E-1 6.71623E-1 6.69621E-1 6.67206E-1 6.66443E-1 6.67087E-1 6.64398E-1 6.57705E-1 6.50801E-1 6.40576E-1 6.26777E-1 6.18475E-1 6.17308E-1 6.23464E-1
6.95915E-1 6.95931E-1 6.95771E-1 6.95696E-1 6.96218E-1 6.96621E-1 6.96909E-1 6.97357E-1 6.97972E-1 6.98345E-1 6.97703E-1 6.9696E-1 6.96774E-1 6.96895E-1 6.9662E-1 6.96922E-1 6.97436E-1 6.97477E-1 6.97642E-1 6.98197E-1 6.98472E-1 6.97937E-1 6.97156E-1 6.9685E-1 6.96893E-1 6.96772E-1 6.97413E-1 6.97781E-1 6.97178E-1 6.96386E-1 6.95867E-1 6.95631E-1 6.95869E-1 6.95638E-1 6.95308E-1 6.94579E-1 6.93601E-1 6.92713E-1 6.92038E-1 6.91396E-1 6.908E-1 6.89362E-1 6.88096E-1 6.88699E-1 6.89336E-1 6.88097E-1 6.87005E-1 6.86882E-1 6.84847E-1 6.7928E-1 6.74021E-1 6.68669E-1 6.62201E-1 6.56431E-1 6.53112E-1 6.54608E-1 6.58679E-1 6.61898E-1
6.88985E-1 6.88971E-1 6.89102E-1 6.89482E-1 6.90136E-1 6.90825E-1 6.9103E-1 6.9138E-1 6.92066E-1 6.92261E-1 6.92131E-1 6.92122E-1 6.92208E-1 6.92477E-1 6.92856E-1 6.93244E-1 6.9375E-1 6.93837E-1 6.93877E-1 6.93941E-1 6.93687E-1 6.93678E-1 6.94054E-1 6.94247E-1 6.94407E-1 6.94558E-1 6.94626E-1 6.94583E-1 6.94386E-1 6.94221E-1 6.94248E-1 6.93945E-1 6.93843E-1 6.94082E-1 6.93381E-1 6.92506E-1 6.92201E-1 6.9153E-1 6.91025E-1 6.9183E-1 6.9287E-1 6.92152E-1 6.9119E-1 6.91313E-1 6.91944E-1 6.92111E-1 6.92123E-1 6.92037E-1 6.92348E-1 6.90987E-1 6.87523E-1 6.84914E-1 6.85612E-1 6.87915E-1 6.88441E-1 6.89809E-1 6.91435E-1 6.90999E-1
6.82763E-1 6.83073E-1 6.83671E-1 6.8417E-1 6.84468E-1 6.84822E-1 6.85114E-1 6.85467E-1 6.86099E-1 6.86719E-1 6.86951E-1 6.86945E-1 6.87285E-1 6.87961E-1 6.88535E-1 6.88851E-1 6.89254E-1 6.89556E-1 6.89809E-1 6.902E-1 6.90739E-1 6.91438E-1 6.91447E-1 6.91317E-1 6.91749E-1 6.91971E-1 6.91901E-1 6.91348E-1 6.91112E-1 6.91784E-1 6.92088E-1 6.92295E-1 6.92572E-1 6.92737E-1 6.92436E-1 6.92154E-1 6.92677E-1 6.92788E-1 6.92332E-1 6.93062E-1 6.93703E-1 6.93305E-1 6.93295E-1 6.93196E-1 6.93637E-1 6.94582E-1 6.94856E-1 6.9484E-1 6.95444E-1 6.94822E-1 6.93998E-1 6.93839E-1 6.94223E-1 6.94405E-1 6.94696E-1 6.94134E-1 6.93352E-1 6.90901E-1
6.64696E-1 6.64415E-1 6.72405E-1 6.76426E-1 6.72859E-1 6.703E-1 6.69182E-1 6.67933E-1 6.658E-1 6.64029E-1 6.67445E-1 6.70856E-1 6.73563E-1 6.72892E-1 6.69729E-1 6.66795E-1 6.63864E-1 6.65636E-1 6.72338E-1 6.77867E-1 6.76487E-1 6.72396E-1 6.7238E-1 6.75648E-1 6.74946E-1 6.75246E-1 6.77773E-1 6.85725E-1 6.86404E-1 6.87157E-1 6.88201E-1 6.89206E-1 6.89583E-1 6.90361E-1 6.91246E-1 6.91557E-1 6.91803E-1 6.92067E-1 6.92542E-1 6.93294E-1 6.93491E-1 6.93199E-1 6.93204E-1 6.94228E-1 6.94884E-1 6.96207E-1 6.96658E-1 6.97431E-1 6.98926E-1 6.98047E-1 6.97481E-1 6.97477E-1 6.97415E-1 6.97264E-1 6.96481E-1 6.95171E-1 6.93112E-1 6.91336E-1
6.49597E-1 6.52507E-1 6.54151E-1 6.61145E-1 6.62475E-1 6.61805E-1 6.6374E-1 6.63896E-1 6.61074E-1 6.50202E-1 6.52685E-1 6.53385E-1 6.54007E-1 6.56802E-1 6.52899E-1 6.49521E-1 6.52306E-1 6.53111E-1 6.55994E-1 6.62475E-1 6.56444E-1 6.49088E-1 6.47391E-1 6.48765E-1 6.55276E-1 6.63487E-1 6.67221E-1 6.69754E-1 6.79437E-1 6.81093E-1 6.82964E-1 6.84139E-1 6.8424E-1 6.8469E-1 6.85179E-1 6.85469E-1 6.85761E-1 6.85507E-1 6.86366E-1 6.88012E-1 6.88825E-1 6.89085E-1 6.89555E-1 6.9056E-1 6.92396E-1 6.93758E-1 6.94259E-1 6.96173E-1 6.97373E-1 6.96206E-1 6.95438E-1 6.9553E-1 6.95963E-1 6.96555E-1 6.96084E-1 6.94599E-1 6.92368E-1 6.90867E-1
5.9288E-1 6.10777E-1 6.27539E-1 6.42839E-1 6.50444E-1 6.55814E-1 6.66804E-1 6.75444E-1 6.85445E-1 6.73601E-1 6.59767E-1 6.51113E-1 6.43689E-1 6.43733E-1 6.41184E-1 6.41465E-1 6.48982E-1 6.52233E-1 6.45937E-1 6.43139E-1 6.41757E-1 6.35472E-1 6.38954E-1 6.43353E-1 6.49053E-1 6.57052E-1 6.61731E-1 6.60232E-1 6.67945E-1 6.75089E-1 6.73561E-1 6.68044E-1 6.68197E-1 6.6764E-1 6.71583E-1 6.75483E-1 6.7284E-1 6.71675E-1 6.78526E-1 6.80065E-1 6.812E-1 6.81506E-1 6.81886E-1 6.83121E-1 6.84976E-1 6.86332E-1 6.8742E-1 6.89456E-1 6.90946E-1 6.91676E-1 6.92093E-1 6.92433E-1 6.92709E-1 6.92321E-1 6.91592E-1 6.90401E-1 6.89562E-1 6.88804E-1
3.58654E-1 4.06188E-1 4.59611E-1 5.313E-1 5.76011E-1 6.0582E-1 6.41995E-1 6.68618E-1 6.83839E-1 6.86153E-1 6.76172E-1 6.52331E-1 6.48403E-1 6.4607E-1 6.47018E-1 6.52276E-1 6.57367E-1 6.60572E-1 6.59831E-1 6.57487E-1 6.49881E-1 6.47733E-1 6.54176E-1 6.54241E-1 6.57502E-1 6.60735E-1 6.59804E-1 6.56636E-1 6.57138E-1 6.6369E-1 6.5871E-1 6.50863E-1 6.53753E-1 6.60405E-1 6.63433E-1 6.62675E-1 6.63335E-1 6.65978E-1 6.69124E-1 6.70209E-1 6.69762E-1 6.71915E-1 6.72788E-1 6.73676E-1 6.75742E-1 6.78417E-1 6.80346E-1 6.82278E-1 6.84112E-1 6.8586E-1 6.86603E-1 6.86125E-1 6.86434E-1 6.87269E-1 6.86319E-1 6.86022E-1 6.85821E-1 6.85328E-1
1.61478E-1 1.91743E-1 2.13722E-1 2.55364E-1 3.3544E-1 4.17998E-1 5.32288E-1 6.19732E-1 6.53536E-1 6.73416E-1 6.6158E-1 6.16153E-1 6.13583E-1 6.21124E-1 6.32485E-1 6.39033E-1 6.4451E-1 6.48094E-1 6.49297E-1 6.51425E-1 6.51132E-1 6.49512E-1 6.49636E-1 6.4963E-1 6.48598E-1 6.48406E-1 6.49211E-1 6.50794E-1 6.53116E-1 6.53149E-1 6.49938E-1 6.49025E-1 6.49456E-1 6.49714E-1 6.47485E-1 6.47452E-1 6.49119E-1 6.47594E-1 6.48662E-1 6.47697E-1 6.46662E-1 6.4931E-1 6.54033E-1 6.58525E-1 6.64642E-1 6.70028E-1 6.71404E-1 6.72581E-1 6.74139E-1 6.76031E-1 6.77452E-1 6.78919E-1 6.79736E-1 6.80688E-1 6.80323E-1 6.80197E-1 6.80858E-1 6.80847E-1
9.1383E-2 1.05838E-1 1.16794E-1 1.37482E-1 1.66961E-1 2.15497E-1 2.80088E-1 3.62746E-1 5.01439E-1 5.74725E-1 5.47896E-1 4.49704E-1 4.63921E-1 4.89138E-1 5.39893E-1 5.75274E-1 5.96078E-1 6.19093E-1 6.33492E-1 6.40117E-1 6.4019E-1 6.40784E-1 6.42449E-1 6.43123E-1 6.41928E-1 6.41458E-1 6.42955E-1 6.44423E-1 6.44576E-1 6.4418E-1 6.42562E-1 6.41957E-1 6.41241E-1 6.40688E-1 6.38836E-1 6.38618E-1 6.38331E-1 6.36954E-1 6.35455E-1 6.32354E-1 6.32571E-1 6.35982E-1 6.38136E-1 6.40934E-1 6.43483E-1 6.45286E-1 6.47186E-1 6.47519E-1 6.49575E-1 6.52606E-1 6.56737E-1 6.62109E-1 6.65931E-1 6.679E-1 6.60379E-1 6.61833E-1 6.69195E-1 6.71694E-1
4.46814E-2 5.44148E-2 6.47531E-2 8.01301E-2 9.5698E-2 1.10125E-1 1.34691E-1 1.63535E-1 1.9805E-1 2.29344E-1 2.56594E-1 2.36342E-1 2.42576E-1 2.6381E-1 2.94852E-1 3.34278E-1 3.78389E-1 4.56018E-1 5.46085E-1 5.84775E-1 5.96965E-1 6.11712E-1 6.18578E-1 6.2244E-1 6.24867E-1 6.26947E-1 6.29871E-1 6.22505E-1 6.1745E-1 6.1566E-1 6.27337E-1 6.3073E-1 6.25301E-1 6.25626E-1 6.28987E-1 6.29172E-1 6.23773E-1 6.20506E-1 6.18006E-1 6.14587E-1 6.16208E-1 6.14634E-1 6.13608E-1 6.15919E-1 6.20002E-1 6.24791E-1 6.21097E-1 6.15162E-1 6.12811E-1 6.17492E-1 6.25247E-1 6.33402E-1 6.35089E-1 6.34445E-1 6.25987E-1 6.34207E-1 6.42768E-1 6.50271E-1
3.46125E-2 3.7255E-2 4.07452E-2 3.9929E-2 3.90595E-2 4.08349E-2 4.91288E-2 6.50201E-2 9.25045E-2 1.11659E-1 1.26027E-1 1.27895E-1 1.31952E-1 1.4337E-1 1.52719E-1 1.6929E-1 1.95046E-1 2.26316E-1 2.84051E-1 3.52842E-1 4.06719E-1 4.60618E-1 4.93733E-1 5.16859E-1 5.29302E-1 5.31846E-1 5.2939E-1 4.55758E-1 4.02085E-1 4.26088E-1 4.76606E-1 4.9392E-1 4.6654E-1 5.253E-1 5.67635E-1 5.80141E-1 5.86916E-1 5.8911E-1 5.90877E-1 5.93946E-1 5.96855E-1 5.93982E-1 5.90969E-1 5.9184E-1 5.91339E-1 5.90628E-1 5.88161E-1 5.83578E-1 5.81475E-1 5.81555E-1 5.81222E-1 5.83592E-1 5.81589E-1 5.68378E-1 5.67509E-1 5.77182E-1 5.88627E-1 5.99579E-1
5.6059E-2 5.86782E-2 5.15164E-2 4.2274E-2 2.75406E-2 2.26148E-2 2.37663E-2 2.72964E-2 3.2185E-2 4.29775E-2 5.32216E-2 5.84987E-2 6.02513E-2 6.95967E-2 8.99818E-2 9.88048E-2 1.06094E-1 1.20677E-1 1.50616E-1 1.85886E-1 2.09395E-1 2.40832E-1 2.56143E-1 2.58555E-1 2.60206E-1 2.52591E-1 2.43843E-1 2.14776E-1 2.01913E-1 2.12622E-1 2.17584E-1 2.14211E-1 2.10695E-1 2.48689E-1 3.04866E-1 3.45391E-1 3.8936E-1 4.41995E-1 4.81585E-1 5.11318E-1 5.32517E-1 5.5042E-1 5.4146E-1 5.31313E-1 5.30248E-1 5.28253E-1 5.33378E-1 5.43863E-1 5.39341E-1 5.355E-1 5.17794E-1 5.20134E-1 5.09274E-1 4.97403E-1 4.98499E-1 5.11699E-1 5.21743E-1 5.23305E-1
1.36309E-1 1.77162E-1 1.40768E-1 8.74761E-2 3.83751E-2 2.42594E-2 2.3704E-2 2.04985E-2 2.00008E-2 2.21163E-2 2.51469E-2 2.59992E-2 2.6134E-2 2.83911E-2 3.24693E-2 3.5314E-2 3.66863E-2 4.27693E-2 6.71609E-2 9.6281E-2 1.06588E-1 1.19554E-1 1.30618E-1 1.22774E-1 1.22557E-1 1.17232E-1 1.13526E-1 1.14328E-1 1.10795E-1 9.69936E-2 9.049E-2 8.88066E-2 9.99696E-2 1.07324E-1 1.20355E-1 1.4798E-1 1.82999E-1 2.16279E-1 2.46036E-1 2.72178E-1 3.07404E-1 3.19122E-1 2.89806E-1 2.98866E-1 3.31133E-1 3.44985E-1 3.55121E-1 3.66736E-1 3.55176E-1 3.64353E-1 3.68302E-1 3.7698E-1 3.68374E-1 3.76361E-1 3.87338E-1 4.00992E-1 4.20441E-1 4.31004E-1
1.53522E-1 2.30958E-1 2.92494E-1 2.52908E-1 1.41743E-1 7.85445E-2 3.28351E-2 2.09435E-2 1.72722E-2 1.66019E-2 1.71052E-2 1.6687E-2 1.71052E-2 1.67374E-2 1.68896E-2 1.70976E-2 1.71557E-2 1.86393E-2 2.47798E-2 3.1702E-2 3.72729E-2 4.37041E-2 4.95308E-2 5.05845E-2 4.71584E-2 4.08018E-2 4.07884E-2 4.32204E-2 3.93221E-2 2.93094E-2 2.4812E-2 2.72099E-2 3.12932E-2 3.20235E-2 3.41942E-2 4.20804E-2 5.4446E-2 7.54411E-2 9.66443E-2 1.1179E-1 1.29138E-1 1.16398E-1 1.09995E-1 1.23307E-1 1.39807E-1 1.49078E-1 1.42412E-1 1.50643E-1 1.5077E-1 1.59499E-1 1.62007E-1 1.71376E-1 1.80901E-1 2.15595E-1 2.37878E-1 2.43508E-1 2.70822E-1 2.76661E-1
1.07303E-1 1.59444E-1 2.42678E-1 2.55563E-1 1.59652E-1 9.57718E-2 3.51158E-2 2.26589E-2 1.90286E-2 1.51378E-2 1.41057E-2 1.35675E-2 1.31655E-2 1.16441E-2 1.05758E-2 1.05101E-2 1.0647E-2 1.09805E-2 1.21353E-2 1.32187E-2 1.51328E-2 1.73303E-2 1.67482E-2 1.8547E-2 1.7995E-2 1.56166E-2 1.51867E-2 1.56928E-2 1.47819E-2 1.26015E-2 1.18239E-2 1.29023E-2 1.26847E-2 1.19188E-2 1.13902E-2 1.2499E-2 1.54E-2 1.73679E-2 1.9701E-2 2.70509E-2 3.11981E-2 2.81315E-2 2.72382E-2 2.6965E-2 3.21004E-2 4.36992E-2 5.18854E-2 5.17215E-2 4.87439E-2 5.74366E-2 6.96623E-2 8.10819E-2 7.7554E-2 9.33053E-2 1.11728E-1 1.14651E-1 1.17085E-1 1.19874E-1
5.70558E-2 8.65169E-2 1.08404E-1 1.1989E-1 7.53442E-2 5.14416E-2 3.76158E-2 2.95338E-2 2.22598E-2 1.56543E-2 1.28869E-2 1.18466E-2 1.12329E-2 9.53699E-3 8.67161E-3 8.60385E-3 8.48186E-3 8.22092E-3 8.26237E-3 8.13427E-3 8.36727E-3 8.83443E-3 9.68123E-3 1.04765E-2 1.00305E-2 9.26457E-3 8.69401E-3 8.4777E-3 8.11221E-3 7.72999E-3 7.39304E-3 7.11818E-3 6.89967E-3 6.72993E-3 6.45028E-3 6.68912E-3 6.54393E-3 5.94964E-3 6.35544E-3 8.11015E-3 9.19478E-3 9.31906E-3 1.01357E-2 1.02435E-2 1.01669E-2 1.23344E-2 1.49075E-2 1.40153E-2 1.57581E-2 2.0062E-2 2.44792E-2 2.65423E-2 2.6031E-2 3.30281E-2 4.80104E-2 3.83557E-2 3.70364E-2 4.39529E-2
