data/Modelo 1/FALn_stddev.asc
ncols         78
nrows         61
xllcorner     -149.5
yllcorner     -28.5
cellsize      1.0
NODATA_value  -9999
[rows 0 to 25 of 61, columns 0 to 57 of 78]
1.33791E-3 9.97063E-4 7.54657E-4 6.23809E-4 6.87803E-4 6.15138E-4 5.07935E-4 4.21091E-4 3.61008E-4 3.00676E-4 2.65936E-4 2.3952E-4 2.33088E-4 2.26171E-4 2.18929E-4 2.52726E-4 2.82125E-4 3.85545E-4 5.8431E-4 9.06688E-4 9.15602E-4 8.92607E-4 1.07359E-3 1.83135E-3 5.94636E-3 6.15199E-3 5.72128E-3 5.88297E-3 6.2767E-3 6.54639E-3 6.02148E-3 6.24746E-3 -9999 -9999 -9999 -9999 -9999 -9999 -9999 -9999 -9999 -9999 -9999 -9999 -9999 -9999 -9999 -9999 -9999 -9999 -9999 -9999 -9999 -9999 -9999 -9999 -9999 -9999
1.81351E-3 1.54624E-3 1.22024E-3 7.12836E-4 5.78227E-4 4.8582E-4 4.57512E-4 4.34233E-4 3.86547E-4 3.44993E-4 3.133E-4 2.75545E-4 2.50827E-4 2.4005E-4 2.38491E-4 2.36169E-4 2.4388E-4 2.68642E-4 3.66258E-4 5.23966E-4 8.47588E-4 1.08431E-3 7.97332E-4 8.96695E-4 1.68983E-3 2.20509E-3 4.42463E-3 6.36177E-3 6.46883E-3 6.68142E-3 6.81325E-3 6.56621E-3 -9999 -9999 7.10354E-3 -9999 -9999 -9999 -9999 -9999 -9999 -9999 -9999 -9999 -9999 -9999 -9999 -9999 -9999 -9999 -9999 -9999 -9999 -9999 -9999 -9999 -9999 -9999
1.86067E-3 1.92932E-3 1.43449E-3 8.36631E-4 5.05008E-4 3.90985E-4 4.30388E-4 5.0426E-4 4.42976E-4 3.69563E-4 3.26983E-4 2.95576E-4 2.58465E-4 2.52482E-4 2.358E-4 2.21332E-4 2.10321E-4 1.91257E-4 2.0341E-4 2.21727E-4 1.94258E-4 1.83545E-4 2.19332E-4 3.70807E-4 7.1558E-4 1.00073E-3 7.32589E-4 1.71194E-3 5.55587E-3 8.68659E-3 7.03677E-3 7.10758E-3 7.17702E-3 -9999 4.60188E-3 6.94026E-3 -9999 -9999 -9999 -9999 -9999 -9999 -9999 -9999 -9999 -9999 -9999 -9999 -9999 -9999 -9999 -9999 -9999 -9999 -9999 -9999 -9999 -9999
1.89493E-3 1.80719E-3 1.39868E-3 9.06437E-4 6.01957E-4 4.00435E-4 3.64561E-4 4.08894E-4 4.09251E-4 3.56937E-4 3.11689E-4 2.74195E-4 2.52736E-4 2.57497E-4 2.65012E-4 2.28014E-4 1.94589E-4 1.84153E-4 1.80779E-4 1.69738E-4 1.47365E-4 1.33235E-4 1.30623E-4 1.35447E-4 1.69316E-4 2.09416E-4 4.07385E-4 1.10147E-3 8.69104E-4 1.26558E-3 2.90298E-3 1.00328E-2 7.75073E-3 8.3265E-3 -9999 -9999 6.38346E-3 -9999 -9999 -9999 -9999 -9999 -9999 -9999 -9999 -9999 -9999 -9999 -9999 -9999 -9999 -9999 -9999 -9999 -9999 -9999 -9999 -9999
8.63857E-4 9.25877E-4 7.50604E-4 5.42016E-4 4.95936E-4 4.31295E-4 3.49735E-4 3.09968E-4 2.97115E-4 3.24289E-4 3.16058E-4 2.83555E-4 2.57389E-4 2.75987E-4 2.68353E-4 2.39969E-4 2.13686E-4 1.9772E-4 1.86475E-4 1.65568E-4 1.47244E-4 1.37551E-4 1.24385E-4 1.19669E-4 1.3202E-4 1.54934E-4 1.99586E-4 3.81877E-4 8.37888E-4 1.24556E-3 1.36263E-3 2.99356E-3 7.85991E-3 8.29894E-3 7.72548E-3 -9999 8.52618E-3 -9999 -9999 -9999 -9999 -9999 -9999 -9999 -9999 -9999 -9999 -9999 -9999 -9999 -9999 -9999 -9999 -9999 -9999 -9999 -9999 -9999
4.86818E-4 4.87351E-4 4.76058E-4 4.26768E-4 4.08802E-4 4.16733E-4 4.16328E-4 3.73157E-4 3.16162E-4 2.91715E-4 2.95668E-4 2.94273E-4 2.88466E-4 2.86796E-4 2.68498E-4 2.53467E-4 2.29927E-4 2.10261E-4 1.90546E-4 1.74013E-4 1.58856E-4 1.4614E-4 1.36205E-4 1.32984E-4 1.34017E-4 1.40388E-4 1.5406E-4 2.25746E-4 4.04296E-4 7.45867E-4 1.53545E-3 2.03175E-3 9.61539E-3 9.49039E-3 -9999 -9999 -9999 7.62214E-3 -9999 -9999 -9999 -9999 -9999 -9999 -9999 -9999 -9999 -9999 -9999 -9999 -9999 -9999 -9999 -9999 -9999 -9999 -9999 -9999
4.59322E-4 4.40567E-4 4.07109E-4 3.90459E-4 3.81373E-4 4.03034E-4 4.03324E-4 3.85135E-4 3.33781E-4 2.84382E-4 2.46959E-4 2.77001E-4 3.05211E-4 2.90182E-4 2.56569E-4 2.54624E-4 2.54803E-4 2.38497E-4 2.19643E-4 1.9794E-4 1.77739E-4 1.65724E-4 1.61269E-4 1.5718E-4 1.55448E-4 1.57256E-4 1.62866E-4 1.84716E-4 2.3721E-4 3.15779E-4 4.78416E-4 2.12896E-3 3.17762E-3 1.7622E-2 1.23724E-2 1.41451E-2 -9999 -9999 7.35019E-3 8.21287E-3 -9999 -9999 -9999 -9999 -9999 -9999 -9999 -9999 -9999 -9999 -9999 -9999 -9999 -9999 -9999 -9999 -9999 -9999
4.39254E-4 4.08978E-4 3.86463E-4 3.72531E-4 3.66622E-4 3.66477E-4 3.56725E-4 3.47294E-4 3.21436E-4 2.93983E-4 2.63777E-4 2.38568E-4 2.55139E-4 2.9056E-4 2.8221E-4 2.59815E-4 2.40763E-4 2.4221E-4 2.47013E-4 2.30034E-4 2.129E-4 2.02547E-4 1.98131E-4 1.91632E-4 1.90751E-4 1.9712E-4 2.0934E-4 2.32017E-4 2.65059E-4 3.37587E-4 5.13866E-4 1.12682E-3 3.53885E-3 5.42767E-3 2.38205E-2 2.24562E-2 2.643E-2 -9999 5.13846E-3 5.5796E-3 -9999 -9999 -9999 -9999 -9999 -9999 -9999 -9999 -9999 -9999 -9999 -9999 -9999 -9999 -9999 -9999 -9999 -9999
4.56033E-4 4.1948E-4 3.93048E-4 3.73557E-4 3.61436E-4 3.54048E-4 3.448E-4 3.3906E-4 3.30176E-4 3.09631E-4 2.87344E-4 2.64876E-4 2.47521E-4 2.46901E-4 2.90016E-4 3.03712E-4 2.92164E-4 2.72762E-4 2.74241E-4 2.67199E-4 2.67224E-4 2.49531E-4 2.46915E-4 2.50648E-4 2.5205E-4 2.54329E-4 2.72028E-4 2.98271E-4 3.60669E-4 5.0989E-4 8.41038E-4 1.1448E-3 3.33683E-3 5.74705E-3 1.1466E-2 1.95479E-2 1.63506E-2 -9999 3.89534E-3 3.91929E-3 4.59551E-3 -9999 -9999 -9999 -9999 -9999 -9999 -9999 -9999 -9999 -9999 -9999 -9999 -9999 -9999 -9999 -9999 -9999
4.56784E-4 4.35116E-4 4.20059E-4 3.99201E-4 3.76243E-4 3.65609E-4 3.48636E-4 3.38228E-4 3.38313E-4 3.39563E-4 3.20033E-4 3.06726E-4 2.80536E-4 2.61269E-4 2.67553E-4 2.69864E-4 3.07701E-4 3.44026E-4 3.42915E-4 3.34063E-4 3.22133E-4 3.04844E-4 3.25072E-4 3.34702E-4 3.31468E-4 3.36752E-4 3.71894E-4 4.19773E-4 4.66518E-4 6.13291E-4 1.06762E-3 1.5324E-3 2.76801E-3 5.68761E-3 7.9024E-3 9.43642E-3 9.25411E-3 3.92513E-3 3.96701E-3 -9999 4.84332E-3 4.4458E-3 -9999 -9999 -9999 -9999 -9999 -9999 -9999 -9999 -9999 -9999 -9999 -9999 -9999 -9999 -9999 -9999
4.59551E-4 4.41129E-4 4.23009E-4 3.97232E-4 3.81016E-4 3.69277E-4 3.65852E-4 3.60354E-4 3.62293E-4 3.71486E-4 3.70605E-4 3.51614E-4 3.3111E-4 3.18972E-4 3.10881E-4 2.88009E-4 2.98917E-4 3.27934E-4 3.3455E-4 3.36113E-4 3.6544E-4 4.24176E-4 4.57464E-4 5.24041E-4 5.19093E-4 5.19491E-4 4.90241E-4 4.89105E-4 5.51387E-4 6.41017E-4 7.22755E-4 8.83191E-4 1.17078E-3 2.25178E-3 7.41735E-3 6.04859E-3 9.6357E-3 6.66016E-3 4.06909E-3 5.33695E-3 5.57879E-3 4.65572E-3 7.65204E-3 -9999 -9999 -9999 -9999 -9999 -9999 -9999 -9999 -9999 -9999 -9999 -9999 -9999 -9999 -9999
4.91448E-4 4.59685E-4 4.35759E-4 4.24702E-4 4.02829E-4 4.05527E-4 4.07304E-4 4.09723E-4 4.06623E-4 4.32625E-4 4.51187E-4 4.38772E-4 3.92292E-4 3.76666E-4 3.7009E-4 3.75348E-4 3.79994E-4 3.7812E-4 4.02442E-4 4.23966E-4 4.22307E-4 4.41274E-4 4.56897E-4 5.38424E-4 6.15499E-4 5.44627E-4 5.09873E-4 5.1266E-4 5.15746E-4 6.46058E-4 7.81044E-4 1.09913E-3 1.89423E-3 6.44082E-3 5.4231E-3 5.90389E-3 8.47647E-3 5.0909E-3 7.72642E-3 6.41065E-3 6.60067E-3 6.34723E-3 6.36161E-3 1.67438E-2 -9999 -9999 -9999 -9999 -9999 -9999 -9999 -9999 -9999 -9999 -9999 -9999 -9999 -9999
5.17017E-4 4.8556E-4 4.71144E-4 4.74444E-4 4.47445E-4 4.23384E-4 4.22749E-4 4.38339E-4 4.74161E-4 5.192E-4 6.2408E-4 7.32748E-4 6.68112E-4 6.20659E-4 5.59494E-4 4.95976E-4 5.16183E-4 5.49402E-4 6.42412E-4 7.77485E-4 8.69492E-4 9.14314E-4 8.64513E-4 1.22438E-3 1.83099E-3 1.41396E-3 1.30367E-3 1.19397E-3 1.07518E-3 1.32723E-3 1.58162E-3 2.34058E-3 7.11773E-3 5.47265E-3 5.81773E-3 6.47866E-3 1.02638E-2 1.20178E-2 4.7228E-3 8.12728E-3 8.21528E-3 7.57013E-3 5.04325E-3 -9999 -9999 -9999 -9999 -9999 -9999 -9999 -9999 -9999 -9999 -9999 -9999 -9999 -9999 -9999
5.64234E-4 5.81532E-4 6.01265E-4 6.21248E-4 5.49491E-4 4.73487E-4 4.59996E-4 4.90385E-4 5.85906E-4 7.68405E-4 9.53665E-4 1.18591E-3 2.06312E-3 2.33866E-3 1.98851E-3 1.35919E-3 1.37702E-3 1.55765E-3 2.201E-3 4.17946E-3 5.91587E-3 7.38459E-3 7.37728E-3 6.67323E-3 5.26532E-3 5.31183E-3 5.33699E-3 5.09846E-3 6.99771E-3 7.24249E-3 7.37784E-3 7.09041E-3 5.76502E-3 5.33228E-3 5.87357E-3 5.96876E-3 6.89045E-3 1.14483E-2 1.55405E-2 4.82589E-3 8.31373E-3 8.35291E-3 4.65159E-3 1.02006E-2 -9999 -9999 -9999 -9999 -9999 -9999 -9999 -9999 -9999 -9999 -9999 -9999 -9999 -9999
6.69374E-4 7.11592E-4 8.3318E-4 9.97807E-4 8.50377E-4 6.98813E-4 6.91799E-4 8.62745E-4 1.16843E-3 1.46431E-3 2.49851E-3 3.38293E-3 6.6775E-3 7.28297E-3 6.92998E-3 7.33198E-3 6.38016E-3 7.31687E-3 5.43908E-3 5.41737E-3 5.56483E-3 5.66582E-3 5.70316E-3 5.70334E-3 5.85156E-3 6.35667E-3 6.3971E-3 6.29573E-3 5.86944E-3 5.88202E-3 5.86627E-3 5.74545E-3 5.65443E-3 5.60553E-3 5.81836E-3 5.9612E-3 7.99757E-3 1.72915E-2 4.91149E-3 8.4412E-3 8.444E-3 9.26781E-3 7.31389E-3 4.60751E-3 8.3396E-3 -9999 -9999 -9999 -9999 -9999 -9999 -9999 -9999 -9999 -9999 -9999 -9999 -9999
1.20093E-3 1.1716E-3 1.43557E-3 2.01413E-3 2.44729E-3 2.32447E-3 2.8102E-3 4.27534E-3 5.00462E-3 6.34469E-3 7.09762E-3 5.10106E-3 5.2788E-3 5.42299E-3 5.51112E-3 5.5397E-3 5.52598E-3 5.58063E-3 5.72267E-3 7.05301E-3 8.16869E-3 9.09651E-3 1.04981E-2 9.49063E-3 1.09776E-2 9.34498E-3 1.65345E-2 1.64897E-2 9.33099E-3 9.81253E-3 7.434E-3 6.56053E-3 6.04654E-3 6.17259E-3 6.23578E-3 6.2377E-3 9.69344E-3 1.57697E-2 7.95582E-3 8.66301E-3 8.95406E-3 9.82087E-3 8.11818E-3 6.41917E-3 5.05809E-3 5.97885E-3 9.58868E-3 1.11375E-2 -9999 -9999 -9999 -9999 -9999 -9999 -9999 -9999 -9999 -9999
2.61449E-3 2.6927E-3 3.15849E-3 4.7496E-3 7.08214E-3 7.18533E-3 6.3365E-3 5.16245E-3 5.18874E-3 5.34571E-3 5.49242E-3 5.55245E-3 5.60053E-3 5.72108E-3 6.44198E-3 7.62926E-3 7.35018E-3 9.18717E-3 1.07507E-2 1.66938E-2 1.21094E-2 1.08197E-2 7.98493E-3 6.18483E-3 5.21527E-3 6.35234E-3 7.84866E-3 7.8708E-3 6.31177E-3 6.85023E-3 1.16636E-2 1.18977E-2 8.70517E-3 7.39263E-3 6.84012E-3 8.74111E-3 1.42117E-2 9.10799E-3 1.58335E-2 1.77602E-2 1.13421E-2 9.41732E-3 8.5488E-3 8.08103E-3 7.64862E-3 7.95755E-3 8.13927E-3 9.41148E-3 1.10229E-2 1.18468E-2 -9999 -9999 -9999 -9999 -9999 -9999 -9999 -9999
6.59516E-3 7.30556E-3 7.17066E-3 6.7939E-3 5.2796E-3 5.24117E-3 5.40093E-3 5.50749E-3 5.60623E-3 5.66649E-3 5.84966E-3 6.52915E-3 7.98303E-3 9.83475E-3 1.30175E-2 1.29972E-2 1.23528E-2 8.9913E-3 5.85399E-3 7.14133E-3 6.11196E-3 6.16503E-3 6.28455E-3 6.3242E-3 6.66067E-3 6.84603E-3 6.91976E-3 7.08418E-3 7.38596E-3 7.49708E-3 7.86831E-3 8.09023E-3 8.60062E-3 8.40497E-3 8.38938E-3 6.04761E-3 5.05728E-3 9.27101E-3 1.33141E-2 1.01541E-2 6.3368E-3 7.49894E-3 1.00565E-2 1.17349E-2 1.29856E-2 1.28111E-2 1.21728E-2 1.20333E-2 1.25331E-2 1.25501E-2 1.20783E-2 1.20526E-2 1.43984E-2 1.90773E-2 1.90989E-2 2.1363E-2 -9999 -9999
5.1885E-3 5.39038E-3 5.44159E-3 5.45561E-3 5.48387E-3 5.57338E-3 5.65401E-3 5.74378E-3 5.8945E-3 6.36638E-3 7.30782E-3 9.09149E-3 1.03726E-2 9.13484E-3 8.72728E-3 6.28451E-3 7.70848E-3 7.04309E-3 6.61568E-3 6.25948E-3 6.05043E-3 5.55146E-3 5.15107E-3 5.0755E-3 5.28644E-3 5.37619E-3 5.60048E-3 6.05407E-3 6.55724E-3 7.56857E-3 7.99706E-3 8.28634E-3 8.56121E-3 8.6668E-3 8.78833E-3 8.89958E-3 8.89766E-3 8.5479E-3 7.03247E-3 6.86376E-3 7.79188E-3 1.00872E-2 1.16506E-2 1.31991E-2 1.45257E-2 1.54517E-2 1.5436E-2 1.40154E-2 1.28474E-2 1.23993E-2 1.17333E-2 1.1488E-2 1.24634E-2 1.27818E-2 1.21663E-2 1.38659E-2 2.29086E-2 -9999
5.58788E-3 5.63078E-3 5.68643E-3 5.71713E-3 5.78554E-3 6.24938E-3 7.49924E-3 9.6329E-3 1.17969E-2 9.10911E-3 1.02472E-2 1.11774E-2 1.48553E-2 1.08108E-2 6.27677E-3 7.56471E-3 7.18494E-3 7.2125E-3 7.12232E-3 6.86417E-3 6.23523E-3 5.86747E-3 5.63966E-3 5.72092E-3 6.0642E-3 6.11512E-3 6.23349E-3 6.63798E-3 6.84141E-3 6.99273E-3 7.83707E-3 8.76698E-3 8.96098E-3 9.00281E-3 8.94922E-3 8.68063E-3 6.87432E-3 6.94718E-3 7.55136E-3 8.41284E-3 9.4517E-3 1.05676E-2 1.17563E-2 1.28602E-2 1.38606E-2 1.47556E-2 1.51271E-2 1.47077E-2 1.41699E-2 1.24595E-2 1.10107E-2 1.06056E-2 1.05372E-2 9.61691E-3 9.92214E-3 1.10619E-2 1.53403E-2 2.06009E-2
5.83492E-3 5.86925E-3 5.88732E-3 6.18985E-3 9.43307E-3 9.39214E-3 1.13023E-2 1.48201E-2 8.97996E-3 5.61026E-3 5.14456E-3 6.95311E-3 6.3662E-3 8.47978E-3 7.73298E-3 7.65743E-3 7.63277E-3 7.8093E-3 7.85931E-3 7.34292E-3 6.95842E-3 6.92009E-3 6.93369E-3 7.1707E-3 7.31076E-3 7.26549E-3 7.38483E-3 7.51897E-3 7.5951E-3 7.65647E-3 8.12685E-3 8.55395E-3 8.88778E-3 8.95659E-3 9.15705E-3 7.91229E-3 7.70219E-3 7.47029E-3 7.63017E-3 8.14389E-3 8.89596E-3 9.80763E-3 1.09201E-2 1.18548E-2 1.27082E-2 1.36244E-2 1.43202E-2 1.4506E-2 1.33354E-2 1.17306E-2 1.02774E-2 8.89811E-3 8.40381E-3 8.8462E-3 9.72403E-3 1.08381E-2 1.16759E-2 1.26315E-2
5.9645E-3 6.64586E-3 9.86252E-3 1.43626E-2 9.10419E-3 6.82929E-3 5.29245E-3 8.38072E-3 7.69618E-3 7.61499E-3 7.64514E-3 7.63643E-3 7.64813E-3 7.8925E-3 7.98583E-3 7.97129E-3 7.90774E-3 7.81504E-3 7.89575E-3 7.69829E-3 7.60267E-3 7.67051E-3 7.82418E-3 7.78577E-3 7.83775E-3 8.01167E-3 8.41535E-3 8.42193E-3 8.14732E-3 8.31923E-3 8.50421E-3 8.70254E-3 9.20926E-3 9.4025E-3 8.53636E-3 8.17031E-3 8.119E-3 7.99556E-3 8.06092E-3 8.18349E-3 8.5784E-3 9.12582E-3 9.88837E-3 1.08148E-2 1.18565E-2 1.2364E-2 1.21722E-2 1.10749E-2 9.14377E-3 8.30164E-3 7.67717E-3 7.32477E-3 8.0575E-3 8.62138E-3 9.15597E-3 9.73767E-3 1.01723E-2 1.09255E-2
7.86872E-3 1.17187E-2 1.58829E-2 4.78577E-3 7.97529E-3 7.803E-3 7.83382E-3 7.51424E-3 7.61786E-3 7.73113E-3 7.85924E-3 7.66757E-3 7.4319E-3 7.52689E-3 7.76217E-3 8.05431E-3 8.07545E-3 7.93366E-3 8.08905E-3 8.2839E-3 8.33356E-3 8.35404E-3 8.17784E-3 7.98766E-3 8.24603E-3 8.45874E-3 8.62854E-3 8.26625E-3 8.59804E-3 8.60493E-3 8.64089E-3 8.88554E-3 9.42469E-3 9.45758E-3 8.125E-3 8.33285E-3 8.41964E-3 8.43209E-3 8.39001E-3 8.34792E-3 8.46205E-3 8.78255E-3 8.95263E-3 9.1968E-3 9.70762E-3 9.31021E-3 7.54984E-3 6.22673E-3 5.54863E-3 5.83468E-3 6.47362E-3 7.20083E-3 7.72573E-3 7.95022E-3 8.271E-3 8.95298E-3 9.33764E-3 1.03921E-2
1.1457E-2 8.93596E-3 1.71381E-2 1.03214E-2 4.72208E-3 8.40977E-3 7.91336E-3 7.66103E-3 7.7628E-3 7.90044E-3 8.05156E-3 8.12612E-3 8.27624E-3 8.45173E-3 8.52869E-3 8.48283E-3 8.49618E-3 8.87433E-3 8.99879E-3 9.1041E-3 9.2279E-3 9.45081E-3 9.44048E-3 8.98322E-3 8.78742E-3 8.80402E-3 8.64151E-3 7.95392E-3 7.89756E-3 8.05558E-3 8.15419E-3 8.30178E-3 8.77494E-3 9.29775E-3 8.7693E-3 7.77713E-3 7.71862E-3 7.58257E-3 7.7409E-3 8.17121E-3 7.97078E-3 6.8602E-3 6.21197E-3 5.64879E-3 5.04549E-3 4.66696E-3 4.56029E-3 4.90744E-3 5.32567E-3 6.45632E-3 7.52877E-3 7.82569E-3 8.53665E-3 9.40876E-3 1.05775E-2 1.18022E-2 1.37258E-2 1.31789E-2
9.31331E-3 1.24932E-2 1.76637E-2 1.59571E-2 1.32686E-2 1.02669E-2 7.1898E-3 6.44398E-3 5.80079E-3 5.24028E-3 5.42025E-3 8.16842E-3 8.97653E-3 7.11529E-3 5.74722E-3 6.77483E-3 8.24489E-3 8.70681E-3 6.28574E-3 6.63785E-3 6.39822E-3 5.10319E-3 8.75141E-3 8.68594E-3 9.31176E-3 9.19582E-3 9.05967E-3 9.36289E-3 9.40953E-3 9.4003E-3 9.46774E-3 9.63527E-3 9.83455E-3 9.8829E-3 9.8968E-3 9.34059E-3 8.56884E-3 7.87938E-3 7.58824E-3 7.86794E-3 8.11924E-3 6.83536E-3 5.74906E-3 5.25247E-3 4.87884E-3 4.63086E-3 4.62231E-3 4.43024E-3 4.39948E-3 5.20896E-3 6.67762E-3 7.81418E-3 9.44188E-3 1.17618E-2 1.40998E-2 1.21781E-2 1.17927E-2 1.24418E-2
5.13275E-3 6.65744E-3 8.33427E-3 8.23832E-3 8.07703E-3 8.28503E-3 8.35484E-3 8.46137E-3 8.42675E-3 8.33416E-3 8.56212E-3 6.23539E-3 4.95486E-3 5.15404E-3 4.90513E-3 4.86484E-3 4.90751E-3 5.14185E-3 5.36843E-3 4.79541E-3 6.05562E-3 7.43284E-3 8.57033E-3 8.2817E-3 8.2438E-3 8.52226E-3 8.52429E-3 8.52975E-3 8.1999E-3 8.01231E-3 7.99761E-3 8.02025E-3 8.24378E-3 8.66527E-3 8.99773E-3 9.14696E-3 8.99461E-3 8.78754E-3 8.35871E-3 7.78393E-3 7.55836E-3 7.55592E-3 7.30184E-3 7.10588E-3 6.89608E-3 6.79795E-3 6.71269E-3 5.71274E-3 4.98791E-3 4.18994E-3 4.54968E-3 6.19252E-3 7.79651E-3 9.46348E-3 1.12809E-2 1.39056E-2 1.23563E-2 1.31914E-2
