data/fh_apparent_fishing_hours.asc
NCOLS 78
NROWS 61
XLLCORNER -149.5
YLLCORNER -28.5
CELLSIZE 1
NODATA_value -999
[rows 0 to 21 of 61, columns 0 to 48 of 78]
1.18385159010601 1.24013745704467 1.30088709677419 1.2965625 1.36297872340426 1.76192307692308 1.43673076923077 1.66571428571429 -999 1.21790322580645 1.22328358208955 1.18142857142857 1.32054945054945 1.11529411764706 0.8 -999 1.27307692307692 -999 -999 -999 -999 -999 -999 -999 1.07 -999 -999 -999 -999 4.11586538461538 1.06448529411765 1.77258154059681 1.22083333333333 -999 -999 -999 -999 -999 -999 -999 -999 -999 -999 -999 -999 -999 -999 -999 -999
1.13141078838174 1.31446428571429 1.2718 1.41764705882353 1.26153846153846 1.55428571428571 1.194 1.71 1.58416666666667 0.988 1.0756 1.2091724137931 1.88085714285714 1.20948717948718 3.171 1.57846153846154 1.04975903614458 1.42076923076923 -999 -999 -999 -999 -999 0.47 0.873333333333333 -999 0.995 0.88125 0.845714285714286 0.901538461538462 0.3125 1.23026172300981 1.34437619961612 -999 -999 2.42421052631579 -999 -999 -999 -999 -999 -999 -999 -999 -999 -999 -999 -999 -999
1.30475 1.00515625 0.8525 -999 1.00727272727273 0.875 -999 -999 1.49026315789474 1.54355555555556 1.00333333333333 1.23 0.9975 1.07571428571429 1.05166666666667 1.38545454545455 0.968 1.03763157894737 -999 0.51 -999 -999 0.7 -999 1.06769230769231 0.883846153846154 0.966521739130435 -999 0.156666666666667 0.77 0.77 0.602857142857143 1.34762790697674 4.2675 1.78116279069767 2.45892307692308 -999 -999 -999 -999 -999 -999 -999 -999 -999 -999 -999 -999 -999
1.04641025641026 1.25548148148148 -999 2.29 0.855 -999 0.973333333333333 1.03444444444444 1.033 -999 -999 -999 1.02272727272727 1.0665 1.24567567567568 1.06802469135802 0.58 1.13349206349206 1.039375 1.00621621621622 0.904375 0.816666666666667 0.952 0.814705882352941 0.91 -999 -999 -999 0.565 -999 6.08 -999 0.3 2.00333333333333 0.358333333333333 2.35441860465116 7.06 -999 -999 -999 -999 -999 -999 -999 -999 -999 -999 -999 -999
1.20852216748768 1.21598393574297 1.69178571428571 1.37242424242424 1.1492 0.915 1.051875 1.32761904761905 -999 0.47 0.843333333333333 0.525 0.921666666666667 0.386666666666667 1.0590625 1.1125 1.14344827586207 1.07555555555556 0.891944444444444 0.926461538461538 0.936346153846154 0.788 0.848 0.946 -999 -999 1.4 -999 -999 -999 8.76166666666667 -999 4.325 0.673333333333333 1.1272 -999 -999 -999 -999 -999 -999 -999 -999 -999 -999 -999 -999 -999 -999
1.47628205128205 1.17734693877551 1.50333333333333 1.11578947368421 -999 1.35980392156863 1.09555555555556 1.33392857142857 1.0225 1.105625 0.692 0.55 0.932777777777778 1.0805 0.935185185185185 0.9975 1.03704697986577 1.06625 0.974230769230769 1.13455555555556 1.0889138576779 0.918205128205128 1.213 -999 -999 -999 -999 -999 -999 -999 -999 -999 -999 1.33289215686274 1.91099447513812 -999 -999 -999 -999 -999 -999 -999 -999 -999 -999 -999 -999 -999 -999
1.32033333333333 1.11966666666667 1.204 1.122 1.45275862068966 1.45980392156863 1.03764705882353 1.81264705882353 1.11481481481481 1.06146341463415 1.04625 0.816818181818182 0.861538461538462 1.12723404255319 1.04655172413793 0.956538461538462 0.948241758241758 0.583333333333333 1.09590909090909 0.948585858585859 0.9765 1.17321428571429 1.19552631578947 1.09 -999 -999 -999 0.07 -999 -999 -999 -999 -999 -999 1.26411764705882 1.08520833333333 -999 1.895 0.776666666666667 -999 -999 -999 -999 -999 -999 -999 -999 -999 -999
1.05051724137931 1.27026315789474 0.73 0.788461538461538 1.043 1.14794871794872 1.63548387096774 1.15739130434783 0.808275862068966 1.17921348314607 1.00446808510638 0.914705882352941 1.0475 1.14512820512821 0.8586 0.9884 1.03968253968254 1 1.55133333333333 1.01777777777778 1.02473684210526 -999 -999 -999 -999 -999 -999 -999 -999 -999 -999 -999 -999 0.76 -999 3.83075376884422 3.69882978723404 5.262 4.34461538461538 0.845 -999 -999 -999 -999 -999 -999 -999 -999 -999
1.22951219512195 1.286875 3.05666666666667 1.52833333333333 1.424 1.39381818181818 0.9025 1.70230769230769 1.17224137931034 1.09375 1.05950819672131 1.11888888888889 1.11770491803279 0.83 0.931538461538462 0.603333333333333 1.15470588235294 1.07384615384615 1.00666666666667 0.95375 -999 -999 -999 -999 -999 -999 -999 -999 -999 -999 -999 -999 -999 15.6102777777778 -999 0.68 2.09871951219512 1.84625730994152 3.91027027027027 1.70703703703704 1.2346511627907 -999 -999 -999 -999 -999 -999 -999 -999
1.10751724137931 1.05027027027027 1.03370689655172 0.985087719298246 1.18039800995025 1.13055555555556 1.14619469026549 1.08 1.03275 1.56595238095238 1.37159663865546 1.16534482758621 1.00536585365854 1.09927536231884 1.08034482758621 1.045 1.07838709677419 0.92 1.08755351681957 0.995 0.345 -999 -999 -999 -999 -999 -999 -999 0.03 -999 -999 -999 -999 -999 -999 -999 2.10291666666667 2.46662790697674 2.97481481481482 2.15086956521739 1.20323529411765 1.15537414965986 3.04269817073171 -999 -999 -999 -999 -999 -999
1.28507462686567 1.04855072463768 1.00659340659341 1.11641791044776 1.20460093896714 1.20538834951456 1.12434210526316 1.141875 0.524 1.2852380952381 1.13660377358491 1.16428571428571 1.2775 1.13405405405405 0.972222222222222 1.04069444444444 1.02848484848485 0.98 -999 -999 -999 -999 -999 -999 -999 -999 -999 -999 -999 -999 -999 -999 -999 -999 -999 0.47 1.245 1.2767032967033 0.947911392405063 1.35912 1.16870588235294 1.11288 1.28632142857143 -999 -999 -999 -999 -999 -999
1.25336879432624 1.09739884393064 1.07587982832618 1.09151219512195 1.20835766423358 1.264375 0.906666666666667 0.92 1.17116279069767 1.0325 1.10857142857143 1.16 1.56916666666667 0.884285714285714 0.967777777777778 -999 2.07 0.91 1.28772727272727 -999 -999 -999 -999 -999 -999 -999 -999 0.555 -999 -999 -999 -999 0.62 0.9275 -999 -999 0.785 1.0376 0.983362068965517 1.05150943396226 0.97225 1.252734375 1.10453125 0.911538461538462 -999 -999 -999 -999 -999
1.07573085846868 1.26482587064677 1.17196930946292 1.46258928571429 1.007 1.46947368421053 1.15083333333333 1.08 0.9812 0.95 0.944545454545455 1.31 -999 -999 0.674 4.26 6.13 -999 -999 -999 0.58 -999 -999 -999 -999 -999 -999 -999 -999 -999 -999 -999 -999 0.75 1.68 1.01375 1.09642857142857 1.05375 1.10367816091954 0.998351648351648 1.19022222222222 1.22448717948718 1.33048780487805 2.51666666666667 -999 -999 -999 -999 -999
1.21206896551724 1.10229249011858 1.1374 0.82 0.79 -999 1 0.958333333333333 1.20571428571429 -999 -999 0.07 0.989090909090909 -999 0.990476190476191 0.63 0.378 -999 -999 -999 -999 -999 -999 -999 -999 1.326 -999 -999 -999 -999 -999 -999 -999 1.16 -999 -999 -999 -999 -999 1.17378787878788 1.08452631578947 1.21884615384615 1.24461538461538 1.01736842105263 0.972444444444444 -999 -999 -999 -999
0.972248062015504 0.988 0.954285714285714 -999 1.1616 0.711428571428571 0.66 0.766666666666667 0.977586206896552 0.916785714285714 -999 0.6 -999 -999 -999 -999 -999 0.917142857142857 -999 -999 -999 -999 -999 -999 -999 1.33333333333333 -999 -999 -999 -999 -999 -999 1.10111111111111 1.26153846153846 -999 -999 -999 -999 -999 1.13196721311475 0.983010752688172 1.08907692307692 1.0101724137931 1.13625 1.32894736842105 -999 -999 -999 -999
0.918888888888889 1.06444444444444 1 -999 -999 1.10428571428571 -999 0.23 1.12 0.944814814814815 0.29 -999 0.76 -999 -999 -999 -999 -999 -999 -999 -999 -999 0.36 -999 -999 -999 -999 -999 0.5275 1.13083333333333 0.94 1.01904761904762 0.982941176470588 1.03774193548387 1.18833333333333 1.01253968253968 0.937746478873239 0.625 1.23702702702703 0.711111111111111 1.02652173913043 1.108 2.7475 1.54 1.38 0.755 1.25625 0.565 -999
-999 1 0.8575 -999 -999 -999 -999 -999 0.775 0.885555555555556 -999 -999 1.03 -999 -999 -999 -999 -999 -999 -999 -999 -999 -999 -999 -999 -999 -999 -999 1.11481481481481 1.38357142857143 1.14189189189189 1.95695238095238 1.088 0.95695652173913 1.00241379310345 1.11822485207101 1.03451612903226 0.985522388059701 0.972444444444444 0.9604 1.01592592592593 0.8944 1.125 1.45 -999 0.716666666666667 -999 -999 1.02666666666667
-999 0.63 0.33 1.03454545454545 -999 -999 -999 -999 -999 -999 0.773333333333333 1.11571428571429 -999 -999 -999 -999 -999 -999 -999 3.96666666666667 3.3 -999 -999 -999 -999 -999 -999 0.808571428571429 0.976 1.238 1.31777777777778 0.950588235294118 0.854375 1.18833333333333 1.00702127659574 1.00811320754717 1.00060975609756 0.96953488372093 1.00254545454545 0.947901234567901 0.987826086956522 0.956 1.47731707317073 1.36675 -999 -999 -999 -999 -999
0.31 1.81954545454545 0.957 0.735 -999 0.997 0.663333333333333 -999 0.9925 -999 -999 1 0.79 0.94 -999 -999 3.01 1.99263157894737 -999 2.62752 2.38826086956522 1.113 -999 -999 -999 -999 -999 0.860769230769231 1.11444444444444 1.4828 1.0775 1.765 1.57421052631579 1.141875 1.3 1.10666666666667 1.11 1.15730769230769 0.9515 1.08 1.31348837209302 1.17421052631579 1.0925 1.88833333333333 0.733333333333333 -999 0.23 -999 0.965
0.992926829268293 0.44 0.503333333333333 0.974 1.098 -999 0.1 -999 -999 -999 -999 0.39 -999 0.966666666666667 0.99375 0.952857142857143 0.756666666666667 1.17 1.17428571428571 2.89928571428571 3.16 1.6066 1.84905172413793 1.82166666666667 -999 0.68 0.935238095238095 1.20711111111111 1.17893081761006 1.20483333333333 1.65375 1.2647619047619 1.41929203539823 1.09458333333333 1.566 1.09777777777778 0.815263157894737 1.05125 1.18595238095238 1.28710144927536 1.09722222222222 0.891 1.2125 1.02090909090909 0.833333333333333 -999 0.92 -999 -999
1.02836363636364 0.63 -999 1.01222222222222 0.967333333333333 0.87 0.9075 0.973 0.3175 0.16 -999 -999 0.995 0.958148148148148 0.858709677419355 1.10714285714286 1.025 1.08909090909091 1.225 1.18760563380282 1.55086956521739 1.75959302325581 1.76446902654867 1.16470588235294 1.49428571428571 1.332 1.031953125 1.17075187969925 1.2808 1.29533707865169 1.27782608695652 1.35639004149378 1.37096774193548 1.34207650273224 1.18329032258065 1.0893567251462 1.16284090909091 0.934193548387097 1.0215625 0.940344827586207 1.0625 0.924736842105263 1.16865384615385 1.2175 1.03333333333333 1.14888888888889 0.99 0.662 1.445
0.896666666666667 1.00875 1.2 1.03375 0.9825 1.27333333333333 1.00142857142857 1.10147058823529 1.02647058823529 0.928275862068966 1.11176470588235 0.739444444444444 0.861860465116279 0.908484848484848 1.01297872340426 1.08816901408451 1.06472222222222 1.16245614035088 1.22844660194175 1.06260563380282 1.19416666666667 1.01456 1.081328125 1.39540229885057 1.07201492537313 1.37472222222222 1.26464788732394 1.15241666666667 1.29912162162162 1.67628571428571 1.39677514792899 1.0872 1.30358490566038 1.2261038961039 1.17424390243902 1.02852272727273 0.981269841269841 1.01653846153846 1.340625 1.0816 0.47 1.14555555555556 0.69 0.856666666666667 1.11777777777778 -999 0.7 -999 -999
