data/fh_apparent_fishing_hours.asc
NCOLS 78
NROWS 61
XLLCORNER -149.5
YLLCORNER -28.5
CELLSIZE 1
NODATA_value -999
[rows 22 to 43 of 61, columns 0 to 48 of 78]
0.53 0.12 0.5725 0.805294117647059 1.0295 0.973 1.14492753623188 1.05848484848485 1.05608 1.13380281690141 0.89030303030303 1.088 0.9785 1.01917808219178 1.02547945205479 1.08775862068966 1.04652482269504 0.978358208955224 1.0732967032967 0.96679012345679 1.1076404494382 0.983055555555556 1.11641791044776 0.992209944751381 1.24520710059172 1.19060606060606 1.13618556701031 1.16933333333333 1 0.988545454545455 1.25418604651163 1.11414634146341 1.15878172588832 1.24074074074074 1.17292682926829 1.05658823529412 0.693243243243243 0.898888888888889 0.686 1.32421052631579 1.29455197132616 0.852307692307692 -999 1.29035714285714 1.21222222222222 1.23142857142857 -999 0.94125 2.48
0.46 0.792 1.03076923076923 0.771818181818182 0.852391304347826 1.00046511627907 1.00289473684211 1.01055555555556 0.964528301886792 1.16027027027027 0.905409836065574 1.01406779661017 1.1458 1.07102189781022 1.02601851851852 0.952241379310345 1.12325581395349 0.947058823529412 0.945 0.972391304347826 1.08527607361963 0.932244897959184 0.916666666666667 0.944705882352941 0.865294117647059 1.06203947368421 1.18861111111111 1.16736842105263 0.894583333333333 0.901428571428571 1.1320652173913 1.11536585365854 1.14618181818182 1.13166666666667 1.11038759689922 0.947027027027027 0.913181818181818 0.8 1.16384615384615 1.09759259259259 1.24823529411765 -999 0.73 -999 -999 1.0695 1.10823529411765 0.826428571428571 0.95
1.12333333333333 0.846842105263158 0.972222222222222 0.653333333333333 1.52 1.01952380952381 1.03962962962963 1.03232142857143 1.00761904761905 0.831578947368421 1.08442307692308 1.01 0.896605504587156 0.924126984126984 1.0445 0.955945945945946 0.975833333333333 1.07525423728814 0.926027397260274 1.3783950617284 0.765952380952381 1.15559523809524 1.03935483870968 1.0048275862069 0.966 1.05632653061224 1.23766666666667 0.864444444444444 1.11 0.949818181818182 0.985161290322581 1.03195652173913 1.02878787878788 1.04108108108108 1.01235294117647 0.846888888888889 1.03848484848485 0.964516129032258 1.04342105263158 0.695 1.03555555555556 1.03307692307692 1.21318181818182 1.15615384615385 1.14916666666667 1.025 0.99 1.03295774647887 1.00959016393443
0.964864864864865 0.88 0.9925 0.920408163265306 0.894266666666667 0.8375 0.922682926829268 0.748 1.01 0.904074074074074 0.947209302325581 0.702 0.805531914893617 0.979285714285714 0.944347826086957 0.950819672131147 0.821052631578947 0.901538461538462 1.12153846153846 1.01421875 0.904090909090909 1.13461538461538 1.28 1.19605633802817 1.13946564885496 1.00378787878788 0.865 0.93859649122807 0.849666666666667 0.655 1.26413043478261 1.08126126126126 0.950810810810811 1.02762711864407 0.896969696969697 1.22703703703704 0.916351351351351 0.972467532467532 0.9656 0.801666666666667 1.00115384615385 1.017 1.09595238095238 1.14490196078431 0.990526315789474 1.07564102564103 1.23309090909091 1.09548387096774 1.23388888888889
1.04247863247863 1.05483050847458 1.06061224489796 0.99743119266055 0.950153846153846 1.03 0.956397058823529 0.868 1.01257575757576 1.08453125 1.07361111111111 0.995205479452055 1.00850746268657 0.950531914893617 0.923684210526316 0.928947368421053 1.11 1.02204545454545 1.13463768115942 0.964651162790698 1.11631578947368 0.828181818181818 0.972714285714286 1.03738636363636 1.09742268041237 1.04425925925926 0.865321100917431 1.0291 0.999634146341463 0.988064516129032 1.10547619047619 1.24257142857143 1.04103896103896 0.965808823529412 0.966906474820144 0.947863247863248 0.942040816326531 0.852857142857143 1.13164556962025 1.27216216216216 1.05870967741935 1.2516393442623 0.984666666666667 1.19 0.917906976744186 1.03857142857143 0.976382978723404 0.967826086956522 0.974195804195804
1.01580589254766 1.00471698113208 0.950735294117647 0.982017543859649 0.997521367521368 0.981385767790262 1.01304545454545 1.03174311926606 0.995666666666667 0.918918918918919 1.10731958762887 1 0.931694915254237 0.999315068493151 0.972098360655738 0.878473895582329 0.95304 1.08242857142857 1.11178947368421 1.02128571428571 1.24323529411765 1.00468468468468 0.92304347826087 1.06317880794702 1.14556603773585 1.0084126984127 0.953690476190476 0.979475524475524 1.07 0.889711538461538 1.01155555555556 1.0900462962963 1.01412621359223 1.09413145539906 1.08969827586207 1.13864197530864 1.00601809954751 0.922066420664207 1.04133105802048 1.56739336492891 1.08356756756757 0.992516129032258 0.929415204678363 1.02979166666667 0.987723577235772 0.970083333333333 1.0016 1.05065868263473 0.977565789473684
1.0683937007874 0.988405466970387 0.971222826086957 1.00968085106383 1.04230769230769 0.93198347107438 0.911284403669725 1.15157894736842 1.14136 0.94755 1.09218543046358 0.992906666666667 0.984421906693712 0.937614678899083 1.00079096045198 0.955990099009901 0.9044 1.11429864253394 1.07402631578947 0.959885057471264 0.96390350877193 1.00393665158371 1.02933884297521 1.04152173913043 0.975241935483871 1.02552631578947 0.961578947368421 1.14652482269504 0.946315789473684 0.889752066115702 0.983497267759563 1.0125 0.918461538461538 1.19472222222222 1.03853448275862 1.14253289473684 1.05476489028213 1.09196832579186 1.0133137829912 1.06045138888889 1.12794701986755 1.08 1.09976109215017 1.12024444444444 1.14219858156028 1.29820069204152 1.06844036697248 1.0489598108747 1.07646324549237
1.12451901565996 0.961461538461538 1.0462213740458 0.97260162601626 0.967874251497006 0.943824884792627 1.00197222222222 0.980584795321637 0.96572972972973 1.02211764705882 1.37421768707483 1.336463878327 1.40955947136564 1.06292834890966 1.65839285714286 1.16838709677419 0.884347826086957 1.14010752688172 1.10106796116505 0.92797385620915 0.944925373134328 0.98981308411215 0.915762711864407 1.004375 0.8190625 0.964516129032258 0.753472222222222 0.9053 0.896909090909091 0.931734693877551 0.956111111111111 0.953307086614173 1.04846153846154 1.02179487179487 1.02444444444444 1.02247126436782 0.967061611374408 0.896962025316456 1.00892376681614 1.04861788617886 1.15060869565217 1.03918367346939 1.10918918918919 1.09305194805195 1.29018604651163 1.14562015503876 0.958805031446541 1.09740740740741 0.976774193548387
1.13320930232558 0.950126582278481 1.0973127753304 0.963076923076923 0.921435897435897 0.977361563517915 0.969830508474576 0.855125 0.849120879120879 0.887636363636364 0.935789473684211 2.40470588235294 1.47962962962963 1.10351851851852 2.00166666666667 1.38604651162791 0.926222222222222 1.07606060606061 0.803684210526316 0.8515 0.91 0.898571428571429 1.00789473684211 1.06421052631579 1.00117647058824 1.04759259259259 1.09507042253521 0.884157303370786 0.903595505617978 0.925442176870748 1.07902702702703 1.09327586206897 1.00506666666667 1.15210526315789 1.20313725490196 0.983076923076923 1.02182608695652 1.09265306122449 1.10537037037037 1.06632653061224 0.97 0.853939393939394 1.00597826086957 1.25070175438596 1.47893617021277 0.99783185840708 1.04033112582781 1.68781818181818 1.03787878787879
1.14892307692308 1.28666666666667 1.116 0.705882352941177 0.54 0.81875 1.03648648648649 0.806363636363636 1.00521739130435 0.949484536082474 0.899756097560976 0.488 0.792222222222222 0.902765957446809 1.1631884057971 0.780888888888889 0.795853658536585 1.02 -999 0.763636363636364 0.950909090909091 0.8875 0.843333333333333 1.111875 0.764705882352941 0.928 1.35973684210526 1.16444444444444 0.776 0.924166666666667 1.20125 1.71201438848921 1.1467680608365 1.59810096153846 1.27313333333333 1.47302158273381 0.985098039215686 1.42613636363636 1.47827272727273 1.11088709677419 0.906907216494845 1.27915309446254 1.21209558823529 1.176328125 1.10746323529412 1.00187301587302 0.983118811881188 1.26984848484848 0.958666666666667
0.959285714285714 0.907741935483871 0.6575 0.07 1.13 1.545 -999 -999 1.09647058823529 0.958387096774194 0.835909090909091 0.844166666666667 0.870625 0.970769230769231 1.1215 1.53565217391304 0.931944444444444 1.372 0.9 1.05 0.415 0.69 0.920625 0.884166666666667 0.792727272727273 1.1372 0.893076923076923 1.20803921568627 1.06887640449438 1.35748251748252 1.51762300762301 2.4575488 2.32389737991266 2.26459568733154 2.11898104265403 1.71670665866827 1.621324828263 1.76080858085809 2.3527811550152 1.07639344262295 1.35015283842795 1.40185734463277 1.45080343213729 1.33755102040816 1.35584725536993 1.11888030888031 1.08142131979695 1.26412121212121 1.15578431372549
0.845 0.97 0.972 0.994285714285714 0.802307692307692 0.980833333333333 1.385 1.0625 0.855909090909091 0.857368421052632 0.98 0.05 0.845294117647059 0.996666666666667 2.42571428571429 0.968953488372093 1.1367770419426 1.10871921182266 0.999159663865546 0.706 -999 0.57 0.8 1.12555555555556 -999 0.581666666666667 1.08714285714286 0.717142857142857 0.8675 1.05192825112108 1.19409090909091 3.09366834170854 2.60743352601156 1.56236994219653 1.22521739130435 0.947978723404255 1.09523076923077 1.12475806451613 1.20384615384615 1.11684210526316 1.10193277310924 1.02098958333333 1.11154166666667 1.75986175115207 1.14355212355212 0.936727272727273 1.25435114503817 1.1212 1.2013768115942
1.26846153846154 1.33719730941704 1.28470899470899 1.31894594594595 1.16514950166113 1.24512077294686 1.01651162790698 1.64279069767442 1.54818181818182 1.20907975460123 1.22073770491803 1.23072727272727 1.3266 1.265 1.01333333333333 1.91230769230769 1.8625 1.19901449275362 1.2476 1.12333333333333 0.62 0.8525 -999 0.502857142857143 0.72 0.855 0.8675 0.843333333333333 0.71 0.957916666666667 1.26241379310345 1.13388888888889 0.960090909090909 0.964888888888889 1.1092 1.35599290780142 1.57432624113475 1.4573512252042 1.61146258503401 1.67939435650379 1.83151385927505 1.44531278331822 1.8490562248996 1.94563612392881 1.83615139949109 1.93217066456941 2.24070524899058 2.77002294104152 2.64151895206243
1.52820328542094 1.31168996188056 1.32802244039271 1.3731906614786 1.18017587939698 1.22703910614525 1.23105769230769 1.24216494845361 1.08497925311203 1.02012437810945 1.02986394557823 1.0318253968254 0.935 1.35916666666667 1.66777777777778 2.76333333333333 1.29184615384615 1.09896226415094 1 1.76 0.781 0.455 0.787142857142857 1.03487804878049 0.365714285714286 0.6675 0.760555555555556 0.939111111111111 1.26189189189189 1.29576923076923 1.13024390243902 1.0330534351145 1.05682242990654 0.985913978494624 1.13362068965517 1.43177121771218 1.72457420924574 1.70364994663821 1.87227710843373 1.93430575035063 1.51887519260401 1.58571274298056 2.10099469496021 1.98518926359257 1.88973138910207 1.69787637698898 1.63940200617284 1.96713371915931 2.64780048493246
1.30402934537246 1.1321837944664 1.06259475218659 1.23811881188119 1.02059139784946 0.987177033492823 0.997719298245614 1.0896694214876 0.950526315789474 0.868571428571429 0.918453608247423 1.00660377358491 1.11091666666667 0.893333333333333 0.927692307692308 0.9718 0.972666666666667 0.984888888888889 1.09363636363636 1.17 1.072 -999 0.44 0.80625 0.956666666666667 0.7975 0.76 0.836 0.960714285714286 1.16466666666667 1.031 0.951363636363636 0.980588235294118 0.837560975609756 0.7856 0.946363636363636 1.15705035971223 1.77402953586498 1.60177121771218 1.59625458996328 1.49591916558018 1.96265039232781 2.15466844919786 1.78822033898305 2.09911764705882 1.40266211604096 1.5558981233244 1.92720159151194 1.47234657039711
1.19757911392405 1.14893525179856 1.13 1.15186104218362 1.44338747099768 1.537375 1.3138683127572 0.965681818181818 0.842222222222222 0.883061224489796 1.04261306532663 1.1296 1.13314685314685 1.1223 0.99044776119403 1.03311827956989 1.08131578947368 1.22361111111111 1.04811320754717 0.929473684210526 0.887105263157895 -999 -999 0.860909090909091 0.84625 -999 0.928571428571428 0.913783783783784 0.845714285714286 0.795833333333333 0.885135135135135 0.826206896551724 1.05172413793103 0.891935483870968 0.794583333333333 0.995572519083969 1.21322274881517 0.95348717948718 1.01209459459459 1.10740740740741 1.26899774774775 2.20787354513998 1.98662910175671 1.90955258001306 1.42308988764045 1.49551150895141 1.63577981651376 1.9925751503006 1.70645220588235
1.16808743169399 1.23661556603774 1.20375668449198 1.20724104549855 1.35010342598578 1.7408085106383 0.835 -999 -999 -999 0.91875 1.29320547945205 1.26219339622642 1.03739952718676 1.0683608815427 1.1135303514377 1.03208459214502 0.986593059936908 1.001171875 1.19020576131687 1.08661577608143 1.23439232409382 2.42203125 0.941666666666667 1.04202702702703 1.01148148148148 0.952755102040816 0.878952380952381 0.951904761904762 0.943030303030303 0.895384615384615 0.976875 0.952391304347826 0.814666666666667 0.972571428571429 0.9319 0.937352941176471 0.994 0.922845528455285 0.985245901639344 1.05178451178451 1.70189591078067 1.95173450678401 1.45535374868004 1.3541935483871 2.19895833333333 2.07239710789766 1.8592807424594 2.00585622443016
1.16752093802345 1.07593461860855 1.15918632075472 1.11748873873874 1.05292682926829 1.03363636363636 -999 -999 -999 -999 0.21 1.04792079207921 1.18085082872928 1.17081274900398 1.27522326064382 1.13652430044183 1.16423611111111 1.1082334384858 1.16530651340996 1.26326889279438 1.05059931506849 1.04717333333333 1.11855971896956 1.01911591355599 1.10708049113233 1.04190327613105 0.952909090909091 1.04254801536492 1.04128846153846 1.05241176470588 1.09585607940447 1.07011834319527 0.999415204678363 1.02536 0.965254237288136 0.978974358974359 1.01456747404844 0.970159744408946 1.01257703081232 1.03315436241611 1.05532846715328 1.06807580174927 1.02965174129353 1.14185185185185 0.958813559322034 2.15252631578947 1.92776859504132 0.900909090909091 1.89284274193548
1.00229235880399 1.2852842377261 1.24218894009217 1.23732849604222 1.11565809379728 -999 0.953333333333333 1.1306204379562 0.969395973154362 0.905 0.06 -999 1.14137566137566 1.32196986607143 1.63678969957082 1.25253435114504 1.30277777777778 1.20902077151335 1.09281746031746 1.1007 1.11350668647845 1.04834319526627 1.08607350096712 1.08799232736573 1.02632183908046 1.09833333333333 1.02898123324397 1.06292024539877 1.09152617568767 1.12746634996041 1.05256983240223 1.02784210526316 1.04816831683168 1.06936123348018 1.03234042553191 1.00079365079365 0.874523809523809 0.926896551724138 0.938666666666667 1.06219696969697 0.968245614035088 1.25372881355932 0.8932 0.929411764705882 0.956086956521739 0.877241379310345 0.973928571428571 0.977727272727273 0.971666666666667
1.06599469496021 1.13797297297297 1.21539234149404 1.23583835341365 1.09540474243663 0.58 -999 1.01509433962264 1.21416445623342 0.980555555555556 -999 -999 -999 1.42414342629482 1.60449896337249 1.12144444444444 1.25012222222222 1.33387096774194 1.14280150753769 1.14360884749709 1.14475384615385 1.26887573964497 1.03491573033708 1.150859030837 1.13481553398058 1.04539682539683 1.07998003992016 1.05645299145299 1.03691954022988 1.05944620253165 1.04074954296161 1.03384057971014 0.988480392156863 0.973885135135135 0.984651162790698 1.07291666666667 1.02323119777159 0.948715083798883 0.976835443037975 0.9221875 0.988636363636364 1.00131578947368 1.1475 0.882857142857143 0.591333333333333 0.343333333333333 0.817272727272727 0.9875 0.972686567164179
1.07191588785047 1.06144578313253 1.29460015232292 1.44732891061453 1.24513626834382 0.936136363636364 0.93969696969697 0.957747035573123 1.09299711815562 0.990695067264574 1.03 0.8225 -999 1.12234042553191 1.49175 1.35139605462822 1.24399355877617 1.22584192439863 1.03782608695652 1.09569033530572 1.1958384013901 1.17618987341772 1.01347368421053 1.03271771771772 1.06885357548241 1.05708571428571 1.0149710982659 1.00328125 1.09146511627907 1.05550847457627 1.06409365558912 1.0354 0.954365781710914 0.951459074733096 0.97957805907173 1.03801020408163 1.03343537414966 1.00772727272727 0.976236559139785 0.963625 1.02632743362832 0.889818181818182 1.01125 0.899166666666667 0.840625 1.06725 0.976857142857143 0.976326530612245 0.794444444444444
1.06877272727273 0.980508474576271 1.369022426682 1.66263543191801 1.5917000556483 1.30463730569948 1.06760925449871 1.12711180124224 0.977333333333333 1.08633802816901 1.01987421383648 0.92 -999 -999 1.1828277817151 1.41868008948546 1.42830601092896 1.21823717948718 1.26109622411693 1.14730722154223 1.4674839302112 1.26893561103811 1.04399574920298 1.11466351829988 1.09818257956449 1.08786299329859 1.10269080234834 1.06365921787709 1.08878527607362 1.06595647193585 1.06436293436293 1.02623188405797 0.974517906336088 0.934656084656085 1.03345762711864 0.976821705426357 1.04462162162162 0.996 0.966023391812865 1.0029 1.05651219512195 1.18693944353519 1.10245989304813 1.06729559748428 0.919450549450549 1.04891891891892 0.964625 0.89675 0.993333333333333
