data/mlotst.asc
NCOLS 78
NROWS 61
XLLCORNER -149.5
YLLCORNER -28.5
CELLSIZE 1
NODATA_value -999
[rows 21 to 41 of 61, columns 0 to 46 of 78]
30.5976123809814 29.6938667297363 28.4960842132568 27.7123279571533 27.7470684051514 27.7674674987793 27.1869468688965 26.5583610534668 25.5561180114746 24.8263530731201 24.5671691894531 24.5618839263916 24.4642963409424 23.7370014190674 23.4009037017822 23.4359359741211 22.4900035858154 21.5731620788574 21.0020694732666 20.46826171875 20.2451000213623 19.704044342041 19.2066078186035 19.4817314147949 19.453462600708 18.8757305145264 18.3169250488281 18.3118057250977 18.8333969116211 18.917781829834 18.8917140960693 18.7438945770264 18.3813037872314 18.4113750457764 18.5462303161621 18.4993991851807 18.5856647491455 18.8331489562988 18.9112663269043 18.9530506134033 18.772819519043 18.8366756439209 18.9387912750244 18.9809856414795 18.8264579772949 18.2929782867432 17.5805797576904
28.0075645446777 27.3673095703125 26.7497329711914 26.5751838684082 26.1221618652344 25.477575302124 25.4553375244141 25.3136425018311 24.7559814453125 24.2823581695557 23.7867813110352 23.6389770507812 23.41748046875 23.0725841522217 22.6419906616211 22.457447052002 21.6308937072754 20.4660511016846 20.0051651000977 19.6899738311768 19.3601417541504 18.9476051330566 18.6613674163818 18.7245712280273 18.4008674621582 18.0942440032959 17.4656848907471 17.2165775299072 17.5201148986816 17.3576965332031 17.1664733886719 17.1867046356201 17.404447555542 17.9251937866211 18.098747253418 17.8560314178467 17.654016494751 17.7284526824951 18.1148300170898 18.3607425689697 18.2660293579102 18.1584777832031 18.1928043365479 18.1543006896973 17.8238391876221 17.1666526794434 16.240701675415
26.8873710632324 26.2162380218506 26.060432434082 25.8239593505859 25.489236831665 25.0612869262695 25.0546245574951 24.847188949585 24.4975166320801 23.9707584381104 23.4418544769287 23.1958141326904 22.644006729126 22.1530838012695 21.7553005218506 21.6464061737061 21.1816177368164 20.4534206390381 20.2566757202148 20.0861930847168 19.7117881774902 19.1232166290283 18.8945236206055 18.7319240570068 18.3608856201172 17.9962978363037 17.2873992919922 16.7861309051514 16.7586421966553 16.8352508544922 16.745059967041 16.6370582580566 16.8040428161621 17.1242904663086 17.2888698577881 17.1558513641357 17.0392532348633 16.9402961730957 17.1087627410889 17.3913860321045 17.3291130065918 16.7927284240723 16.5978412628174 16.3912296295166 16.0836315155029 15.6699390411377 15.0364751815796
28.1898880004883 27.7383441925049 27.4191837310791 27.2236042022705 27.1239223480225 26.7849502563477 26.6161651611328 26.4500732421875 26.2837142944336 26.2459049224854 25.6517105102539 24.8167610168457 24.3326053619385 23.5624485015869 22.9575672149658 23.1761646270752 23.1187438964844 22.5499229431152 22.153923034668 21.6238327026367 21.1037883758545 20.5430068969727 20.2149314880371 19.9295616149902 19.5208396911621 18.9858837127686 18.4615306854248 18.0200710296631 17.8074378967285 17.8177433013916 17.8768882751465 17.8358612060547 17.5174140930176 17.3846130371094 17.4675731658936 17.4357109069824 17.4060459136963 17.1745796203613 17.0428581237793 17.2861309051514 17.4280681610107 16.748176574707 16.2507457733154 15.9978170394897 15.8324594497681 15.5748777389526 15.1318578720093
29.4615421295166 29.4835414886475 29.5945091247559 29.5962409973145 29.6704216003418 29.417594909668 28.6208915710449 28.0287685394287 27.7030429840088 27.9214992523193 27.7871227264404 27.3148536682129 27.1110763549805 26.3948192596436 26.1708221435547 26.4874362945557 26.3929576873779 25.9117088317871 25.0553035736084 24.4215316772461 23.9581241607666 23.3616580963135 22.9433269500732 22.9139156341553 22.6616611480713 22.2799472808838 22.0252208709717 21.892110824585 21.76540184021 21.2669448852539 20.9313793182373 20.8199787139893 20.6663379669189 20.2679500579834 19.8811473846436 19.5058631896973 19.4241542816162 19.3997135162354 19.2742614746094 19.1042385101318 19.1423168182373 18.734281539917 18.5123043060303 18.2856273651123 18.1897945404053 18.1325149536133 17.5464458465576
30.1849689483643 30.0559864044189 30.2477550506592 30.1998805999756 30.2157344818115 30.1558799743652 29.106014251709 27.9457397460938 27.7457103729248 28.2034206390381 28.3077392578125 27.8131275177002 27.7812881469727 27.8174591064453 27.9635639190674 28.0368347167969 27.7917671203613 27.1390686035156 26.5536594390869 26.3939342498779 26.5961418151855 26.2552318572998 26.3853034973145 26.52219581604 26.3688259124756 26.2577838897705 26.2487335205078 26.2051658630371 25.8382320404053 25.4320125579834 25.2842559814453 24.8693237304688 24.6916885375977 24.0948905944824 23.4224586486816 23.0093288421631 23.2520313262939 23.6632862091064 23.3303394317627 22.7183799743652 22.263053894043 21.9830760955811 22.239372253418 22.5009784698486 22.6291522979736 22.6149482727051 22.0522499084473
29.3875617980957 29.007776260376 29.3202800750732 29.5662651062012 30.0015430450439 30.1506576538086 29.3977661132812 28.2329120635986 28.1088256835938 28.4743461608887 28.4631309509277 27.5933933258057 27.0583782196045 27.4703044891357 27.7188034057617 27.4361610412598 27.2771492004395 27.0574073791504 26.7895832061768 26.8626575469971 27.6345272064209 27.7910709381104 28.4488296508789 28.242166519165 27.8240547180176 28.0753421783447 28.2945594787598 28.266227722168 28.1020793914795 27.8157138824463 27.6833915710449 27.4963321685791 27.6615333557129 27.1568756103516 26.9625759124756 26.771936416626 27.0060939788818 27.7936553955078 27.1470851898193 25.7979011535645 25.3822231292725 25.5515785217285 25.6030406951904 25.9486274719238 26.392915725708 26.3606662750244 25.8899078369141
28.0629501342773 27.7163639068604 27.6832523345947 28.2398777008057 28.7347526550293 28.7304821014404 28.0334148406982 27.4820613861084 27.5724277496338 27.6248741149902 27.4120349884033 26.7855014801025 26.297571182251 26.169490814209 26.5931282043457 26.6579685211182 27.0226974487305 26.8675308227539 26.6998596191406 26.6568908691406 27.0679836273193 27.37912940979 28.1284027099609 28.2467575073242 27.9067287445068 28.1098709106445 27.8628845214844 27.3524131774902 27.3170585632324 27.7613792419434 27.8774757385254 27.8004703521729 28.0007343292236 28.4176387786865 28.8828792572021 29.2177104949951 29.4798431396484 29.4524269104004 28.7055206298828 27.5016784667969 27.2770576477051 27.7596549987793 27.982837677002 27.7985744476318 27.7813034057617 27.7554416656494 28.1484718322754
27.7221851348877 27.1821441650391 26.7056465148926 26.8833999633789 27.2207736968994 27.2831993103027 27.0896263122559 26.9319820404053 27.1381454467773 27.0947532653809 26.6988506317139 26.4406147003174 26.4107570648193 26.2620334625244 26.5810241699219 26.3219585418701 26.4458351135254 26.1901092529297 26.0898189544678 25.9648056030273 25.914966583252 26.0338268280029 26.2389965057373 26.5157127380371 26.6944923400879 26.7778587341309 26.2934379577637 25.9221591949463 25.8975582122803 26.1061611175537 25.9182567596436 25.6535739898682 25.9948043823242 26.7905616760254 27.6760520935059 28.4355068206787 28.7226123809814 28.5781650543213 27.9973239898682 27.6148376464844 27.4803771972656 27.9136562347412 28.2825889587402 28.3714561462402 28.1983795166016 28.3884181976318 28.7039852142334
26.4232425689697 25.939754486084 25.2998027801514 25.211893081665 25.397912979126 25.3706188201904 25.2770709991455 25.0797710418701 25.2638034820557 25.3466625213623 25.0964279174805 24.8634433746338 24.9122219085693 25.0377979278564 25.0716247558594 24.7650089263916 24.7002735137939 24.6978054046631 24.55641746521 24.1490783691406 23.8373794555664 23.5113906860352 23.1639862060547 23.2527256011963 23.3610782623291 23.3059120178223 23.2776927947998 23.0689659118652 23.1155281066895 22.9107704162598 22.7366523742676 22.6434955596924 22.812816619873 23.352991104126 23.9450569152832 24.0008068084717 23.67067527771 23.6849060058594 23.4450778961182 23.3850479125977 23.2681159973145 23.5399284362793 24.0966663360596 24.4578018188477 24.6726779937744 24.964635848999 25.2161903381348
23.0644836425781 22.7721462249756 22.541446685791 22.0756015777588 21.9739322662354 22.0035095214844 21.6112937927246 21.2187423706055 21.2710380554199 21.3110256195068 21.1451969146729 20.8751697540283 20.6339149475098 20.5536098480225 20.5288581848145 20.3215579986572 20.0307922363281 20.0944881439209 20.0355110168457 19.7748184204102 19.5093078613281 19.0963497161865 18.6628112792969 18.5738620758057 18.5021572113037 18.2440376281738 18.113862991333 17.8889102935791 17.802152633667 17.6229705810547 17.6439571380615 17.6146240234375 17.5239562988281 17.7013339996338 17.7225933074951 17.3813743591309 17.101390838623 17.217414855957 17.2873020172119 17.0600852966309 16.8752117156982 17.0922603607178 17.5340423583984 17.8971214294434 18.243896484375 18.5748405456543 18.9308032989502
18.7717399597168 18.4912738800049 18.0705451965332 17.593334197998 17.2626457214355 17.2213306427002 17.036600112915 16.9077968597412 16.9813671112061 16.9188632965088 16.5419368743896 16.017032623291 15.6866731643677 15.4558629989624 15.2542390823364 15.0541400909424 14.9457206726074 14.9273176193237 14.8883333206177 14.8186454772949 14.6589059829712 14.5189151763916 14.3237648010254 14.1151437759399 13.9510545730591 13.7521724700928 13.5719347000122 13.4309759140015 13.3012437820435 13.2001419067383 13.1864252090454 13.1930980682373 13.1765241622925 13.1848096847534 13.139778137207 12.9966611862183 12.9110040664673 12.8982725143433 12.8667964935303 12.701807975769 12.5578651428223 12.5652027130127 12.6623048782349 12.7465591430664 12.8891868591309 13.0909118652344 13.305850982666
19.8659133911133 19.4746646881104 18.8899822235107 18.2696151733398 17.7697048187256 17.5613479614258 17.3702640533447 17.1121616363525 16.7827167510986 16.4610805511475 16.0512104034424 15.5837306976318 15.2287521362305 14.9402046203613 14.6849794387817 14.5086536407471 14.4159374237061 14.3169660568237 14.1936779022217 14.0951557159424 14.0241413116455 13.9252672195435 13.7638731002808 13.518253326416 13.2395629882812 13.0360507965088 12.8888187408447 12.7006788253784 12.48073387146 12.2849655151367 12.1476936340332 12.1092824935913 12.106053352356 12.077428817749 12.0060863494873 11.9356412887573 11.8270425796509 11.7114448547363 11.6223678588867 11.5425968170166 11.4818143844604 11.3903036117554 11.3635816574097 11.3934268951416 11.4832887649536 11.5895519256592 11.6488628387451
28.5881881713867 27.9938220977783 27.2511558532715 26.5157012939453 26.0967617034912 25.787805557251 25.1586856842041 24.3916816711426 23.3697566986084 22.8198566436768 22.3395175933838 22.0371227264404 21.559061050415 20.9431266784668 20.3592834472656 20.1878490447998 20.0815391540527 19.877534866333 19.3787059783936 19.1007213592529 18.8461894989014 18.3555946350098 17.8469944000244 17.4518508911133 17.1112098693848 16.591947555542 16.0860481262207 15.7041988372803 15.3833827972412 15.1832790374756 14.8341550827026 14.6427431106567 14.7260856628418 14.655237197876 14.3521747589111 13.9963035583496 13.647120475769 13.4759740829468 13.2660465240479 12.8807725906372 12.6703519821167 12.4884166717529 12.3840112686157 12.4051275253296 12.4687280654907 12.5190143585205 12.4689149856567
34.5232200622559 33.9483451843262 33.4847373962402 33.2196731567383 33.0039558410645 32.2636260986328 31.7041072845459 31.280740737915 30.4363842010498 29.7725086212158 28.9388256072998 28.2184047698975 27.8506393432617 27.5370025634766 26.7180023193359 26.2757091522217 26.0722332000732 25.8985328674316 25.4878616333008 25.3350524902344 25.0478534698486 24.2522563934326 23.1733531951904 22.6885089874268 22.310489654541 21.7765026092529 21.5112895965576 21.3698024749756 21.1099491119385 20.7776126861572 20.2070178985596 19.8569221496582 19.8368434906006 19.3859386444092 18.7137699127197 18.1783981323242 17.5904541015625 17.0435886383057 16.3583469390869 15.610876083374 15.277551651001 15.0216102600098 14.8750085830688 15.0763111114502 15.274245262146 15.2301988601685 15.0664834976196
36.3579521179199 35.9938545227051 35.7063064575195 35.2251434326172 34.9230041503906 34.3461418151855 34.0290451049805 33.9531593322754 33.7266807556152 33.1315612792969 32.3730773925781 31.8235092163086 31.3904399871826 30.9903335571289 30.351921081543 30.2957286834717 30.3503646850586 29.9877052307129 29.6113910675049 29.2459716796875 28.626127243042 27.6153812408447 26.6681461334229 26.1827621459961 25.9773826599121 25.8127994537354 25.9540176391602 26.0033893585205 25.4747200012207 24.7288417816162 24.0569267272949 23.555233001709 23.3412265777588 22.7974052429199 22.2662887573242 21.5765609741211 20.5982627868652 19.8026752471924 19.3645076751709 19.0752544403076 18.8410911560059 18.4346904754639 18.0577507019043 18.1755847930908 18.2936000823975 17.8922367095947 17.6365661621094
37.868335723877 37.4369735717773 37.0249786376953 36.7226066589355 36.536003112793 36.2045631408691 35.86474609375 35.9172401428223 36.0637969970703 35.4677810668945 34.8447189331055 34.6993942260742 34.338005065918 33.9636917114258 33.7250900268555 33.7711753845215 33.8524322509766 33.4032249450684 32.7909164428711 32.2235260009766 31.4024810791016 30.6874866485596 30.3990898132324 30.2726058959961 30.0013217926025 29.7844390869141 29.4903163909912 29.1337451934814 28.6937236785889 28.1387615203857 27.4986534118652 26.6990985870361 26.1143760681152 25.7275772094727 24.8499908447266 23.942813873291 23.4045162200928 22.7327270507812 22.2639827728271 22.6320266723633 23.1840724945068 22.7750453948975 22.1247711181641 21.9926357269287 22.0484085083008 21.6230144500732 20.9692649841309
39.7556343078613 39.7871017456055 38.9418144226074 38.7850341796875 38.9990310668945 39.1236572265625 39.1415634155273 39.1137809753418 39.4584808349609 39.2992134094238 39.127613067627 38.8730697631836 38.5354843139648 38.2960968017578 38.4529876708984 38.925594329834 39.2327194213867 38.8154144287109 37.9366073608398 37.1814880371094 36.5717582702637 36.3015632629395 35.9917984008789 35.8616523742676 36.1277542114258 36.4973907470703 36.002498626709 34.8361892700195 33.8837623596191 33.7480125427246 33.1336860656738 32.1222915649414 31.3177547454834 30.6487941741943 29.7354488372803 28.8421268463135 28.6563835144043 28.2392921447754 27.4625701904297 27.9518795013428 28.577974319458 27.9654788970947 27.3004570007324 26.6076221466064 26.2827644348145 26.1800212860107 25.5447063446045
42.4432525634766 42.5405120849609 41.5615425109863 40.8216438293457 41.5087738037109 41.8813667297363 42.1208076477051 42.3944511413574 42.740650177002 42.9960517883301 42.5637969970703 42.1432418823242 41.8484077453613 41.9975128173828 42.4629592895508 42.9214134216309 43.3849029541016 43.16845703125 42.331974029541 41.7069091796875 41.9706687927246 42.5384559631348 42.5037422180176 42.0497360229492 42.1881141662598 42.1811027526855 41.8617210388184 40.7560653686523 39.3585815429688 39.143238067627 38.6707191467285 37.6498947143555 37.3325271606445 36.7441177368164 36.230842590332 35.8370552062988 35.4914398193359 35.57666015625 35.6546897888184 35.5201301574707 34.7804183959961 33.7293395996094 32.4686622619629 31.9330234527588 31.4972648620605 31.723991394043 31.0276927947998
43.2148551940918 43.2380599975586 43.148136138916 42.3378143310547 42.2321662902832 42.435848236084 42.3922538757324 42.604564666748 43.2324523925781 44.1627464294434 43.732063293457 43.6926574707031 43.6838836669922 43.3686065673828 43.8590240478516 44.3403244018555 44.0703544616699 44.0182571411133 43.7240028381348 42.9949264526367 43.8154945373535 44.6980094909668 44.8246536254883 44.6883850097656 43.8824005126953 42.8686447143555 42.4521865844727 42.1629867553711 40.7941360473633 39.9758033752441 39.9100494384766 39.9975357055664 40.2734909057617 40.694953918457 40.38916015625 39.9533958435059 39.3895606994629 39.6871337890625 39.5781211853027 39.4206123352051 38.8259925842285 38.0786094665527 37.0797271728516 36.8172492980957 36.6928443908691 36.7361373901367 35.7945098876953
42.7607345581055 43.1632041931152 42.797737121582 41.863712310791 40.5962944030762 41.1085014343262 41.4841499328613 40.850471496582 40.7047386169434 41.8079071044922 42.5135116577148 43.417236328125 44.3391151428223 44.3273468017578 44.6733894348145 44.769832611084 43.9709014892578 43.6497840881348 44.491828918457 44.8140602111816 44.9591636657715 45.6910400390625 45.2576293945312 44.7864875793457 44.1085243225098 43.1508522033691 42.5553131103516 42.7530708312988 41.8918418884277 41.0675468444824 41.3584632873535 42.0648078918457 42.0101623535156 42.1251335144043 41.695442199707 41.2443351745605 41.575309753418 41.7399368286133 40.5921974182129 40.3828086853027 40.2061004638672 39.8490371704102 39.4875297546387 38.9877166748047 38.6692695617676 39.0214424133301 38.8236351013184
