data/mlotst.asc
NCOLS 78
NROWS 61
XLLCORNER -149.5
YLLCORNER -28.5
CELLSIZE 1
NODATA_value -999
[rows 0 to 20 of 61, columns 0 to 46 of 78]
42.7507400512695 43.3969802856445 42.2701377868652 41.6157264709473 41.7065887451172 40.6439399719238 40.521541595459 41.6167144775391 39.677906036377 37.6983833312988 38.2324028015137 38.3690490722656 39.3274993896484 39.8260383605957 40.023250579834 38.7468452453613 36.6298675537109 35.5633354187012 36.9222106933594 36.3429870605469 34.9947280883789 32.8692474365234 31.0393829345703 30.0728988647461 28.0475978851318 26.9541835784912 26.609411239624 25.4536399841309 23.4566631317139 19.535177230835 16.1891689300537 14.1120109558105 -999 -999 -999 -999 -999 -999 -999 -999 -999 -999 -999 -999 -999 -999 -999
47.3490219116211 46.2370338439941 44.5663146972656 43.474853515625 43.6618232727051 43.7198448181152 45.0568580627441 43.7863426208496 42.3291473388672 41.5494384765625 41.744930267334 42.3737564086914 43.2695388793945 43.2691497802734 40.087158203125 39.4969444274902 38.2778396606445 36.1311912536621 36.4280395507812 35.8074836730957 34.5783309936523 33.5822296142578 32.7831878662109 31.4841918945312 29.8708610534668 30.1068096160889 30.084587097168 27.8470935821533 25.3303375244141 23.3489894866943 20.4973011016846 17.2398586273193 -999 -999 13.8198680877686 -999 -999 -999 -999 -999 -999 -999 -999 -999 -999 -999 -999
49.8692398071289 50.4967193603516 47.4005661010742 45.3775482177734 45.6108627319336 45.6481132507324 45.7825126647949 44.6558532714844 44.6115036010742 45.1699409484863 45.4453239440918 44.9409675598145 44.8203620910645 42.546817779541 39.5359039306641 38.5826034545898 37.7563896179199 36.302360534668 36.6671104431152 36.340503692627 36.2345695495605 36.3807792663574 36.079044342041 35.4017562866211 34.3030204772949 33.8181114196777 32.8563537597656 30.7370223999023 29.3377780914307 27.4189052581787 24.034610748291 20.814754486084 17.7447376251221 -999 20.2093696594238 21.7375545501709 -999 -999 -999 -999 -999 -999 -999 -999 -999 -999 -999
50.1469230651855 50.8271865844727 49.5244445800781 48.2816390991211 46.8739624023438 44.8444938659668 43.9745101928711 44.2539520263672 44.6459503173828 45.5306205749512 45.7446746826172 45.484073638916 45.5770301818848 44.4060554504395 40.4466857910156 38.6461067199707 38.0660057067871 38.2169990539551 37.6520462036133 37.7573013305664 38.1551284790039 38.4206581115723 37.7072944641113 37.189998626709 36.9950904846191 34.91748046875 32.9643135070801 32.9896087646484 32.889705657959 30.6201210021973 26.1454448699951 23.5467185974121 20.9784030914307 16.8523845672607 -999 -999 21.632495880127 -999 -999 -999 -999 -999 -999 -999 -999 -999 -999
47.0965309143066 47.7185134887695 48.1099853515625 47.8049621582031 47.4603271484375 46.5506362915039 45.2693290710449 46.065128326416 46.9121627807617 47.1586112976074 47.5817375183105 46.9086723327637 45.7099075317383 42.2228202819824 39.4605903625488 38.6077537536621 38.515869140625 37.3840179443359 37.5194778442383 38.0713768005371 38.8793144226074 39.4497756958008 38.6785621643066 37.6849937438965 38.2713088989258 36.6600227355957 34.3057174682617 33.7697906494141 33.868896484375 32.2346267700195 28.2835140228271 25.606653213501 22.9965934753418 19.36598777771 15.9123516082764 -999 20.2446823120117 -999 -999 -999 -999 -999 -999 -999 -999 -999 -999
42.6118087768555 44.2336082458496 45.3526039123535 45.8304862976074 46.2674560546875 47.1546325683594 48.0361251831055 48.3744659423828 48.6949996948242 48.481616973877 47.2651329040527 45.9091110229492 43.8262100219727 41.1184921264648 39.6301803588867 38.8588027954102 38.0905494689941 37.7507171630859 38.1374816894531 38.0734176635742 37.5000953674316 37.0277137756348 38.099967956543 38.3152770996094 37.2302513122559 36.8194847106934 35.1280288696289 33.4486961364746 32.8844261169434 30.8753852844238 29.0679931640625 27.1060562133789 24.6945343017578 21.9522914886475 -999 -999 -999 19.8017730712891 -999 -999 -999 -999 -999 -999 -999 -999 -999
42.888744354248 43.7240371704102 43.9948883056641 45.1524620056152 45.8718872070312 47.4880867004395 47.7300834655762 47.8620071411133 47.6103134155273 47.7969741821289 47.1898460388184 45.8108215332031 43.785717010498 43.7474784851074 43.5534362792969 41.9898452758789 40.7312431335449 39.983283996582 39.5506210327148 38.3314514160156 37.198558807373 37.4109420776367 38.2771759033203 38.2021026611328 36.7839775085449 35.5380706787109 34.1623497009277 32.400936126709 31.1227951049805 29.6869487762451 28.7913017272949 27.413932800293 25.8191356658936 25.4290390014648 22.6361885070801 19.2291889190674 -999 -999 19.1101531982422 15.9258699417114 -999 -999 -999 -999 -999 -999 -999
41.892017364502 43.1153221130371 43.8414688110352 44.7124862670898 45.2400245666504 45.8866691589355 45.5284996032715 45.6485214233398 45.6285591125488 45.3918418884277 46.8427467346191 46.8427200317383 45.8123588562012 45.2199401855469 45.8276290893555 44.7458267211914 44.1725234985352 42.4006881713867 40.6799583435059 39.1046257019043 39.1531753540039 40.6491622924805 39.9124717712402 38.232006072998 36.552619934082 35.6398124694824 34.6808738708496 33.138973236084 31.7207469940186 30.8950595855713 30.1246223449707 28.9552612304688 27.1024551391602 25.7694034576416 25.1316165924072 22.5508422851562 19.1677875518799 -999 20.2286281585693 16.7299995422363 -999 -999 -999 -999 -999 -999 -999
40.3020629882812 42.0714874267578 42.5199546813965 42.6707305908203 43.1692543029785 43.3708801269531 43.905948638916 44.2686767578125 44.0175971984863 43.6408157348633 44.4959182739258 44.3773384094238 44.9534606933594 44.9727821350098 44.7025108337402 43.9625396728516 43.6321678161621 43.3840827941895 41.466911315918 41.2738227844238 40.481876373291 41.0490760803223 40.4724807739258 38.8714599609375 37.0808219909668 35.7931518554688 35.1462020874023 34.360523223877 33.1487617492676 32.3032379150391 31.2096290588379 30.0832538604736 28.3012561798096 26.1019496917725 24.8939476013184 23.8264980316162 21.1393394470215 -999 19.0576858520508 18.1861095428467 15.3960704803467 -999 -999 -999 -999 -999 -999
41.4532356262207 41.3667259216309 40.6465873718262 41.0487327575684 42.3565368652344 42.2546653747559 42.9284553527832 44.067211151123 43.2332763671875 42.160270690918 42.4061164855957 42.0083274841309 42.6315841674805 43.2227401733398 42.7906150817871 43.8737487792969 43.7198066711426 41.4971809387207 41.8658256530762 43.0219612121582 43.2977333068848 42.9115676879883 41.6645202636719 39.1837959289551 36.8806495666504 36.6220359802246 36.9629173278809 36.029972076416 34.8998908996582 33.0055351257324 32.0596923828125 31.0084705352783 28.7107696533203 26.426420211792 24.9938545227051 24.1999397277832 23.0499286651611 20.7681999206543 18.0589809417725 -999 17.2091484069824 15.3072490692139 -999 -999 -999 -999 -999
41.6188125610352 41.5781517028809 40.7171897888184 41.4090461730957 42.334602355957 42.5993347167969 42.2886123657227 42.5797309875488 42.219554901123 41.9234313964844 41.2011375427246 41.0395050048828 41.0305252075195 40.1839256286621 40.0089721679688 41.7430458068848 41.3925704956055 39.795166015625 40.8305473327637 42.2108955383301 42.7744369506836 42.7192306518555 42.3335647583008 39.5189743041992 39.6611328125 39.0282173156738 38.5483779907227 37.4777870178223 36.3095359802246 34.1401138305664 32.1065826416016 30.1687412261963 28.1309185028076 26.6134624481201 25.5683002471924 25.1742496490479 25.9127140045166 24.4536514282227 21.2095489501953 18.3382320404053 18.2466640472412 16.8761672973633 13.5587339401245 -999 -999 -999 -999
39.3873062133789 38.9360237121582 39.2294578552246 40.0008811950684 40.9731750488281 40.448486328125 40.1760406494141 40.4712982177734 41.0425872802734 39.8026237487793 38.8991966247559 39.2818298339844 38.669994354248 38.2326889038086 38.0932769775391 37.6141700744629 38.5880355834961 38.3582344055176 37.3975410461426 39.2874565124512 39.8833694458008 40.1331558227539 41.4079208374023 40.3530464172363 40.5058555603027 38.7643013000488 36.7292137145996 35.5330390930176 34.2598762512207 33.3992309570312 31.1323356628418 29.9043235778809 29.3590755462646 28.4507255554199 26.6401996612549 25.9107055664062 26.8739147186279 25.3646354675293 22.3400764465332 20.0983638763428 18.5099773406982 17.0737972259521 14.1686229705811 10.9708690643311 -999 -999 -999
37.9559669494629 37.3336753845215 36.6211585998535 37.1584320068359 37.7096939086914 37.9923782348633 37.8720741271973 38.8493728637695 38.9856719970703 37.8933143615723 37.4604568481445 37.6277351379395 36.4626579284668 36.302562713623 36.3310508728027 37.6506614685059 38.306209564209 36.7541389465332 35.7718162536621 34.9206237792969 35.0249176025391 34.7380409240723 35.8211479187012 35.8594284057617 35.777473449707 35.0048332214355 33.8157806396484 33.3884963989258 32.0256004333496 31.9262676239014 31.2466735839844 30.7181701660156 29.7994422912598 28.3721351623535 27.0461807250977 26.6132164001465 27.2388706207275 24.9596214294434 22.5453491210938 20.7341976165771 19.4251670837402 18.168643951416 15.205451965332 -999 -999 -999 -999
37.678279876709 37.8564414978027 37.8694725036621 37.7327003479004 36.668628692627 36.7838973999023 35.8695182800293 36.5758781433105 36.4776916503906 35.3434600830078 34.9980163574219 35.5924034118652 35.354850769043 35.8011093139648 36.0947036743164 36.2966003417969 35.3650550842285 33.9816017150879 33.444206237793 33.3939552307129 34.0463943481445 33.1278953552246 32.4642219543457 32.3861351013184 31.6722583770752 30.6478748321533 30.0050354003906 30.0956287384033 28.9480590820312 29.2389526367188 29.4981098175049 28.7276439666748 27.2564506530762 25.935905456543 25.3455486297607 25.6927738189697 25.4098587036133 24.5062770843506 23.0560665130615 21.2932643890381 19.9397468566895 18.6891384124756 16.6750812530518 13.9393587112427 -999 -999 -999
37.805534362793 37.7112922668457 37.7475204467773 38.1745758056641 37.4722290039062 35.7678146362305 34.5249977111816 34.4676094055176 34.8569450378418 34.3088874816895 35.1947746276855 35.3556022644043 35.5849266052246 35.3535308837891 34.9550437927246 35.3256568908691 34.8538780212402 33.0822448730469 31.7087936401367 32.0950813293457 32.5620384216309 31.0595855712891 30.5821418762207 29.8880786895752 29.0688228607178 29.0287990570068 28.4679393768311 27.9065456390381 27.2723693847656 26.6903743743896 25.6806221008301 24.9901714324951 24.8636035919189 24.2161674499512 23.6247978210449 24.6611728668213 25.2847862243652 25.36887550354 23.4827289581299 21.0859470367432 18.9062843322754 18.2169227600098 17.4260330200195 15.6069679260254 13.9029502868652 -999 -999
37.3486824035645 35.7409172058105 35.180061340332 35.615406036377 35.9328918457031 36.0640296936035 36.3621673583984 35.749813079834 34.8476409912109 34.7646636962891 35.5254821777344 35.3556022644043 34.1797409057617 33.234561920166 34.0602073669434 33.8529357910156 32.1215591430664 31.707426071167 31.1752777099609 30.7139053344727 31.055492401123 30.4058933258057 31.2114353179932 30.5730228424072 29.1677722930908 28.5649356842041 27.8772354125977 27.6689052581787 27.4878597259521 25.7829990386963 24.7062816619873 23.7514896392822 23.0740795135498 22.5778045654297 22.3037700653076 23.1139430999756 24.3263473510742 24.1336498260498 22.9665718078613 20.4423885345459 18.1910648345947 17.4470920562744 17.0606575012207 16.4098567962646 15.4802742004395 14.2244749069214 12.9748067855835
36.0888900756836 35.098876953125 33.8893547058105 33.3138542175293 33.9818916320801 34.6940765380859 34.8853759765625 34.8144760131836 34.6318092346191 34.8619918823242 33.9034156799316 33.8168182373047 33.2853507995605 33.1234016418457 33.703125 32.351261138916 30.0420227050781 30.8992862701416 31.5981464385986 30.8475208282471 31.0394992828369 31.0547790527344 30.3131256103516 29.5816535949707 28.7704448699951 27.4509887695312 27.2514133453369 27.4907073974609 26.8583126068115 26.1623134613037 25.352424621582 24.5798778533936 23.5224781036377 22.6304759979248 22.1967582702637 22.4450511932373 22.4103450775146 22.1244659423828 21.0946846008301 19.2268009185791 17.9765205383301 17.0227584838867 17.3847064971924 17.1234550476074 16.355411529541 15.6117687225342 14.6861047744751
34.4077949523926 34.4731674194336 34.4401626586914 34.0392951965332 33.9666900634766 33.7585105895996 33.2296829223633 33.2591781616211 32.7474822998047 32.46044921875 31.680814743042 32.5369834899902 32.4384307861328 31.3734035491943 30.8003120422363 30.1681175231934 29.7003955841064 30.2968463897705 30.675271987915 30.2782249450684 29.8760223388672 29.3057804107666 28.755256652832 28.4369106292725 27.3772163391113 26.7776546478271 26.6956768035889 26.4280433654785 25.9352493286133 26.1416931152344 25.7307472229004 24.7009334564209 23.4340152740479 22.96897315979 22.378625869751 22.1378078460693 21.3032932281494 20.854564666748 20.2941703796387 19.1926422119141 18.2763481140137 17.8627662658691 18.8843097686768 18.8345489501953 17.907283782959 16.8645286560059 15.971752166748
33.196891784668 34.1149063110352 34.2806968688965 33.7229347229004 34.2601509094238 34.0109558105469 32.7770805358887 31.5880718231201 30.6913948059082 30.3672370910645 29.5131053924561 29.3071212768555 29.17236328125 28.3042678833008 28.3214206695557 28.2778911590576 28.021692276001 27.962459564209 28.3240165710449 28.6536979675293 28.152437210083 27.8244495391846 27.7166175842285 27.0551433563232 26.0219421386719 25.6434898376465 25.3812255859375 25.1181621551514 24.7540073394775 24.5731239318848 24.0576648712158 23.2102584838867 22.5049018859863 22.3342609405518 22.0704479217529 21.6558799743652 21.5747623443604 21.0879573822021 20.5527687072754 20.3835544586182 19.9945335388184 19.733081817627 20.0148620605469 19.5988960266113 18.7455272674561 18.094596862793 17.2536926269531
32.380485534668 32.9899826049805 32.7216835021973 32.2702026367188 32.5707244873047 31.86643409729 30.7844429016113 29.7471961975098 29.2977237701416 28.6768169403076 27.6526432037354 27.0971508026123 26.9428100585938 27.0312461853027 26.6153736114502 26.5550575256348 26.406213760376 26.182502746582 25.8500652313232 25.5585918426514 25.3476943969727 25.4784317016602 25.4223480224609 24.7412643432617 23.6685161590576 22.9974308013916 22.6498584747314 22.5284214019775 22.9211654663086 23.2840003967285 22.7193088531494 22.0188083648682 21.3419380187988 21.0818176269531 20.8570251464844 20.6504058837891 21.1519603729248 21.282506942749 21.1556587219238 20.9381446838379 20.3600311279297 20.220386505127 19.9416351318359 19.7650585174561 19.2321510314941 18.6899738311768 17.7407283782959
31.1478595733643 30.236457824707 29.72873878479 29.2605438232422 29.1234741210938 29.4110889434814 28.8519115447998 27.7891788482666 27.3480358123779 26.9376487731934 25.9935836791992 25.3805561065674 25.0159587860107 24.4884166717529 24.1880683898926 24.5477886199951 24.355806350708 23.5404930114746 23.1908855438232 22.9159049987793 22.9115581512451 22.3405284881592 21.9026298522949 21.5135841369629 20.9692707061768 20.5239086151123 20.1383094787598 20.0870819091797 20.7280349731445 21.2050743103027 20.9478225708008 20.5631160736084 19.8331909179688 19.45339012146 19.2518043518066 19.1404724121094 19.7041339874268 19.9437980651855 19.970911026001 19.7986507415771 19.4200439453125 19.2191352844238 19.1700477600098 19.2338886260986 19.2184410095215 18.85964012146 18.3605442047119
