data/nppv.asc
NCOLS 78
NROWS 61
XLLCORNER -149.5
YLLCORNER -28.5
CELLSIZE 1
NODATA_value -999
[rows 21 to 41 of 61, columns 0 to 46 of 78]
3.07817625999451 3.38107466697693 3.85598134994507 4.38203001022339 4.83673858642578 4.95548725128174 5.06487417221069 5.42890596389771 5.75637245178223 5.88908195495605 6.1797046661377 6.51080274581909 6.60014581680298 6.49288368225098 6.61925792694092 6.92633104324341 7.22580289840698 7.39684009552002 7.45573902130127 7.73918771743774 7.95107746124268 8.1604061126709 8.32711029052734 8.3197774887085 8.37610054016113 8.60677623748779 8.78701496124268 9.12349796295166 9.18797969818115 8.94745635986328 8.74382400512695 8.57521820068359 8.18629741668701 7.92427682876587 7.87115049362183 7.91953325271606 8.27729797363281 8.90211963653564 9.54675674438477 10.2813215255737 11.3888492584229 12.5802764892578 13.484601020813 14.5336818695068 15.6386127471924 16.5258827209473 17.2965602874756
3.66868948936462 4.02710914611816 4.53742933273315 5.15119552612305 5.61438322067261 5.71660327911377 5.70261144638062 6.14491415023804 6.59237146377563 6.70144844055176 6.89793348312378 7.17844009399414 7.36111736297607 7.38577318191528 7.36256313323975 7.21803998947144 7.31195163726807 7.64363813400269 7.65858268737793 7.64579486846924 7.79130697250366 8.05180549621582 8.51075267791748 8.81997489929199 8.88021373748779 9.09308528900146 9.26419639587402 9.55416202545166 9.89461517333984 9.78737831115723 9.22211074829102 8.89022350311279 8.532790184021 8.43839550018311 8.49120616912842 8.61937236785889 8.80904960632324 9.10277843475342 9.57156467437744 10.2154178619385 11.4065637588501 12.3285608291626 13.4230976104736 14.874171257019 16.1484260559082 16.7976932525635 16.8263206481934
4.05676794052124 4.23736047744751 4.48607444763184 4.78393316268921 5.14874982833862 5.49612283706665 5.7013840675354 5.92989110946655 6.14581060409546 6.16285133361816 6.19091606140137 6.20365333557129 6.19597482681274 6.3643856048584 6.41633939743042 6.19760227203369 6.11565208435059 6.25911235809326 6.30598306655884 6.3714861869812 6.59595489501953 6.77461862564087 7.11625671386719 7.54864931106567 8.20562839508057 8.72361183166504 8.90031337738037 9.17951202392578 9.35768032073975 9.32774925231934 9.00587940216064 8.59803771972656 8.26760864257812 8.17557811737061 8.42244148254395 8.65508556365967 8.82997131347656 9.07270622253418 9.344482421875 9.70422172546387 10.4655857086182 11.4774646759033 12.4385747909546 13.3882789611816 14.7125616073608 15.6716566085815 16.1309585571289
4.233971118927 4.33553075790405 4.46197938919067 4.54124069213867 4.65716981887817 4.79066324234009 4.94158029556274 4.98369073867798 5.02533912658691 5.07170915603638 5.05229663848877 4.887619972229 4.84800910949707 4.94072389602661 5.0241551399231 4.96034479141235 4.88454008102417 4.86628150939941 5.00004053115845 4.98756122589111 5.01170110702515 5.15827655792236 5.46714782714844 5.94803428649902 6.65269994735718 7.29075622558594 7.70153474807739 7.93274593353271 8.11907482147217 8.22495746612549 8.21612071990967 8.09562397003174 7.90790891647339 7.7454137802124 7.86204051971436 7.96814393997192 8.2251033782959 8.65048599243164 9.05362987518311 9.35641288757324 9.56879615783691 10.3814516067505 11.6184949874878 12.3665904998779 13.1451845169067 13.7796115875244 14.5075426101685
5.12158393859863 5.31346368789673 5.44446182250977 5.41463041305542 5.39889144897461 5.42554426193237 5.41925239562988 5.47532320022583 5.49985074996948 5.51852607727051 5.43606233596802 5.28643608093262 5.169517993927 5.0863208770752 5.12254285812378 5.14102840423584 5.12462711334229 5.08395433425903 5.05692911148071 5.18038511276245 5.28561735153198 5.35334062576294 5.41947507858276 5.68703031539917 6.0751838684082 6.41690301895142 6.76878070831299 7.0560097694397 7.28963947296143 7.53566598892212 7.69927501678467 7.79759645462036 7.71806573867798 7.56489562988281 7.47022438049316 7.43466663360596 7.44461393356323 7.57584285736084 8.00931167602539 8.5565299987793 8.77884864807129 9.27149868011475 10.2025661468506 11.1579236984253 11.8832893371582 12.207709312439 12.675609588623
6.81155967712402 6.86622667312622 6.86310577392578 6.83445978164673 6.84330749511719 6.86537981033325 6.81061124801636 6.82192230224609 6.80556297302246 6.79620409011841 6.72468137741089 6.67720413208008 6.61005783081055 6.52442169189453 6.54584407806396 6.53311491012573 6.57545614242554 6.61971807479858 6.55729579925537 6.57150459289551 6.63743019104004 6.64842081069946 6.66534614562988 6.70779705047607 6.76788330078125 6.8941969871521 7.00666809082031 7.11677932739258 7.25241565704346 7.3594183921814 7.42723560333252 7.48863458633423 7.48755216598511 7.56186246871948 7.51944255828857 7.37284088134766 7.1487603187561 7.02800130844116 7.15418243408203 7.67536878585815 8.20990753173828 8.61499214172363 8.95837497711182 9.50146007537842 10.348069190979 11.0624341964722 11.574423789978
8.1115779876709 8.0498628616333 8.01751708984375 7.99123096466064 7.9502911567688 7.94438743591309 7.91462516784668 8.01759433746338 8.03556537628174 8.04386520385742 8.11546802520752 8.15914916992188 8.05416870117188 7.90321779251099 7.80112791061401 7.81675434112549 7.86564493179321 7.90389108657837 7.92870807647705 7.9269232749939 7.81087923049927 7.74475908279419 7.71457815170288 7.69808197021484 7.66235780715942 7.67259502410889 7.68854475021362 7.6841778755188 7.74361228942871 7.79804134368896 7.85132217407227 7.89304447174072 7.98913145065308 8.06037330627441 8.01996040344238 7.91414785385132 7.75263786315918 7.68174123764038 7.66966390609741 7.74773406982422 8.2415246963501 8.66801834106445 8.93674468994141 9.07026195526123 9.34490013122559 10.1280860900879 10.8661184310913
8.79784965515137 8.76364135742188 8.76449394226074 8.691330909729 8.66362857818604 8.65867614746094 8.65181446075439 8.73606109619141 8.77637958526611 8.79545116424561 8.85397052764893 8.88903045654297 8.79602336883545 8.64293003082275 8.56284332275391 8.60640144348145 8.65478610992432 8.66969871520996 8.68637752532959 8.72396850585938 8.65685844421387 8.55817127227783 8.44466018676758 8.39308452606201 8.39715671539307 8.4350700378418 8.45399570465088 8.48263454437256 8.4849157333374 8.45915126800537 8.52085590362549 8.59219264984131 8.69502258300781 8.71244812011719 8.70472621917725 8.69545364379883 8.72869491577148 8.77562808990479 8.68610668182373 8.73023319244385 9.00331211090088 9.20707988739014 9.3543119430542 9.44389629364014 9.57864379882812 10.0737495422363 10.7012128829956
9.55392837524414 9.52017307281494 9.55803108215332 9.53853797912598 9.55421161651611 9.55818176269531 9.54353809356689 9.59114170074463 9.66114521026611 9.64357757568359 9.61527252197266 9.61013221740723 9.54027557373047 9.48703575134277 9.47508525848389 9.57608413696289 9.69684219360352 9.75757598876953 9.83660316467285 9.85399913787842 9.77932357788086 9.71720218658447 9.64629650115967 9.51566314697266 9.44263172149658 9.50158405303955 9.53539752960205 9.45361042022705 9.42208194732666 9.46529388427734 9.44413661956787 9.4671688079834 9.54175853729248 9.60276699066162 9.65231418609619 9.69636535644531 9.75544166564941 9.78475570678711 9.75825023651123 9.79329204559326 9.90041255950928 9.98214244842529 10.1172580718994 10.263032913208 10.5134162902832 10.8353748321533 11.2531366348267
11.0592288970947 11.0106678009033 11.0428447723389 11.0674676895142 11.0869340896606 11.1401290893555 11.128888130188 11.1066217422485 11.0982637405396 11.0861539840698 11.0350522994995 10.9919834136963 10.9363985061646 10.9069490432739 10.9776496887207 11.1853628158569 11.4328927993774 11.6062383651733 11.6996793746948 11.7698240280151 11.7998571395874 11.8077392578125 11.8088932037354 11.7243633270264 11.6533002853394 11.6328973770142 11.6363878250122 11.552074432373 11.4307279586792 11.4289999008179 11.4199094772339 11.4236812591553 11.497428894043 11.5668668746948 11.6683177947998 11.7698574066162 11.7656984329224 11.7161464691162 11.7526197433472 11.8588838577271 11.9763345718384 12.046667098999 12.0878124237061 12.1555013656616 12.2490062713623 12.3401260375977 12.4710149765015
13.8343267440796 13.9320983886719 13.9654092788696 13.9456424713135 13.9553985595703 14.0721054077148 14.179048538208 14.2530498504639 14.1993064880371 14.1052389144897 14.0101022720337 13.8878870010376 13.8244848251343 13.827465057373 13.820951461792 13.9896001815796 14.3181953430176 14.5819511413574 14.8067865371704 15.0329170227051 15.1543025970459 15.206600189209 15.317099571228 15.5264177322388 15.7228078842163 15.8265924453735 15.7259149551392 15.5913705825806 15.5325193405151 15.5920085906982 15.6476888656616 15.6532649993896 15.6716394424438 15.774395942688 15.9463930130005 16.122278213501 16.169979095459 16.1354656219482 16.1750469207764 16.2321090698242 16.2610569000244 16.2514762878418 16.1286525726318 15.976957321167 15.7989654541016 15.6654558181763 15.6013193130493
17.7827568054199 17.9081039428711 17.9156608581543 17.8088874816895 17.626091003418 17.6026706695557 17.7703666687012 17.8999423980713 17.8030700683594 17.7474021911621 17.7535762786865 17.766242980957 17.8479518890381 18.0756988525391 18.1868171691895 18.1674995422363 18.3621501922607 18.7075634002686 19.0584812164307 19.2847652435303 19.3981342315674 19.5826873779297 19.9314861297607 20.3375873565674 20.6419525146484 20.8053531646729 20.8217430114746 20.7672157287598 20.8625011444092 21.0254745483398 21.0933933258057 21.0523738861084 21.1337738037109 21.394510269165 21.6265735626221 21.7824420928955 21.9942188262939 22.1830463409424 22.2868194580078 22.3193111419678 22.3196277618408 22.3472328186035 22.5045890808105 22.6179618835449 22.5571022033691 22.3399848937988 22.0407047271729
18.9270324707031 18.9156169891357 18.964542388916 18.9717998504639 18.8615379333496 18.7520809173584 18.8472633361816 18.928918838501 18.8759288787842 18.9292240142822 18.9829254150391 19.1233005523682 19.3649196624756 19.6753044128418 19.8571434020996 19.9319705963135 20.1181468963623 20.4168739318848 20.7823543548584 21.1288738250732 21.3623924255371 21.6572685241699 22.159423828125 22.5497817993164 22.7057914733887 22.842248916626 22.9381465911865 22.9891834259033 22.9782428741455 23.100435256958 23.3259296417236 23.5665035247803 23.9269199371338 24.2846050262451 24.638204574585 24.9759731292725 25.0887184143066 25.193431854248 25.2575607299805 25.302490234375 25.4217567443848 25.58229637146 25.9371185302734 26.274715423584 26.4792079925537 26.5222148895264 26.2581691741943
16.0895938873291 16.3570442199707 16.4464931488037 16.421802520752 16.4182300567627 16.4529476165771 16.499568939209 16.5630111694336 16.7023487091064 16.8703193664551 16.9422512054443 17.1046905517578 17.3157539367676 17.5116767883301 17.7014179229736 17.798152923584 17.8964157104492 18.1339874267578 18.4581928253174 18.7247295379639 19.0368843078613 19.5122890472412 20.1103839874268 20.5787906646729 20.7479953765869 20.7365341186523 20.7823810577393 20.8168754577637 20.7264537811279 20.8841228485107 21.1999645233154 21.5398406982422 21.8660507202148 22.1245250701904 22.5202770233154 22.8679981231689 23.0211315155029 23.1539916992188 23.3440628051758 23.6316356658936 23.8944091796875 23.9757823944092 24.1151275634766 24.2886524200439 24.6123104095459 24.8607501983643 24.8739643096924
13.0803089141846 13.2892971038818 13.2620620727539 13.1753797531128 13.2843036651611 13.5518426895142 13.7240171432495 13.8143739700317 13.934100151062 14.1342973709106 14.2369651794434 14.2997951507568 14.489951133728 14.6795978546143 14.764045715332 14.7540912628174 14.8192386627197 15.0230274200439 15.2672481536865 15.5052824020386 15.8138179779053 16.2483978271484 16.6413383483887 16.9905166625977 17.1963024139404 17.1696281433105 17.1479091644287 17.1968517303467 17.2210006713867 17.4031448364258 17.64479637146 17.8728485107422 18.1188449859619 18.4167613983154 18.7500858306885 18.9921340942383 19.3245410919189 19.6472454071045 19.936487197876 20.2014312744141 20.3641223907471 20.3836402893066 20.4515514373779 20.6301555633545 20.9521579742432 21.1619148254395 21.2476253509521
10.740288734436 10.7706441879272 10.7907104492188 10.8728790283203 11.0672702789307 11.2978315353394 11.4447870254517 11.5772457122803 11.7905769348145 12.0388164520264 12.0683059692383 12.0146598815918 12.0817441940308 12.2273931503296 12.334080696106 12.4370517730713 12.5681858062744 12.6906290054321 12.8570327758789 13.1398506164551 13.4340333938599 13.6319007873535 13.8301095962524 13.9851198196411 14.1101541519165 14.1593942642212 14.2968912124634 14.3927841186523 14.4858064651489 14.6441812515259 14.8659572601318 15.0954074859619 15.3224449157715 15.5998630523682 15.8434190750122 16.0564270019531 16.4067363739014 16.6767692565918 16.8457851409912 16.9724578857422 17.0607376098633 17.0575904846191 17.1226425170898 17.3069972991943 17.5221672058105 17.712574005127 17.9233131408691
9.03762340545654 9.03060436248779 9.05956935882568 9.15121078491211 9.31176376342773 9.50409412384033 9.61140060424805 9.68663215637207 9.8261251449585 9.98151779174805 10.0665225982666 10.0920534133911 10.1839179992676 10.3272800445557 10.4734106063843 10.5634250640869 10.6761474609375 10.7962455749512 10.9446363449097 11.0943784713745 11.2246408462524 11.40403175354 11.5869874954224 11.676609992981 11.7975597381592 11.9024810791016 12.0069990158081 12.0994873046875 12.1727561950684 12.2946805953979 12.5096473693848 12.7695455551147 13.0215616226196 13.2980871200562 13.5228462219238 13.7183141708374 13.9206418991089 14.0763263702393 14.1760168075562 14.2537412643433 14.3033494949341 14.2866821289062 14.3299207687378 14.4643821716309 14.6759548187256 15.0317125320435 15.5051498413086
7.77113056182861 7.81161737442017 7.86673069000244 7.9358286857605 8.01306343078613 8.09903907775879 8.16665840148926 8.24644088745117 8.4018440246582 8.53803539276123 8.58639907836914 8.57866096496582 8.6491584777832 8.80220413208008 8.93868064880371 9.01874256134033 9.11526775360107 9.17998218536377 9.23301696777344 9.32535648345947 9.45937061309814 9.6345272064209 9.68987941741943 9.68124580383301 9.73875617980957 9.76305770874023 9.79726886749268 9.87331104278564 9.99432373046875 10.1931896209717 10.3983507156372 10.6738796234131 10.9369602203369 11.147705078125 11.2972803115845 11.4564638137817 11.6668214797974 11.8227529525757 11.9162969589233 11.9939975738525 12.0008039474487 12.0652370452881 12.2818164825439 12.5692987442017 12.8702211380005 13.2340898513794 13.6563453674316
6.86237001419067 6.93565464019775 6.98376703262329 7.00346040725708 6.99009275436401 7.0451078414917 7.16048431396484 7.29565191268921 7.38143014907837 7.41451597213745 7.42172193527222 7.44266605377197 7.50636672973633 7.58090209960938 7.64907884597778 7.74301528930664 7.84193181991577 7.85615730285645 7.89154672622681 8.02720165252686 8.16036605834961 8.21567153930664 8.15844058990479 8.11299800872803 8.18677425384521 8.23702144622803 8.25288963317871 8.3634557723999 8.46802520751953 8.6339864730835 8.86452865600586 9.08819675445557 9.17684745788574 9.36568927764893 9.60033988952637 9.74354457855225 9.86512565612793 9.91414451599121 10.0155029296875 10.2239952087402 10.4178647994995 10.5608291625977 10.8395338058472 11.2422227859497 11.5310659408569 11.8353509902954 12.1505851745605
6.0140814781189 6.08143615722656 6.15272426605225 6.21653461456299 6.27388000488281 6.41538763046265 6.65662002563477 6.93309497833252 7.24846124649048 6.72139644622803 6.58571434020996 6.64320421218872 6.7249755859375 6.77069854736328 6.76549196243286 6.82688474655151 6.92346286773682 6.98159027099609 7.06581497192383 7.17999458312988 7.23835325241089 7.17409420013428 7.07199764251709 7.11604928970337 7.14339923858643 7.1835241317749 7.25589752197266 7.29794406890869 7.38159370422363 7.56417608261108 7.80104541778564 7.98098278045654 8.01567840576172 8.13343143463135 8.22876262664795 8.27681255340576 8.32292556762695 8.27571201324463 8.46611785888672 8.8353328704834 9.01128959655762 9.06311702728271 9.16960906982422 9.41402626037598 9.86391067504883 10.1960172653198 10.405818939209
4.90606594085693 5.03367233276367 5.20330667495728 5.41177272796631 5.5768895149231 5.76775217056274 6.16745901107788 6.88112878799438 8.29995250701904 7.46390819549561 6.2186131477356 6.05008506774902 6.04236745834351 6.03669214248657 6.06078433990479 6.17888259887695 6.31890201568604 6.42252731323242 6.47846508026123 6.44333791732788 6.41005086898804 6.34264516830444 6.3477897644043 6.44264698028564 6.48979616165161 6.55152082443237 6.54732418060303 6.5568790435791 6.69671106338501 6.84598922729492 6.91665315628052 6.91976976394653 6.87763357162476 6.93034791946411 7.01866388320923 7.07639503479004 7.06752824783325 7.08637237548828 7.2592453956604 7.44671440124512 7.58495283126831 7.61294269561768 7.65098857879639 7.79657745361328 8.11752605438232 8.44153022766113 8.68682861328125
