data/nppv.asc
NCOLS 78
NROWS 61
XLLCORNER -149.5
YLLCORNER -28.5
CELLSIZE 1
NODATA_value -999
[rows 0 to 20 of 61, columns 0 to 46 of 78]
0.89065819978714 0.814161658287048 0.741080462932587 0.675572395324707 0.735940933227539 0.742834866046906 0.686244785785675 0.642321586608887 0.59193742275238 0.532680690288544 0.509686052799225 0.490471720695496 0.531399548053741 0.549275457859039 0.584009408950806 0.726364433765411 0.815287470817566 0.960365772247314 1.12750029563904 1.3183788061142 1.61266493797302 2.06591320037842 2.35833811759949 2.93649077415466 4.12161922454834 5.01132488250732 6.51263856887817 8.58385562896729 13.1394882202148 16.7074871063232 11.3177461624146 12.5614976882935 -999 -999 -999 -999 -999 -999 -999 -999 -999 -999 -999 -999 -999 -999 -999
0.957587361335754 0.917136788368225 0.839707851409912 0.662215888500214 0.585040271282196 0.533011674880981 0.52603006362915 0.551433026790619 0.525538563728333 0.504811644554138 0.51839953660965 0.511830925941467 0.535402715206146 0.559189736843109 0.561985194683075 0.636619687080383 0.70626175403595 0.789037466049194 0.942242860794067 1.10765707492828 1.30028212070465 1.50555658340454 1.65576207637787 2.12217903137207 2.82694387435913 3.09242916107178 3.72919845581055 5.52252626419067 7.77779960632324 8.84864902496338 8.98375988006592 9.30443000793457 -999 -999 18.9316883087158 -999 -999 -999 -999 -999 -999 -999 -999 -999 -999 -999 -999
0.909049212932587 0.921834468841553 0.877890229225159 0.745740652084351 0.592741668224335 0.481673389673233 0.490552544593811 0.535819411277771 0.51149320602417 0.505772054195404 0.513696134090424 0.51538473367691 0.49609112739563 0.503559768199921 0.46679699420929 0.497383445501328 0.535047113895416 0.541054427623749 0.641913175582886 0.728899240493774 0.70071816444397 0.704723596572876 0.807686388492584 1.0321683883667 1.28556036949158 1.44828379154205 1.85299777984619 2.79526162147522 3.85126328468323 4.61664772033691 5.45674657821655 6.90147542953491 15.5208368301392 -999 19.8422222137451 22.3010692596436 -999 -999 -999 -999 -999 -999 -999 -999 -999 -999 -999
0.90015983581543 0.878385782241821 0.816558063030243 0.70418393611908 0.615779101848602 0.526010274887085 0.485612869262695 0.472491353750229 0.451811254024506 0.403995037078857 0.397576093673706 0.406078577041626 0.410807996988297 0.435236781835556 0.408644407987595 0.384070038795471 0.353153347969055 0.392912149429321 0.454534947872162 0.478921443223953 0.438843458890915 0.427008748054504 0.470934629440308 0.534303903579712 0.684814393520355 0.810624718666077 1.0774986743927 1.40907788276672 1.79444634914398 2.34054374694824 3.23099970817566 4.61114120483398 9.04327774047852 27.3084468841553 -999 19.9977703094482 21.5953121185303 -999 -999 -999 -999 -999 -999 -999 -999 -999 -999
0.707638263702393 0.714069128036499 0.637584209442139 0.535436987876892 0.51692670583725 0.501632630825043 0.472479492425919 0.431863814592361 0.400600522756577 0.377190262079239 0.36069467663765 0.33848562836647 0.340057820081711 0.356287062168121 0.342110902070999 0.346014976501465 0.335864156484604 0.359148442745209 0.38585501909256 0.365393400192261 0.327518701553345 0.338177770376205 0.33638995885849 0.349922299385071 0.441887050867081 0.576404571533203 0.730005502700806 0.9840008020401 1.24586176872253 1.59127390384674 2.0474636554718 3.13777875900269 6.05444049835205 17.5475845336914 23.3384895324707 -999 25.9981746673584 -999 -999 -999 -999 -999 -999 -999 -999 -999 -999
0.592833638191223 0.577405989170074 0.545972347259521 0.488894313573837 0.46061697602272 0.458711177110672 0.454219251871109 0.432731300592422 0.410119026899338 0.40047824382782 0.355649262666702 0.316145986318588 0.300540000200272 0.296583235263824 0.289383113384247 0.313740611076355 0.317664504051208 0.314854234457016 0.303105294704437 0.30371567606926 0.290988028049469 0.300543278455734 0.298071771860123 0.295668959617615 0.322398513555527 0.385344594717026 0.493074834346771 0.719780206680298 0.938641130924225 1.1401754617691 1.36324203014374 2.1879677772522 4.18944549560547 11.4300527572632 -999 -999 -999 25.2033767700195 -999 -999 -999 -999 -999 -999 -999 -999 -999
0.56638902425766 0.544664323329926 0.50940728187561 0.477592766284943 0.453795611858368 0.440978080034256 0.434233516454697 0.423710972070694 0.398339301347733 0.375732868909836 0.344969630241394 0.32158836722374 0.299731492996216 0.294648289680481 0.287479609251022 0.299109429121017 0.300689309835434 0.288019418716431 0.282979518175125 0.285058319568634 0.279304683208466 0.278352975845337 0.283678770065308 0.295417219400406 0.317323178052902 0.345521479845047 0.397536188364029 0.512096762657166 0.642641544342041 0.778082311153412 0.92555433511734 1.40062856674194 2.2268180847168 4.6644115447998 14.2745161056519 29.2190685272217 -999 -999 25.5552177429199 30.1872749328613 -999 -999 -999 -999 -999 -999 -999
0.545455515384674 0.513519048690796 0.485920906066895 0.466015964746475 0.449976146221161 0.434040367603302 0.418847113847733 0.400963097810745 0.378265559673309 0.358658820390701 0.342825174331665 0.328622579574585 0.311302989721298 0.302341848611832 0.294449836015701 0.292344182729721 0.286825507879257 0.279278993606567 0.274677187204361 0.276967138051987 0.283829122781754 0.289986312389374 0.294302493333817 0.307768315076828 0.32662907242775 0.345645427703857 0.390363186597824 0.473722547292709 0.560669541358948 0.673006594181061 0.820803105831146 1.07013642787933 1.50910580158234 2.37473559379578 4.56467866897583 10.2392120361328 19.3561496734619 -999 21.1359577178955 25.0548191070557 -999 -999 -999 -999 -999 -999 -999
0.547093212604523 0.522387146949768 0.490834474563599 0.463488668203354 0.448805510997772 0.436208873987198 0.420304864645004 0.40409928560257 0.389239251613617 0.370214104652405 0.353379786014557 0.343918174505234 0.332515150308609 0.320763051509857 0.310493111610413 0.300585567951202 0.293239265680313 0.288978666067123 0.28656280040741 0.289820730686188 0.296686053276062 0.304242014884949 0.315304070711136 0.336276650428772 0.349759161472321 0.360759019851685 0.388829976320267 0.450586646795273 0.561807453632355 0.713206231594086 0.878317773342133 0.941899299621582 1.27358841896057 1.74513268470764 2.63986039161682 3.9433605670929 13.3281602859497 -999 19.1356372833252 17.4909648895264 21.1646633148193 -999 -999 -999 -999 -999 -999
0.561258137226105 0.535133600234985 0.500115096569061 0.475782752037048 0.463824599981308 0.44451117515564 0.423875451087952 0.409430742263794 0.402550607919693 0.395966708660126 0.380264312028885 0.3669453561306 0.350031018257141 0.333970099687576 0.325302481651306 0.317843347787857 0.31044140458107 0.313306242227554 0.321527868509293 0.335881918668747 0.346053242683411 0.351591676473618 0.370153963565826 0.376258850097656 0.380923330783844 0.384189903736115 0.411811619997025 0.474753111600876 0.536829650402069 0.642183065414429 0.803558588027954 0.900470435619354 1.0918163061142 1.33268857002258 1.7432609796524 2.89934945106506 6.83427619934082 14.4192428588867 18.8283138275146 -999 13.1885671615601 19.521369934082 -999 -999 -999 -999 -999
0.565015256404877 0.544158756732941 0.506012976169586 0.480384588241577 0.470472812652588 0.455486714839935 0.445419400930405 0.440355867147446 0.438554614782333 0.449380904436111 0.440533429384232 0.408339977264404 0.38568302989006 0.364703893661499 0.356910735368729 0.357991099357605 0.356343954801559 0.361817896366119 0.387171179056168 0.418626308441162 0.431855052709579 0.454247176647186 0.479580789804459 0.508821487426758 0.504352271556854 0.501251876354218 0.493677467107773 0.505332052707672 0.523185789585114 0.596906185150146 0.677687048912048 0.752922117710114 0.843677878379822 1.04588055610657 1.5771689414978 2.77144527435303 4.25818777084351 7.22849130630493 11.094765663147 11.3606863021851 11.2138996124268 12.9725971221924 20.8696842193604 -999 -999 -999 -999
0.583889305591583 0.546219766139984 0.512776851654053 0.49660986661911 0.479523301124573 0.469852417707443 0.469002425670624 0.479352235794067 0.49108225107193 0.514554858207703 0.540275096893311 0.524182438850403 0.4571672976017 0.432326793670654 0.429454207420349 0.445818543434143 0.458508223295212 0.462488681077957 0.497089982032776 0.535459816455841 0.545771837234497 0.569217205047607 0.588254034519196 0.649981617927551 0.697866559028625 0.64351761341095 0.603699088096619 0.600993633270264 0.596264064311981 0.679582536220551 0.739575982093811 0.844940960407257 1.01169216632843 1.38859629631042 1.83868193626404 2.90910768508911 3.64714670181274 5.11861515045166 6.49407052993774 8.10565185546875 8.77838611602783 9.86276912689209 17.7832450866699 42.4352912902832 -999 -999 -999
0.608599901199341 0.576111555099487 0.559013724327087 0.564137160778046 0.530281543731689 0.493739008903503 0.493119180202484 0.518725872039795 0.567421495914459 0.614645540714264 0.693272948265076 0.749034881591797 0.714088916778564 0.685169756412506 0.643382549285889 0.590240955352783 0.606878161430359 0.630738914012909 0.689336061477661 0.752221047878265 0.786841928958893 0.798371315002441 0.7828329205513 0.891561448574066 1.01007425785065 0.93678343296051 0.918034434318542 0.891991794109344 0.858030378818512 0.926584124565125 0.976210951805115 1.08897387981415 1.4347026348114 1.93984711170197 2.42525386810303 3.28371429443359 3.83990955352783 4.6831521987915 5.11951589584351 5.69236516952515 6.9380521774292 8.13043212890625 14.895562171936 36.3467788696289 -999 -999 -999
0.648019909858704 0.661251187324524 0.675209641456604 0.688327789306641 0.636443555355072 0.562445342540741 0.545093774795532 0.582294225692749 0.66506814956665 0.763355374336243 0.831989765167236 0.898059070110321 1.05763053894043 1.09428644180298 1.04782676696777 0.938638627529144 0.941551268100739 0.97567480802536 1.07461106777191 1.26391589641571 1.37162888050079 1.46998131275177 1.47870576381683 1.58948171138763 1.89723932743073 1.89860451221466 1.89017522335052 1.78073799610138 1.56954610347748 1.54148626327515 1.52287304401398 1.56241953372955 1.67991089820862 1.80100274085999 2.30938959121704 3.04248094558716 3.42959237098694 3.97828197479248 4.53624868392944 5.10077428817749 6.1528115272522 7.17101192474365 13.7393074035645 30.8915596008301 -999 -999 -999
0.71532666683197 0.737358033657074 0.790499031543732 0.847400426864624 0.797175705432892 0.729528367519379 0.724257349967957 0.798596262931824 0.891806125640869 0.957030177116394 1.11238491535187 1.20168459415436 1.4154292345047 1.52033603191376 1.5649254322052 1.46793127059937 1.39754104614258 1.51695930957794 1.69908773899078 2.08262038230896 2.45673084259033 2.70155048370361 2.76910543441772 2.60094046592712 2.94281601905823 3.22604608535767 3.24340796470642 3.21163439750671 2.76249551773071 2.4909999370575 2.3217761516571 2.08288025856018 1.96785533428192 1.89806056022644 2.06595587730408 2.96509885787964 3.66067814826965 4.44813346862793 5.08440065383911 5.40884971618652 5.64722776412964 6.38677072525024 9.6043643951416 16.3542327880859 20.2169513702393 -999 -999
0.901012063026428 0.892165958881378 0.951111435890198 1.04945456981659 1.10622692108154 1.09142112731934 1.14709508419037 1.27184760570526 1.31946301460266 1.39474403858185 1.5450736284256 1.72980952262878 1.97807955741882 2.13270282745361 2.39791202545166 2.47989177703857 2.23980832099915 2.33970022201538 2.85233759880066 3.38619804382324 3.57094216346741 3.69141483306885 3.80440640449524 3.72777462005615 3.8809187412262 4.18145847320557 4.49255132675171 4.49617195129395 4.14821815490723 3.84966063499451 3.58492732048035 3.37276172637939 3.01689147949219 2.52156615257263 2.47318840026855 3.25837826728821 3.87355303764343 4.53575325012207 5.37116479873657 5.43748426437378 5.48078918457031 6.42215585708618 7.92243242263794 9.55292797088623 11.1465587615967 13.7788028717041 25.1547889709473
1.1248471736908 1.13262784481049 1.17861413955688 1.30137300491333 1.43640756607056 1.53592300415039 1.61323666572571 1.72498977184296 1.87169146537781 2.06924390792847 2.27679419517517 2.4674506187439 2.64958190917969 2.88764786720276 3.20707011222839 3.46360635757446 3.45934462547302 3.69870185852051 4.14264631271362 4.49241352081299 4.69776487350464 4.75853681564331 4.89761972427368 5.00685739517212 5.12116575241089 5.28981494903564 5.63375043869019 5.61671257019043 5.29650640487671 4.94775772094727 4.71445417404175 4.70417976379395 4.24638843536377 3.66547656059265 3.50229740142822 3.83927059173584 4.38031768798828 4.25904178619385 4.40757751464844 4.49826240539551 4.81185293197632 5.47147750854492 6.35037279129028 7.30700540542603 7.74022722244263 8.69490051269531 9.67245864868164
1.4079692363739 1.51649701595306 1.53880262374878 1.57810199260712 1.71486186981201 1.86672472953796 2.0254533290863 2.19860792160034 2.47331833839417 2.80405306816101 3.01727318763733 3.26786613464355 3.5298388004303 3.75686740875244 4.06177997589111 4.34715747833252 4.68108224868774 4.84346961975098 5.23495578765869 5.71813869476318 6.23586416244507 6.47148132324219 6.627121925354 6.84666681289673 6.92797899246216 6.98597812652588 6.98236656188965 6.72021961212158 6.39803886413574 5.85312938690186 5.67350673675537 5.62601804733276 5.44062328338623 5.58144283294678 5.60926246643066 5.28837299346924 5.2063136100769 4.86296558380127 4.68709087371826 4.84734296798706 5.04172229766846 5.45220279693604 6.44835901260376 7.02329683303833 7.287841796875 7.7258243560791 8.03334426879883
1.80958545207977 1.99924063682556 2.06906843185425 2.06419324874878 2.15814709663391 2.37293720245361 2.62965154647827 2.86936378479004 3.03988313674927 3.26443195343018 3.48316836357117 3.73611283302307 3.85190033912659 4.21850204467773 4.84998750686646 5.28674364089966 5.65692853927612 5.92800951004028 6.35835552215576 6.84345960617065 7.23266077041626 7.58804178237915 7.90478181838989 8.14438247680664 8.3383321762085 8.46625232696533 8.38550853729248 8.05827808380127 7.74698400497437 7.18841934204102 6.85001611709595 6.52160692214966 6.44007062911987 6.57799291610718 6.65973043441772 6.91863346099854 6.67110729217529 6.43171358108521 6.02015924453735 5.72258853912354 5.91401338577271 6.5366415977478 7.30599498748779 8.24431800842285 8.71112632751465 9.22939872741699 9.87052631378174
2.12107920646667 2.24704217910767 2.40654826164246 2.62077140808105 2.95282626152039 3.22516846656799 3.51713585853577 3.79455494880676 3.97460746765137 4.19900274276733 4.28340005874634 4.31050395965576 4.39555311203003 4.75025844573975 5.29204654693604 5.75889158248901 6.02914381027222 6.35379123687744 6.77382659912109 7.20700168609619 7.60255002975464 7.86032295227051 8.16428852081299 8.36651229858398 8.42717742919922 8.75794506072998 8.95440673828125 8.63849067687988 8.30642795562744 8.05584335327148 7.53827238082886 6.9713077545166 6.88607549667358 7.12536430358887 7.28215408325195 7.60129880905151 7.76781749725342 7.94881534576416 7.88345861434937 7.88371086120605 8.03892135620117 8.69306087493896 9.48966407775879 10.3296508789062 11.4251909255981 12.3320016860962 13.205696105957
2.54710006713867 2.6996910572052 2.90356612205505 3.21850109100342 3.79673433303833 4.16824626922607 4.30729055404663 4.57652568817139 4.84015512466431 5.03310775756836 5.21413326263428 5.3331241607666 5.30221557617188 5.4286036491394 5.84760618209839 6.28494215011597 6.50843954086304 6.69728803634644 7.07197380065918 7.43178939819336 7.67591714859009 7.85299396514893 7.99882411956787 7.94247150421143 8.09348201751709 8.54819393157959 8.81918430328369 8.83149528503418 8.49612903594971 8.2848949432373 7.90311717987061 7.61005020141602 7.56468296051025 7.68652486801147 7.63711166381836 7.5038013458252 7.83181381225586 8.58084583282471 9.18898868560791 9.66955280303955 10.5137329101562 11.2451791763306 11.5997848510742 12.4609575271606 13.9414310455322 15.2494010925293 16.3472061157227
