data/so.asc
NCOLS 78
NROWS 61
XLLCORNER -149.5
YLLCORNER -28.5
CELLSIZE 1
NODATA_value -999
[rows 21 to 41 of 61, columns 0 to 46 of 78]
34.1851387023926 34.1750793457031 34.151123046875 34.1049652099609 34.0932350158691 34.0981483459473 34.0843353271484 34.0565032958984 34.0157775878906 33.9813766479492 33.9649963378906 33.9487380981445 33.9293403625488 33.9022636413574 33.8543968200684 33.8342056274414 33.8412666320801 33.8382225036621 33.8218154907227 33.8073692321777 33.809196472168 33.7954788208008 33.7600898742676 33.737720489502 33.7014236450195 33.653450012207 33.5972023010254 33.5213470458984 33.4643859863281 33.4425392150879 33.4240493774414 33.4161949157715 33.44677734375 33.449146270752 33.4197731018066 33.3905029296875 33.3827667236328 33.404109954834 33.4163055419922 33.4367485046387 33.4580764770508 33.4583206176758 33.4567451477051 33.4783020019531 33.5179901123047 33.5676078796387 33.5961990356445
34.0870895385742 34.0863838195801 34.0696830749512 34.0342216491699 34.0079498291016 34.0000457763672 33.9886932373047 33.9782943725586 33.9433822631836 33.9151458740234 33.8967742919922 33.8794784545898 33.8640289306641 33.8503875732422 33.8162727355957 33.7954406738281 33.7892913818359 33.7773132324219 33.7641830444336 33.7227973937988 33.6779289245605 33.6608428955078 33.6540489196777 33.6407890319824 33.6300926208496 33.6123504638672 33.5702171325684 33.5040740966797 33.4430198669434 33.4063758850098 33.3969078063965 33.3860778808594 33.4074440002441 33.4098510742188 33.3487319946289 33.2924461364746 33.2693176269531 33.2987022399902 33.335075378418 33.3445816040039 33.3281402587891 33.3428955078125 33.3708305358887 33.4057273864746 33.4466743469238 33.5204429626465 33.5725250244141
34.1010665893555 34.0814094543457 34.072437286377 34.0565338134766 34.0337791442871 34.0152816772461 33.9989280700684 33.9776153564453 33.94482421875 33.9209213256836 33.9061393737793 33.9004974365234 33.8884086608887 33.8767776489258 33.8635292053223 33.8377494812012 33.8171882629395 33.8010330200195 33.7875671386719 33.7501411437988 33.6897926330566 33.6527061462402 33.655143737793 33.6487503051758 33.6230201721191 33.6010818481445 33.5628242492676 33.5013046264648 33.4700698852539 33.4504661560059 33.4394798278809 33.4238471984863 33.4012832641602 33.3803405761719 33.3455543518066 33.2943572998047 33.2456092834473 33.2352714538574 33.2690925598145 33.285888671875 33.2705841064453 33.2789916992188 33.3168067932129 33.3424224853516 33.3563346862793 33.4253196716309 33.4964256286621
34.2111625671387 34.192741394043 34.1817932128906 34.1739807128906 34.159008026123 34.1363868713379 34.1308860778809 34.138744354248 34.1334381103516 34.1172409057617 34.0940895080566 34.0736808776855 34.0623550415039 34.0481224060059 34.0336875915527 34.0124855041504 33.9907913208008 33.9619178771973 33.9313049316406 33.8922386169434 33.8568115234375 33.8221054077148 33.8043670654297 33.7748947143555 33.7281150817871 33.6905517578125 33.6528930664062 33.6176147460938 33.5934410095215 33.5608749389648 33.5261535644531 33.4924468994141 33.4523048400879 33.4160270690918 33.3896369934082 33.3626480102539 33.3137130737305 33.2654457092285 33.2406730651855 33.2170562744141 33.2222595214844 33.2280769348145 33.2374114990234 33.2441787719727 33.2578773498535 33.2925910949707 33.3421669006348
34.3470153808594 34.3351974487305 34.3376770019531 34.3354377746582 34.3239860534668 34.3087310791016 34.3106994628906 34.3208084106445 34.3266983032227 34.327320098877 34.3138618469238 34.2954635620117 34.2777862548828 34.2594413757324 34.2462463378906 34.2305908203125 34.2199363708496 34.1915702819824 34.1459121704102 34.1100578308105 34.0784721374512 34.0303001403809 33.9899215698242 33.9581985473633 33.9195404052734 33.8908157348633 33.8811798095703 33.880802154541 33.8688278198242 33.8196792602539 33.7485694885254 33.6903038024902 33.641227722168 33.5810470581055 33.5325317382812 33.5014114379883 33.4430694580078 33.3744277954102 33.3136024475098 33.249698638916 33.2322731018066 33.2366714477539 33.2353782653809 33.2319412231445 33.2347068786621 33.246036529541 33.2456436157227
34.5200309753418 34.5134658813477 34.5136375427246 34.5076103210449 34.5016784667969 34.5018272399902 34.5042343139648 34.4933967590332 34.4858665466309 34.478702545166 34.4655990600586 34.4493255615234 34.4364280700684 34.427619934082 34.4164657592773 34.4057731628418 34.3885307312012 34.3518104553223 34.3128318786621 34.2836151123047 34.2575187683105 34.2270851135254 34.2082824707031 34.1836357116699 34.1459121704102 34.1216850280762 34.1217155456543 34.1284294128418 34.0997848510742 34.0586891174316 33.986701965332 33.9117698669434 33.8784484863281 33.8376808166504 33.7995758056641 33.7573699951172 33.7017135620117 33.6283531188965 33.5541229248047 33.4772834777832 33.4144020080566 33.3863220214844 33.3837394714355 33.3776168823242 33.3571434020996 33.3404388427734 33.3141708374023
34.6763305664062 34.6719932556152 34.6670570373535 34.6553802490234 34.6427803039551 34.6350593566895 34.6281814575195 34.6161193847656 34.6037406921387 34.592041015625 34.5812377929688 34.570930480957 34.5604553222656 34.5511474609375 34.5254020690918 34.4927940368652 34.4644393920898 34.435604095459 34.4035301208496 34.381175994873 34.3782730102539 34.3696212768555 34.366096496582 34.340389251709 34.2996978759766 34.2744636535645 34.2701797485352 34.2622337341309 34.2191543579102 34.1785926818848 34.1386795043945 34.1032218933105 34.0756721496582 34.0406494140625 34.0208511352539 33.9818382263184 33.9371528625488 33.9005432128906 33.8335227966309 33.7450942993164 33.6761817932129 33.6370849609375 33.6275825500488 33.6122207641602 33.5717086791992 33.5281295776367 33.4805679321289
34.7804641723633 34.7692451477051 34.7604293823242 34.7443771362305 34.7266044616699 34.7046318054199 34.6852111816406 34.6710662841797 34.6620063781738 34.6631927490234 34.6607131958008 34.6429481506348 34.6232490539551 34.6088218688965 34.5876083374023 34.5619773864746 34.5366172790527 34.5084381103516 34.4830169677734 34.457649230957 34.4412651062012 34.4323577880859 34.4270095825195 34.4022483825684 34.3650588989258 34.3312301635742 34.318717956543 34.3076629638672 34.2579345703125 34.2197151184082 34.2035179138184 34.186279296875 34.1521606445312 34.1155128479004 34.0981216430664 34.0632934570312 34.0194396972656 33.981559753418 33.9317779541016 33.8733367919922 33.8261528015137 33.7982940673828 33.7751998901367 33.7448234558105 33.7026062011719 33.667163848877 33.6176910400391
34.8484878540039 34.832160949707 34.813159942627 34.7941551208496 34.776065826416 34.752758026123 34.7338943481445 34.7186088562012 34.7120704650879 34.7143325805664 34.7064323425293 34.6888885498047 34.6771659851074 34.6645736694336 34.6540107727051 34.6353759765625 34.6062850952148 34.5800399780273 34.5542335510254 34.5265159606934 34.5041694641113 34.4839668273926 34.4619064331055 34.4381332397461 34.406379699707 34.3730964660645 34.3582572937012 34.3398895263672 34.2933502197266 34.2442779541016 34.203067779541 34.167121887207 34.1351737976074 34.1108322143555 34.0934181213379 34.0663108825684 34.0387992858887 34.0014381408691 33.9621276855469 33.9282684326172 33.8991928100586 33.8619041442871 33.8188362121582 33.7798690795898 33.740177154541 33.7013511657715 33.6504402160645
34.8915023803711 34.880069732666 34.8674163818359 34.8536109924316 34.8409080505371 34.8242797851562 34.8076820373535 34.794319152832 34.7857322692871 34.7799606323242 34.7698593139648 34.7575263977051 34.7452049255371 34.7269706726074 34.7131156921387 34.6953659057617 34.6723251342773 34.6536102294922 34.6359214782715 34.6137733459473 34.5841865539551 34.5551986694336 34.5321311950684 34.5076293945312 34.4760971069336 34.4419975280762 34.4191284179688 34.387939453125 34.3496322631836 34.3047866821289 34.2587051391602 34.2143898010254 34.1828422546387 34.1642799377441 34.1464195251465 34.116081237793 34.0815086364746 34.0433235168457 34.0060157775879 33.9736671447754 33.9395294189453 33.8949699401855 33.8476905822754 33.8030319213867 33.7507514953613 33.6970443725586 33.6464881896973
34.9604225158691 34.9484519958496 34.943359375 34.9351005554199 34.9272766113281 34.919792175293 34.9107208251953 34.9015960693359 34.8928680419922 34.8843727111816 34.8702774047852 34.8526763916016 34.8358917236328 34.8155059814453 34.7939414978027 34.7751045227051 34.7595329284668 34.7434959411621 34.7280578613281 34.7084579467773 34.6843605041504 34.6620445251465 34.6421394348145 34.6229133605957 34.6010932922363 34.5679054260254 34.5352020263672 34.504638671875 34.4763336181641 34.4410057067871 34.4063987731934 34.3762283325195 34.3499565124512 34.3276062011719 34.3028411865234 34.2691345214844 34.2285537719727 34.189567565918 34.1545333862305 34.1210784912109 34.0818023681641 34.0375213623047 33.9902801513672 33.9472007751465 33.9019622802734 33.8542938232422 33.8034057617188
35.0632286071777 35.053581237793 35.047119140625 35.0394439697266 35.0324287414551 35.0296020507812 35.0275115966797 35.0232467651367 35.0153427124023 35.0030860900879 34.9857444763184 34.9647598266602 34.9437065124512 34.9288330078125 34.9131965637207 34.8972473144531 34.8839683532715 34.8683967590332 34.8558692932129 34.8460502624512 34.829532623291 34.8117141723633 34.7968330383301 34.7803192138672 34.7625312805176 34.7433166503906 34.7246284484863 34.7060356140137 34.6867599487305 34.6615753173828 34.6337738037109 34.6142311096191 34.6006278991699 34.5858459472656 34.5657615661621 34.5404968261719 34.5092239379883 34.4783401489258 34.4494476318359 34.418888092041 34.3858299255371 34.351432800293 34.3119201660156 34.2691345214844 34.2291259765625 34.1919822692871 34.1510391235352
35.1718978881836 35.1609725952148 35.1502952575684 35.1418266296387 35.1343078613281 35.1310234069824 35.1294860839844 35.1260261535645 35.1199073791504 35.1086235046387 35.0932693481445 35.0768280029297 35.0601615905762 35.0480537414551 35.0352897644043 35.0224838256836 35.0108299255371 34.9990463256836 34.9887924194336 34.9817962646484 34.9733428955078 34.9636268615723 34.953067779541 34.9392318725586 34.9242324829102 34.9086532592773 34.8937606811523 34.8779144287109 34.8600006103516 34.8453369140625 34.8291625976562 34.8162841796875 34.8104972839355 34.8004264831543 34.7847099304199 34.7675857543945 34.7486572265625 34.7295913696289 34.709846496582 34.6894836425781 34.6687545776367 34.6454277038574 34.6164169311523 34.5890121459961 34.5668144226074 34.542797088623 34.5119094848633
35.2342529296875 35.2240562438965 35.213924407959 35.2041778564453 35.1981315612793 35.1950950622559 35.1899871826172 35.182243347168 35.1748733520508 35.1647491455078 35.1530418395996 35.1433181762695 35.1322364807129 35.1211700439453 35.1075172424316 35.0941429138184 35.0824508666992 35.071102142334 35.0622138977051 35.0558013916016 35.0539054870605 35.051887512207 35.038272857666 35.018440246582 35.0000991821289 34.98193359375 34.9668884277344 34.9548530578613 34.9424133300781 34.9331665039062 34.9221801757812 34.9122734069824 34.9096260070801 34.9020118713379 34.8893814086914 34.8731880187988 34.8544158935547 34.8339385986328 34.8166389465332 34.8025360107422 34.7909278869629 34.7769012451172 34.7617340087891 34.7499237060547 34.7443580627441 34.734920501709 34.7164535522461
35.2760696411133 35.2686653137207 35.2583427429199 35.2482986450195 35.2425918579102 35.2361907958984 35.2291793823242 35.2224998474121 35.2127342224121 35.2027473449707 35.1925888061523 35.1821098327637 35.1711082458496 35.1614303588867 35.1510543823242 35.136775970459 35.1244049072266 35.1162300109863 35.1071853637695 35.0983924865723 35.0936851501465 35.0865707397461 35.0700416564941 35.0511627197266 35.0348091125488 35.0157051086426 35.000804901123 34.9932136535645 34.9900245666504 34.9829292297363 34.9688262939453 34.9564323425293 34.9481925964355 34.9393119812012 34.9257392883301 34.9132957458496 34.9021682739258 34.8823356628418 34.858024597168 34.8417053222656 34.835823059082 34.8277435302734 34.8182945251465 34.8137893676758 34.8185958862305 34.8174858093262 34.8040504455566
35.3026580810547 35.2966499328613 35.2877960205078 35.2790451049805 35.2718276977539 35.2609672546387 35.2541236877441 35.2470550537109 35.2368698120117 35.2292976379395 35.2212219238281 35.2097015380859 35.1994667053223 35.1933174133301 35.1848640441895 35.1696891784668 35.1588134765625 35.1509094238281 35.1423301696777 35.1325836181641 35.121337890625 35.104564666748 35.0838813781738 35.0687294006348 35.0555648803711 35.0441589355469 35.0355758666992 35.0313301086426 35.0251655578613 35.0135955810547 34.9980773925781 34.9831695556641 34.9721832275391 34.9622917175293 34.9490737915039 34.9332046508789 34.9233207702637 34.9101104736328 34.8927116394043 34.8863334655762 34.8889846801758 34.8863868713379 34.8791770935059 34.8732147216797 34.8705825805664 34.8653182983398 34.8513107299805
35.3142509460449 35.3083992004395 35.3025245666504 35.294677734375 35.2844123840332 35.2746810913086 35.2649917602539 35.2546157836914 35.2449798583984 35.2325172424316 35.2182655334473 35.2080459594727 35.2019271850586 35.1948318481445 35.1859283447266 35.1745986938477 35.1721267700195 35.1685256958008 35.1613845825195 35.1545333862305 35.1413154602051 35.1232986450195 35.1067810058594 35.0907516479492 35.0751152038574 35.0695114135742 35.0641746520996 35.053897857666 35.0444107055664 35.0360946655273 35.021556854248 35.0063323974609 34.9971618652344 34.9861221313477 34.9686813354492 34.9505958557129 34.9411354064941 34.9412994384766 34.9401206970215 34.9454612731934 34.9479560852051 34.9408798217773 34.9306373596191 34.9196891784668 34.9102973937988 34.9017028808594 34.8890342712402
35.3225479125977 35.3151626586914 35.306282043457 35.2957534790039 35.2863960266113 35.278076171875 35.268627166748 35.2582511901855 35.2493858337402 35.2420501708984 35.2299652099609 35.2158088684082 35.2016143798828 35.1928672790527 35.192512512207 35.1912498474121 35.1927719116211 35.189884185791 35.1797637939453 35.1712379455566 35.1577911376953 35.1360206604004 35.1193809509277 35.1089553833008 35.1011085510254 35.1004295349121 35.0961990356445 35.0856018066406 35.0755653381348 35.0701560974121 35.0596389770508 35.0434379577637 35.0301513671875 35.0164642333984 35.0009346008301 34.989128112793 34.9774894714355 34.9737510681152 34.9838447570801 35.0057106018066 35.0051689147949 34.9900169372559 34.9762878417969 34.9578247070312 34.9402465820312 34.9331703186035 34.9275283813477
35.347095489502 35.3376083374023 35.3195266723633 35.3006858825684 35.2899894714355 35.2839012145996 35.2790374755859 35.2754974365234 35.2743263244629 35.2717323303223 35.2516479492188 35.2308349609375 35.2169914245605 35.2136344909668 35.2181091308594 35.2195243835449 35.2187118530273 35.2083282470703 35.1939430236816 35.173583984375 35.1642799377441 35.1583366394043 35.1523132324219 35.1445426940918 35.134895324707 35.1295776367188 35.1272048950195 35.1206588745117 35.1059455871582 35.101432800293 35.0947227478027 35.0777244567871 35.0707359313965 35.0642013549805 35.0556602478027 35.0546607971191 35.0469970703125 35.0351715087891 35.04345703125 35.0581817626953 35.0485534667969 35.0341835021973 35.0188179016113 35.0043869018555 34.9786720275879 34.9551048278809 34.9477996826172
35.4068450927734 35.3966522216797 35.3872375488281 35.3675994873047 35.3382339477539 35.3249168395996 35.3279991149902 35.324520111084 35.3157844543457 35.3026809692383 35.2847213745117 35.2688827514648 35.2665748596191 35.2619361877441 35.2615776062012 35.2608413696289 35.2483329772949 35.2287445068359 35.2116088867188 35.1925163269043 35.1820373535156 35.1774826049805 35.1775398254395 35.1749572753906 35.1733703613281 35.1696090698242 35.1622695922852 35.1557960510254 35.1395378112793 35.1331214904785 35.1177062988281 35.1114654541016 35.1193885803223 35.1246070861816 35.1243324279785 35.1290397644043 35.122974395752 35.1108703613281 35.1028594970703 35.1080894470215 35.1151504516602 35.1017303466797 35.081672668457 35.0723724365234 35.0515327453613 35.0315628051758 35.0300102233887
35.4966812133789 35.4918556213379 35.4867210388184 35.4685516357422 35.4264869689941 35.4017601013184 35.3957366943359 35.3879013061523 35.3720054626465 35.3450622558594 35.3166465759277 35.300121307373 35.3028411865234 35.3053932189941 35.3044357299805 35.2916717529297 35.2777252197266 35.263355255127 35.2451705932617 35.2424049377441 35.2243957519531 35.2071495056152 35.2053298950195 35.2013320922852 35.2044677734375 35.1953582763672 35.1782646179199 35.1781578063965 35.1864852905273 35.1785545349121 35.1630630493164 35.1642379760742 35.173957824707 35.1753540039062 35.1901588439941 35.1998481750488 35.183479309082 35.1621322631836 35.1626358032227 35.1922073364258 35.2188453674316 35.194465637207 35.1702613830566 35.1627731323242 35.1485557556152 35.1377220153809 35.1528358459473
