data/so.asc
NCOLS 78
NROWS 61
XLLCORNER -149.5
YLLCORNER -28.5
CELLSIZE 1
NODATA_value -999
[rows 0 to 20 of 61, columns 0 to 46 of 78]
34.9292411804199 34.90869140625 34.8752670288086 34.8623123168945 34.8260688781738 34.7233085632324 34.6181983947754 34.5023193359375 34.3937339782715 34.3263397216797 34.2207489013672 34.1206474304199 34.0561180114746 33.9987335205078 33.9252853393555 33.8127517700195 33.7075080871582 33.5655899047852 33.4568099975586 33.3019523620605 33.1845626831055 33.0974807739258 33.0211181640625 32.9913063049316 32.9710922241211 33.0002098083496 33.0534324645996 33.143611907959 33.2634735107422 33.3632164001465 33.3925704956055 33.2944068908691 -999 -999 -999 -999 -999 -999 -999 -999 -999 -999 -999 -999 -999 -999 -999
35.1475372314453 35.1120529174805 35.0707359313965 35.0307807922363 34.9726219177246 34.8570938110352 34.7909774780273 34.6969909667969 34.6128311157227 34.5121154785156 34.3969879150391 34.3102226257324 34.2384986877441 34.1699180603027 34.032600402832 33.918529510498 33.8502235412598 33.6940002441406 33.5535583496094 33.4026260375977 33.3139381408691 33.2276306152344 33.1568756103516 33.0821914672852 33.048999786377 33.0910530090332 33.1420974731445 33.1810340881348 33.2343368530273 33.3082122802734 33.3613204956055 33.3550910949707 -999 -999 35.3737335205078 -999 -999 -999 -999 -999 -999 -999 -999 -999 -999 -999 -999
35.3081741333008 35.2894172668457 35.2096252441406 35.1614570617676 35.1173439025879 35.0247001647949 34.9628105163574 34.8695182800293 34.7573471069336 34.6269721984863 34.542854309082 34.4935340881348 34.4360771179199 34.3194999694824 34.1653671264648 34.0687484741211 34.0060844421387 33.8396186828613 33.6994781494141 33.6035919189453 33.5314903259277 33.4620513916016 33.4169311523438 33.3268814086914 33.2412528991699 33.2121734619141 33.2182922363281 33.2123832702637 33.2306175231934 33.2785301208496 33.3194274902344 33.3484878540039 33.3727416992188 -999 35.6005058288574 35.6501846313477 -999 -999 -999 -999 -999 -999 -999 -999 -999 -999 -999
35.4110717773438 35.4022750854492 35.3496170043945 35.3006935119629 35.2210998535156 35.1053047180176 35.0191268920898 34.9320068359375 34.8338088989258 34.760066986084 34.7027816772461 34.6449241638184 34.5960121154785 34.5110244750977 34.3663139343262 34.2515830993652 34.1414642333984 34.0009460449219 33.8880233764648 33.8047409057617 33.7285079956055 33.6613731384277 33.5814437866211 33.5146026611328 33.438850402832 33.3440246582031 33.3003807067871 33.3298454284668 33.338695526123 33.3257026672363 33.331844329834 33.3408279418945 33.3791656494141 33.4121398925781 -999 -999 35.541820526123 -999 -999 -999 -999 -999 -999 -999 -999 -999 -999
35.4208450317383 35.4054145812988 35.3812408447266 35.3341789245605 35.2568397521973 35.1812973022461 35.0851821899414 35.0073585510254 34.9395561218262 34.8947448730469 34.8236999511719 34.7318801879883 34.6389694213867 34.5197868347168 34.3768615722656 34.2752571105957 34.1796646118164 34.065673828125 33.9710464477539 33.8994674682617 33.8422203063965 33.7717704772949 33.6913185119629 33.6316871643066 33.590747833252 33.5236701965332 33.4444694519043 33.4248352050781 33.4164390563965 33.4115371704102 33.4245796203613 33.4102401733398 33.4115600585938 33.4745597839355 33.5322074890137 -999 35.3817977905273 -999 -999 -999 -999 -999 -999 -999 -999 -999 -999
35.3825531005859 35.3656768798828 35.3421669006348 35.3071937561035 35.2632255554199 35.2204513549805 35.1490669250488 35.0811729431152 35.0145606994629 34.9658279418945 34.8814697265625 34.7875900268555 34.6909141540527 34.5483627319336 34.3904151916504 34.2911911010742 34.1944732666016 34.1452865600586 34.1005630493164 34.0342178344727 33.9435043334961 33.8315200805664 33.7685623168945 33.7249717712402 33.6649284362793 33.5992660522461 33.5247116088867 33.4996528625488 33.5119514465332 33.5107574462891 33.5165901184082 33.4891052246094 33.4969329833984 33.6061134338379 -999 -999 -999 35.2894515991211 -999 -999 -999 -999 -999 -999 -999 -999 -999
35.2947425842285 35.2926216125488 35.2910690307617 35.2692337036133 35.2355499267578 35.2115058898926 35.1618995666504 35.1181564331055 35.0804214477539 35.0385856628418 34.9778747558594 34.8732376098633 34.7739906311035 34.6625709533691 34.5631256103516 34.452205657959 34.359546661377 34.337043762207 34.305591583252 34.203369140625 34.05615234375 33.9645500183105 33.9157295227051 33.8199081420898 33.7454490661621 33.6752014160156 33.622631072998 33.5963363647461 33.5949020385742 33.5704612731934 33.5740623474121 33.5855293273926 33.6116523742676 33.6808700561523 33.7758026123047 33.9793472290039 -999 -999 35.2244033813477 35.0753860473633 -999 -999 -999 -999 -999 -999 -999
35.2000961303711 35.2040863037109 35.2052688598633 35.1878509521484 35.1642837524414 35.1556167602539 35.1170501708984 35.0835266113281 35.0620040893555 35.0384216308594 34.9940719604492 34.9340515136719 34.8628234863281 34.796688079834 34.746997833252 34.6620674133301 34.5752601623535 34.5124473571777 34.4259300231934 34.3051948547363 34.187557220459 34.1244239807129 34.0690727233887 33.9547538757324 33.8635025024414 33.8119659423828 33.7796287536621 33.7435607910156 33.7064323425293 33.6935195922852 33.7078590393066 33.7311172485352 33.7384262084961 33.7343635559082 33.7792510986328 33.9209938049316 34.1145477294922 -999 35.2105331420898 34.9875411987305 -999 -999 -999 -999 -999 -999 -999
35.125301361084 35.1269760131836 35.1239814758301 35.0954055786133 35.0862579345703 35.0708084106445 35.0334663391113 35.0036125183105 34.995433807373 34.9841918945312 34.9543533325195 34.9312934875488 34.9016761779785 34.8684730529785 34.8137435913086 34.740779876709 34.6858711242676 34.6373710632324 34.5244941711426 34.4381141662598 34.3475608825684 34.2513656616211 34.1782646179199 34.1130867004395 34.0315093994141 33.9608840942383 33.9296798706055 33.8906326293945 33.8464469909668 33.8478393554688 33.8501472473145 33.8605461120605 33.854190826416 33.8237190246582 33.8789138793945 33.9824485778809 34.1384925842285 -999 35.0886840820312 34.9726982116699 34.6785697937012 -999 -999 -999 -999 -999 -999
35.0336761474609 35.0381126403809 35.0345191955566 35.017147064209 35.012825012207 34.9894676208496 34.95068359375 34.9289398193359 34.9054412841797 34.878246307373 34.8666801452637 34.8609313964844 34.844367980957 34.8385696411133 34.8128204345703 34.7729644775391 34.7374076843262 34.679141998291 34.5957298278809 34.5317001342773 34.4745445251465 34.4023056030273 34.3499641418457 34.2752418518066 34.163143157959 34.0910949707031 34.0757179260254 34.0416030883789 33.9822273254395 33.9546737670898 33.9695892333984 34.0010757446289 33.9825630187988 33.9533767700195 33.9730987548828 34.0616226196289 34.1723861694336 34.3027420043945 34.3707695007324 -999 34.7162857055664 34.5240173339844 -999 -999 -999 -999 -999
34.9462890625 34.9429702758789 34.9418487548828 34.9309883117676 34.9250793457031 34.9145927429199 34.8790664672852 34.8586502075195 34.8310394287109 34.7926788330078 34.7753372192383 34.782154083252 34.7898292541504 34.7933006286621 34.7649955749512 34.7491798400879 34.7210845947266 34.6691589355469 34.6090393066406 34.5544662475586 34.5322875976562 34.5017700195312 34.4870758056641 34.409423828125 34.3255386352539 34.2791366577148 34.2701187133789 34.2408714294434 34.1538505554199 34.1086006164551 34.1098365783691 34.1004905700684 34.0724639892578 34.0529975891113 34.0840148925781 34.1925010681152 34.3059692382812 34.360523223877 34.4364471435547 34.5784072875977 34.681339263916 34.6392936706543 34.0826530456543 -999 -999 -999 -999
34.8648452758789 34.8668251037598 34.8612670898438 34.8578147888184 34.8587112426758 34.8519744873047 34.8129463195801 34.7818412780762 34.7571868896484 34.7331314086914 34.7163200378418 34.7206382751465 34.720832824707 34.7201652526855 34.709228515625 34.6871147155762 34.6629791259766 34.6357345581055 34.5994834899902 34.5626258850098 34.547794342041 34.532657623291 34.5292587280273 34.5125350952148 34.4972724914551 34.4500389099121 34.4031944274902 34.3468170166016 34.282398223877 34.2873497009277 34.2809143066406 34.2621650695801 34.2685661315918 34.2755546569824 34.2727241516113 34.3154373168945 34.3792877197266 34.4089508056641 34.4814186096191 34.5582656860352 34.5984954833984 34.6399879455566 34.1760063171387 32.5479736328125 -999 -999 -999
34.7743072509766 34.7702140808105 34.7704200744629 34.7764129638672 34.778736114502 34.7719841003418 34.7489738464355 34.7127113342285 34.6856651306152 34.6659049987793 34.6540069580078 34.6482772827148 34.6446342468262 34.6422500610352 34.6372756958008 34.6250610351562 34.6096496582031 34.5936164855957 34.5794143676758 34.5561714172363 34.5304107666016 34.5258598327637 34.5315971374512 34.5235176086426 34.521598815918 34.4864082336426 34.4550666809082 34.423942565918 34.393726348877 34.4151802062988 34.4168701171875 34.4375381469727 34.4634399414062 34.4605102539062 34.4376411437988 34.4394569396973 34.4698448181152 34.4800224304199 34.5274314880371 34.5552749633789 34.5695381164551 34.6090278625488 34.4703483581543 -999 -999 -999 -999
34.6991386413574 34.6884307861328 34.6851844787598 34.6986541748047 34.7083702087402 34.7134666442871 34.7055969238281 34.6712608337402 34.6310958862305 34.5976791381836 34.5786323547363 34.5742073059082 34.5634918212891 34.5573692321777 34.5620651245117 34.5598449707031 34.5490837097168 34.540283203125 34.5279655456543 34.4915390014648 34.4654006958008 34.474235534668 34.4914588928223 34.4908332824707 34.4632530212402 34.4369201660156 34.4131965637207 34.4139442443848 34.4191780090332 34.4383392333984 34.4592628479004 34.4894790649414 34.4827270507812 34.4623336791992 34.4392013549805 34.4672431945801 34.4994277954102 34.4945983886719 34.5041427612305 34.5126686096191 34.5319900512695 34.5776824951172 34.5280532836914 34.3984107971191 -999 -999 -999
34.6423835754395 34.6395416259766 34.6312522888184 34.6362037658691 34.6387023925781 34.6333694458008 34.6286087036133 34.6092109680176 34.5739135742188 34.5292510986328 34.4917411804199 34.4919013977051 34.4942398071289 34.4961967468262 34.4861755371094 34.4749641418457 34.4934692382812 34.4879150390625 34.4420204162598 34.3983001708984 34.3701515197754 34.3852653503418 34.3984642028809 34.3882255554199 34.3512878417969 34.3355674743652 34.3223571777344 34.3104095458984 34.3263969421387 34.3335571289062 34.3600654602051 34.3938751220703 34.3852272033691 34.3703231811523 34.3480567932129 34.366771697998 34.408618927002 34.4274749755859 34.4342842102051 34.4367904663086 34.4390029907227 34.4839515686035 34.4793739318848 34.421085357666 34.3093109130859 -999 -999
34.5829544067383 34.5794715881348 34.5676422119141 34.5655708312988 34.5638580322266 34.5593910217285 34.5552062988281 34.5432281494141 34.5214653015137 34.4922637939453 34.461296081543 34.4480934143066 34.4394836425781 34.4340934753418 34.4314613342285 34.423526763916 34.4143409729004 34.400260925293 34.3650512695312 34.3040199279785 34.2675361633301 34.2668647766113 34.278392791748 34.290584564209 34.2670936584473 34.2264251708984 34.2034759521484 34.1831245422363 34.1962661743164 34.1769104003906 34.1702308654785 34.1847686767578 34.2089767456055 34.2131462097168 34.2166786193848 34.1979866027832 34.2360877990723 34.2821388244629 34.3221282958984 34.3494110107422 34.3274536132812 34.3161735534668 34.2956123352051 34.3073654174805 34.2902908325195 34.1915321350098 33.946891784668
34.4873886108398 34.4774894714355 34.4735488891602 34.4644889831543 34.4629287719727 34.4629020690918 34.4716644287109 34.4618988037109 34.4483261108398 34.4500465393066 34.4357566833496 34.4026260375977 34.3915328979492 34.3699722290039 34.359748840332 34.3551368713379 34.3246307373047 34.2937431335449 34.2802047729492 34.2567863464355 34.2120323181152 34.1848335266113 34.1840972900391 34.1976470947266 34.1824150085449 34.1546974182129 34.1106414794922 34.0679588317871 34.0550918579102 34.0429534912109 34.0253372192383 34.0061836242676 34.012378692627 34.0175170898438 34.0343856811523 34.0372467041016 34.0524826049805 34.0740394592285 34.1073112487793 34.1476821899414 34.1553573608398 34.1236572265625 34.0685119628906 34.0995445251465 34.1146392822266 34.0977592468262 34.1052322387695
34.4234313964844 34.3991622924805 34.3946914672852 34.3978538513184 34.4019393920898 34.3953742980957 34.3802032470703 34.3659439086914 34.3660430908203 34.375617980957 34.3678016662598 34.336181640625 34.3346405029297 34.3059577941895 34.2779769897461 34.2697143554688 34.2528228759766 34.2402458190918 34.2280006408691 34.1860656738281 34.1404495239258 34.1137924194336 34.0945663452148 34.0833969116211 34.0439262390137 34.0024375915527 33.9636192321777 33.932746887207 33.9122428894043 33.8877410888672 33.889892578125 33.8735809326172 33.8467674255371 33.8095359802246 33.8078575134277 33.8295631408691 33.8432006835938 33.8602447509766 33.8910522460938 33.8972053527832 33.9145050048828 33.897876739502 33.8552513122559 33.8490409851074 33.8680877685547 33.8846969604492 33.9081268310547
34.3726119995117 34.340934753418 34.3317375183105 34.3357086181641 34.3595924377441 34.3629951477051 34.3371238708496 34.3014221191406 34.2774429321289 34.2917442321777 34.2841300964355 34.2566604614258 34.2503128051758 34.2132797241211 34.1880416870117 34.174732208252 34.1647415161133 34.1521530151367 34.1448287963867 34.0986976623535 34.0460319519043 33.9950523376465 33.9606552124023 33.9418830871582 33.8921737670898 33.8448638916016 33.8113594055176 33.7744140625 33.7670555114746 33.7562255859375 33.745677947998 33.7354621887207 33.6956253051758 33.6329956054688 33.5918006896973 33.6048889160156 33.6386909484863 33.6763534545898 33.702751159668 33.7134437561035 33.7296257019043 33.726921081543 33.731990814209 33.7328720092773 33.7312431335449 33.7484931945801 33.7528762817383
34.3094444274902 34.2998657226562 34.2994537353516 34.296573638916 34.2927436828613 34.2909278869629 34.2632064819336 34.2246627807617 34.190258026123 34.1856422424316 34.1822357177734 34.1578254699707 34.1542320251465 34.1439208984375 34.1236877441406 34.109546661377 34.092658996582 34.0518951416016 34.0219917297363 33.9925956726074 33.9688262939453 33.9341812133789 33.8935089111328 33.8661460876465 33.8350601196289 33.7853469848633 33.7200241088867 33.6561241149902 33.6331520080566 33.6085357666016 33.605640411377 33.6080856323242 33.5888023376465 33.552417755127 33.5016632080078 33.4765014648438 33.5079460144043 33.5589370727539 33.5860862731934 33.6100959777832 33.6220436096191 33.6349906921387 33.6476058959961 33.6549758911133 33.6600036621094 33.6684455871582 33.676326751709
34.238525390625 34.2283935546875 34.2142143249512 34.2082977294922 34.2019996643066 34.1953620910645 34.1706237792969 34.1383972167969 34.1069946289062 34.0834426879883 34.0622749328613 34.0409812927246 34.0327987670898 34.0213356018066 33.9972763061523 33.9792404174805 33.9820976257324 33.9487228393555 33.9186477661133 33.9078330993652 33.9123077392578 33.8941650390625 33.8612976074219 33.8344421386719 33.7774314880371 33.7027053833008 33.6296806335449 33.5818977355957 33.5522079467773 33.5306091308594 33.5129051208496 33.5156631469727 33.5081100463867 33.4869956970215 33.4651832580566 33.455078125 33.4569854736328 33.4761428833008 33.4969902038574 33.5322685241699 33.5544090270996 33.5528259277344 33.5543327331543 33.5818977355957 33.6057777404785 33.6290092468262 33.6428604125977
