data/thetao.asc
NCOLS 78
NROWS 61
XLLCORNER -149.5
YLLCORNER -28.5
CELLSIZE 1
NODATA_value -999
[rows 21 to 41 of 61, columns 0 to 46 of 78]
26.8660507202148 26.8105659484863 26.7602005004883 26.7183208465576 26.6994209289551 26.7009391784668 26.6969470977783 26.6731872558594 26.6350727081299 26.6284027099609 26.6274089813232 26.6298332214355 26.6591243743896 26.6974506378174 26.7194652557373 26.725643157959 26.7224349975586 26.7362461090088 26.7534408569336 26.8025970458984 26.9027557373047 26.982967376709 27.0459690093994 27.1518573760986 27.209342956543 27.2345180511475 27.3067607879639 27.4280738830566 27.5553951263428 27.6504096984863 27.7359733581543 27.825439453125 27.9188556671143 28.0124473571777 28.1160011291504 28.2191715240479 28.2933120727539 28.3734893798828 28.4476051330566 28.5206623077393 28.6158218383789 28.7157096862793 28.8178520202637 28.9295444488525 29.0403957366943 29.087797164917 29.1030044555664
27.1180362701416 27.0923557281494 27.0666179656982 27.0254974365234 26.9825744628906 26.979211807251 26.9774417877197 26.9684944152832 26.9560832977295 26.959135055542 26.9764442443848 26.9828853607178 27.0050811767578 27.0574893951416 27.0720767974854 27.0846176147461 27.082893371582 27.0698089599609 27.085355758667 27.0933799743652 27.1319751739502 27.2175197601318 27.2968254089355 27.3567771911621 27.4146957397461 27.4681987762451 27.4906387329102 27.546293258667 27.6423740386963 27.7214050292969 27.8049697875977 27.882884979248 27.9661827087402 28.0592517852783 28.1448669433594 28.2109832763672 28.2609920501709 28.3205013275146 28.3931694030762 28.4600658416748 28.5217800140381 28.599048614502 28.6554851531982 28.7174758911133 28.8098182678223 28.849084854126 28.8287162780762
27.472131729126 27.4586601257324 27.4522495269775 27.427318572998 27.3861865997314 27.3631324768066 27.3645801544189 27.3492069244385 27.3383407592773 27.3419952392578 27.3620166778564 27.3738441467285 27.3727722167969 27.3769207000732 27.3826961517334 27.4012565612793 27.4118061065674 27.4254093170166 27.4517650604248 27.4533519744873 27.4492301940918 27.4882621765137 27.5633792877197 27.6091594696045 27.6208629608154 27.6544990539551 27.6867828369141 27.7154502868652 27.7693614959717 27.8241386413574 27.8818664550781 27.9279327392578 27.9828205108643 28.0412406921387 28.105676651001 28.1618309020996 28.2106494903564 28.2552604675293 28.3038806915283 28.3528728485107 28.3958358764648 28.4291477203369 28.4407711029053 28.4520893096924 28.4689502716064 28.5034160614014 28.5039520263672
27.8447265625 27.8191223144531 27.8122596740723 27.8058452606201 27.7899055480957 27.7638397216797 27.744722366333 27.7233009338379 27.7219524383545 27.7394256591797 27.736291885376 27.7265682220459 27.7268199920654 27.7088432312012 27.6931037902832 27.6982822418213 27.7132835388184 27.7303047180176 27.7462139129639 27.7477989196777 27.7324542999268 27.7309436798096 27.7627143859863 27.796236038208 27.7941837310791 27.7947540283203 27.8145046234131 27.8419399261475 27.8710231781006 27.8928146362305 27.9380779266357 27.965446472168 27.9884033203125 28.0193634033203 28.0593223571777 28.101411819458 28.1339302062988 28.1701698303223 28.1905879974365 28.2192134857178 28.2698650360107 28.2949600219727 28.2911338806152 28.2786331176758 28.2637519836426 28.2734355926514 28.2929649353027
28.0526447296143 28.0359668731689 28.0286712646484 28.0231895446777 28.0135059356689 27.9873752593994 27.9557285308838 27.9283561706543 27.8954677581787 27.8867702484131 27.8833904266357 27.8736209869385 27.8739280700684 27.8658428192139 27.8594131469727 27.8638553619385 27.872615814209 27.8814163208008 27.8839988708496 27.8774509429932 27.871524810791 27.8634548187256 27.8644161224365 27.8777942657471 27.8869857788086 27.9009838104248 27.9174346923828 27.9298667907715 27.9361305236816 27.9219589233398 27.9384479522705 27.9707775115967 27.9823226928711 28.0007572174072 28.0247650146484 28.0610599517822 28.0879459381104 28.1025924682617 28.1154918670654 28.1368350982666 28.1791439056396 28.2100563049316 28.2247829437256 28.2270011901855 28.2285766601562 28.2395324707031 28.2502918243408
28.0765647888184 28.044605255127 28.0285205841064 28.0149593353271 28.0002975463867 27.9831886291504 27.9472579956055 27.8946685791016 27.8463230133057 27.832010269165 27.8303680419922 27.8299198150635 27.8273620605469 27.8255023956299 27.8304424285889 27.8250904083252 27.8074359893799 27.7968578338623 27.8005504608154 27.8195209503174 27.8401737213135 27.8430156707764 27.8330230712891 27.8424491882324 27.8648414611816 27.8846015930176 27.9019889831543 27.9002227783203 27.880256652832 27.8582305908203 27.8766841888428 27.9067630767822 27.9235649108887 27.9356155395508 27.9397945404053 27.9583225250244 27.9955539703369 28.0275840759277 28.0524520874023 28.0634231567383 28.0746002197266 28.0884094238281 28.1115093231201 28.1295967102051 28.1517028808594 28.1898307800293 28.2158126831055
27.9223709106445 27.8810901641846 27.8485507965088 27.8183574676514 27.8089962005615 27.8140029907227 27.7822399139404 27.7105541229248 27.6690273284912 27.67311668396 27.676965713501 27.6620864868164 27.6276206970215 27.624719619751 27.6388187408447 27.6139659881592 27.5809650421143 27.5704650878906 27.55712890625 27.5752601623535 27.6121730804443 27.6096458435059 27.6036262512207 27.6187553405762 27.6419715881348 27.6610088348389 27.6615123748779 27.6401329040527 27.6576194763184 27.6623783111572 27.6830711364746 27.7003498077393 27.7099151611328 27.7323322296143 27.7473335266113 27.7697238922119 27.812479019165 27.8489723205566 27.8928318023682 27.9035682678223 27.8957500457764 27.8916988372803 27.9098873138428 27.9324645996094 27.9623756408691 28.0111103057861 28.0485019683838
27.666482925415 27.6240730285645 27.5787353515625 27.5597648620605 27.5561370849609 27.5668544769287 27.5402984619141 27.4835453033447 27.452091217041 27.4401741027832 27.4273910522461 27.410551071167 27.3835773468018 27.3742389678955 27.3838195800781 27.3695220947266 27.3493061065674 27.3232402801514 27.3035163879395 27.3065280914307 27.303747177124 27.281322479248 27.2858657836914 27.3049488067627 27.3134956359863 27.323356628418 27.3122215270996 27.3098564147949 27.3565788269043 27.3726577758789 27.3965167999268 27.4254722595215 27.435152053833 27.4492263793945 27.4831447601318 27.5320072174072 27.5583438873291 27.575834274292 27.6290588378906 27.6365852355957 27.6032524108887 27.5850372314453 27.6253833770752 27.6658992767334 27.6831016540527 27.7263221740723 27.787670135498
27.4220314025879 27.3821048736572 27.3409614562988 27.3242778778076 27.3223361968994 27.3323345184326 27.3171691894531 27.2821025848389 27.2500343322754 27.212703704834 27.1769161224365 27.163969039917 27.1632709503174 27.1619071960449 27.1637897491455 27.1531028747559 27.1208457946777 27.0859718322754 27.0489559173584 27.0229434967041 27.0079975128174 26.9858169555664 26.9870090484619 27.0127048492432 27.0268592834473 27.0245819091797 27.0259685516357 27.0637760162354 27.0872573852539 27.0855922698975 27.0955200195312 27.1258811950684 27.1442031860352 27.1588439941406 27.1939086914062 27.2167682647705 27.2323169708252 27.2574424743652 27.2975654602051 27.3010101318359 27.2799091339111 27.2898864746094 27.3284683227539 27.3618278503418 27.3873996734619 27.4490184783936 27.5249824523926
27.2141380310059 27.1801452636719 27.1318435668945 27.096321105957 27.0728378295898 27.058069229126 27.0441913604736 27.0203838348389 26.9855804443359 26.9355144500732 26.8932323455811 26.8709697723389 26.8683414459229 26.8840751647949 26.8894309997559 26.8705215454102 26.8425598144531 26.8076419830322 26.7652683258057 26.7257881164551 26.6852645874023 26.6575565338135 26.6475048065186 26.6384429931641 26.6367130279541 26.647590637207 26.6627674102783 26.6921234130859 26.6895446777344 26.6857719421387 26.7006301879883 26.7334728240967 26.7624187469482 26.7804851531982 26.7838478088379 26.777379989624 26.7938003540039 26.8251476287842 26.8605537414551 26.8797092437744 26.8925704956055 26.9118099212646 26.9433689117432 26.9863967895508 27.03200340271 27.0947132110596 27.1537990570068
26.9341983795166 26.8912811279297 26.8330364227295 26.7834148406982 26.7353630065918 26.6870384216309 26.6477470397949 26.6113414764404 26.5700416564941 26.5216751098633 26.4850006103516 26.4573059082031 26.4445838928223 26.4431648254395 26.4324264526367 26.4097328186035 26.3817672729492 26.3412933349609 26.2977542877197 26.2565898895264 26.2150039672852 26.1795463562012 26.1309089660645 26.0672054290771 26.0463199615479 26.0623893737793 26.0603179931641 26.041374206543 26.0237693786621 26.0274658203125 26.0370616912842 26.0447540283203 26.06201171875 26.0598526000977 26.0372638702393 26.0247936248779 26.0399990081787 26.0603942871094 26.0798873901367 26.0959033966064 26.1087017059326 26.1269416809082 26.1607608795166 26.1964454650879 26.2380046844482 26.2950172424316 26.3538646697998
26.5898284912109 26.5293445587158 26.4694843292236 26.4103527069092 26.3664703369141 26.325382232666 26.2760944366455 26.2162780761719 26.158805847168 26.1067371368408 26.0598526000977 26.0041103363037 25.9475326538086 25.9008712768555 25.8647060394287 25.8314552307129 25.7980537414551 25.7537269592285 25.7040042877197 25.6650409698486 25.6253356933594 25.5706348419189 25.4980945587158 25.4304313659668 25.3832855224609 25.3487415313721 25.3072738647461 25.2632713317871 25.2339324951172 25.2226409912109 25.2030601501465 25.1778011322021 25.1579456329346 25.1331882476807 25.102954864502 25.0765132904053 25.0547046661377 25.03835105896 25.0181770324707 24.9994792938232 24.9827499389648 24.9771003723145 24.9984951019287 25.0317935943604 25.0632095336914 25.110803604126 25.1666431427002
26.5509281158447 26.4767627716064 26.4113368988037 26.3596038818359 26.3175487518311 26.2741622924805 26.2238674163818 26.1645793914795 26.1034736633301 26.0410308837891 25.9681148529053 25.88161277771 25.80246925354 25.7428302764893 25.6918087005615 25.6370258331299 25.5818061828613 25.5257129669189 25.4711723327637 25.4287242889404 25.3803253173828 25.3205757141113 25.2419719696045 25.1584453582764 25.0847930908203 25.0252113342285 24.9726314544678 24.9233455657959 24.8855361938477 24.8482360839844 24.8045139312744 24.761999130249 24.7169246673584 24.6625938415527 24.6020832061768 24.5555038452148 24.5176010131836 24.4749813079834 24.427131652832 24.3768005371094 24.3401966094971 24.3246517181396 24.3251438140869 24.3253307342529 24.3179931640625 24.3221244812012 24.3396015167236
26.8558177947998 26.7808132171631 26.7261543273926 26.6796493530273 26.6293468475342 26.58420753479 26.5384654998779 26.4861640930176 26.4296588897705 26.3556938171387 26.2769966125488 26.1917095184326 26.1040630340576 26.0329074859619 25.9787540435791 25.9169845581055 25.858154296875 25.8031177520752 25.7481670379639 25.7026882171631 25.6613140106201 25.6056442260742 25.5228404998779 25.4279403686523 25.3444519042969 25.2771015167236 25.2239074707031 25.1745185852051 25.130199432373 25.0794906616211 25.0222110748291 24.9758472442627 24.9246082305908 24.8658580780029 24.800256729126 24.7469882965088 24.7016277313232 24.6455383300781 24.583797454834 24.524621963501 24.4792823791504 24.445930480957 24.4164962768555 24.3838005065918 24.3473987579346 24.3292388916016 24.3279552459717
27.2162189483643 27.1581211090088 27.1074485778809 27.0492477416992 26.9950714111328 26.9497737884521 26.9061508178711 26.8581581115723 26.7932376861572 26.722749710083 26.6500988006592 26.5724296569824 26.4944610595703 26.4267673492432 26.3690414428711 26.3138008117676 26.2698554992676 26.218786239624 26.1597709655762 26.1026058197021 26.0560321807861 25.9956436157227 25.9126434326172 25.8231353759766 25.7413501739502 25.681116104126 25.6384239196777 25.5929889678955 25.5447540283203 25.4841003417969 25.4223308563232 25.3729209899902 25.3180847167969 25.2611141204834 25.2061958312988 25.1564998626709 25.1009826660156 25.0322074890137 24.9564208984375 24.8914833068848 24.8447494506836 24.8042793273926 24.7590045928955 24.7234992980957 24.6919841766357 24.6742420196533 24.6646308898926
27.4734764099121 27.4195957183838 27.3541221618652 27.2819766998291 27.2234573364258 27.1743679046631 27.1360397338867 27.0873012542725 27.0225849151611 26.9638671875 26.9029731750488 26.8440628051758 26.7866706848145 26.7298221588135 26.6747627258301 26.6244010925293 26.5751647949219 26.5150814056396 26.4497451782227 26.3810443878174 26.3080883026123 26.2263164520264 26.1493797302246 26.0746879577637 26.0083274841309 25.9762763977051 25.9509315490723 25.9188823699951 25.8559322357178 25.767936706543 25.6954135894775 25.6428680419922 25.5947380065918 25.5489368438721 25.48752784729 25.4182147979736 25.3496036529541 25.2847671508789 25.2163639068604 25.1627407073975 25.1181297302246 25.0754127502441 25.033784866333 25.0064487457275 24.9763984680176 24.9380302429199 24.8993644714355
27.6018676757812 27.5418872833252 27.4851703643799 27.4229488372803 27.3597736358643 27.3073272705078 27.2634220123291 27.2135848999023 27.1525135040283 27.0878429412842 27.0263595581055 26.9732456207275 26.9236946105957 26.8733768463135 26.8214778900146 26.7659187316895 26.7080478668213 26.6483554840088 26.5874137878418 26.5255928039551 26.4554615020752 26.3751449584961 26.3004817962646 26.2308578491211 26.1776390075684 26.1454029083252 26.1138648986816 26.0654563903809 25.9953804016113 25.9226970672607 25.8471527099609 25.7806625366211 25.7342491149902 25.685338973999 25.6111240386963 25.5329055786133 25.4660530090332 25.4054012298584 25.3464756011963 25.3082942962646 25.2653350830078 25.21826171875 25.1834983825684 25.1458568572998 25.0957374572754 25.0382347106934 24.9870853424072
27.7123527526855 27.6539554595947 27.5990791320801 27.5397243499756 27.4811058044434 27.419620513916 27.3579330444336 27.3046379089355 27.2575302124023 27.2060527801514 27.1463489532471 27.0883865356445 27.0310707092285 26.9755744934082 26.9240856170654 26.8674545288086 26.8147048950195 26.7577743530273 26.6945476531982 26.6376247406006 26.5754222869873 26.4920349121094 26.4232597351074 26.3745861053467 26.3297023773193 26.2862205505371 26.2378997802734 26.1692695617676 26.1060562133789 26.0525684356689 25.9869403839111 25.9165077209473 25.8434562683105 25.7689247131348 25.6902656555176 25.6208801269531 25.5607528686523 25.508129119873 25.4627532958984 25.4296913146973 25.3788299560547 25.3247890472412 25.2768669128418 25.2192401885986 25.1738014221191 25.1215858459473 25.0677852630615
27.8864936828613 27.8290119171143 27.7543716430664 27.6882076263428 27.6355991363525 27.5741062164307 27.5046806335449 27.4476699829102 27.4093933105469 27.3588962554932 27.2838935852051 27.2116146087646 27.1475124359131 27.0952301025391 27.0446796417236 26.9853248596191 26.923942565918 26.8630619049072 26.7879600524902 26.7065105438232 26.6419486999512 26.5919551849365 26.5461006164551 26.5005760192871 26.4474143981934 26.3908252716064 26.3275699615479 26.2572727203369 26.1923637390137 26.1453590393066 26.0815868377686 26.0027847290039 25.9223213195801 25.8540916442871 25.7950115203857 25.7525157928467 25.7051696777344 25.6506328582764 25.5995540618896 25.5350608825684 25.4572334289551 25.3892631530762 25.3330745697021 25.2726745605469 25.2350654602051 25.1983833312988 25.1384754180908
28.1161098480225 28.0594940185547 27.9909801483154 27.9128646850586 27.8454666137695 27.7773590087891 27.7162895202637 27.6484756469727 27.580114364624 27.5106716156006 27.4284725189209 27.3449039459229 27.2706451416016 27.2027549743652 27.1538066864014 27.0927791595459 27.0073947906494 26.9315357208252 26.8415336608887 26.760440826416 26.7096614837646 26.6595859527588 26.6070137023926 26.5512752532959 26.4854984283447 26.4280776977539 26.3696117401123 26.3080062866211 26.2403049468994 26.1777572631836 26.1050815582275 26.0131225585938 25.9443187713623 25.8995208740234 25.8439350128174 25.7920074462891 25.7330436706543 25.6823635101318 25.6348648071289 25.5613288879395 25.474666595459 25.4093856811523 25.3448677062988 25.2891292572021 25.2401123046875 25.2034893035889 25.1534595489502
28.3558025360107 28.2993564605713 28.2319278717041 28.1483058929443 28.0693054199219 28.0091037750244 27.9332885742188 27.8392906188965 27.7339878082275 27.6538581848145 27.557035446167 27.4605846405029 27.3848571777344 27.3040313720703 27.242639541626 27.1787014007568 27.0770092010498 26.9943046569824 26.9159851074219 26.8442726135254 26.788179397583 26.7209491729736 26.6402626037598 26.5561656951904 26.4802932739258 26.4226245880127 26.3647785186768 26.3020534515381 26.2272434234619 26.1552238464355 26.0806674957275 26.0001468658447 25.9427642822266 25.8844833374023 25.8181934356689 25.7598209381104 25.6932315826416 25.6131954193115 25.563009262085 25.4825954437256 25.3921318054199 25.3304176330566 25.2662982940674 25.2055263519287 25.1426906585693 25.0884761810303 25.0493144989014
