data/thetao.asc
NCOLS 78
NROWS 61
XLLCORNER -149.5
YLLCORNER -28.5
CELLSIZE 1
NODATA_value -999
[rows 0 to 20 of 61, columns 0 to 46 of 78]
21.3717441558838 21.263334274292 21.1809177398682 21.1489009857178 21.0828018188477 20.9075927734375 20.8221797943115 20.7377605438232 20.5791969299316 20.437816619873 20.2994041442871 20.1698532104492 20.019157409668 19.9147834777832 19.7466068267822 19.4651069641113 19.2196922302246 19.0043792724609 18.7939891815186 18.4160690307617 18.0720462799072 17.6953182220459 17.3443946838379 17.0395889282227 16.6808662414551 16.4537677764893 16.342248916626 16.1940631866455 16.214693069458 16.4822025299072 17.2239818572998 17.878755569458 -999 -999 -999 -999 -999 -999 -999 -999 -999 -999 -999 -999 -999 -999 -999
21.86256980896 21.7615146636963 21.6281852722168 21.5317573547363 21.4478969573975 21.3159847259521 21.2851543426514 21.1256790161133 20.9949264526367 20.8284301757812 20.6600818634033 20.5286865234375 20.3760280609131 20.2290687561035 19.9810390472412 19.7088203430176 19.4819278717041 19.2508563995361 19.0083351135254 18.6596279144287 18.3819103240967 18.1147747039795 17.880708694458 17.5419940948486 17.2505187988281 17.1554527282715 17.0836849212646 16.8179512023926 16.7520771026611 16.9307670593262 17.3228664398193 17.7630290985107 -999 -999 23.455867767334 -999 -999 -999 -999 -999 -999 -999 -999 -999 -999 -999 -999
22.3336982727051 22.2439060211182 22.0423240661621 21.9145221710205 21.8519687652588 21.7503776550293 21.6635761260986 21.4637508392334 21.2833824157715 21.0929069519043 20.9245491027832 20.7692623138428 20.6279811859131 20.4298076629639 20.2110214233398 20.0146427154541 19.8104362487793 19.5877723693848 19.3392276763916 19.1107654571533 18.9123783111572 18.7166900634766 18.5362129211426 18.2985858917236 18.0482158660889 17.830696105957 17.6647109985352 17.5185775756836 17.5151214599609 17.5751800537109 17.7145175933838 17.8940525054932 17.7389793395996 -999 23.5893306732178 23.4780616760254 -999 -999 -999 -999 -999 -999 -999 -999 -999 -999 -999
22.7243156433105 22.6479434967041 22.5063076019287 22.3682117462158 22.227912902832 22.0159854888916 21.8638000488281 21.6910743713379 21.5273761749268 21.3806400299072 21.204719543457 21.0010070800781 20.875057220459 20.7636604309082 20.5608997344971 20.3456916809082 20.1359081268311 19.9382839202881 19.7385215759277 19.5387878417969 19.353588104248 19.1574649810791 18.9468269348145 18.7705707550049 18.5937995910645 18.3531131744385 18.1851978302002 18.2419185638428 18.2441463470459 18.1555652618408 18.121129989624 18.1741752624512 18.208122253418 17.8466014862061 -999 -999 23.4635543823242 -999 -999 -999 -999 -999 -999 -999 -999 -999 -999
23.0472393035889 22.9357242584229 22.8109550476074 22.7045860290527 22.5374450683594 22.3150424957275 22.1409740447998 21.9850368499756 21.8138961791992 21.6403789520264 21.4646339416504 21.2824802398682 21.1070556640625 20.9266185760498 20.7121696472168 20.5153884887695 20.3401031494141 20.1439914703369 19.973726272583 19.8007583618164 19.6658630371094 19.4971160888672 19.2812480926514 19.1509304046631 19.0810012817383 18.9434642791748 18.795389175415 18.7803516387939 18.7669906616211 18.7249851226807 18.7390060424805 18.7064266204834 18.6088352203369 18.3252964019775 18.5322322845459 -999 23.5535621643066 -999 -999 -999 -999 -999 -999 -999 -999 -999 -999
23.4135589599609 23.316089630127 23.0911769866943 22.9238624572754 22.7889556884766 22.6055240631104 22.4531688690186 22.2792949676514 22.0564098358154 21.8785839080811 21.6867351531982 21.50852394104 21.2865543365479 21.0688552856445 20.8600292205811 20.6769504547119 20.50124168396 20.3543605804443 20.2109184265137 20.044942855835 19.9011611938477 19.7131290435791 19.5795516967773 19.5358257293701 19.4771938323975 19.3974227905273 19.2560005187988 19.1743545532227 19.2334499359131 19.2263126373291 19.2562923431396 19.2133541107178 19.1473083496094 19.1185245513916 -999 -999 -999 24.3795299530029 -999 -999 -999 -999 -999 -999 -999 -999 -999
23.6935729980469 23.5533065795898 23.360818862915 23.2037773132324 23.0602493286133 22.8595733642578 22.6864948272705 22.5021648406982 22.3061752319336 22.1241798400879 21.9328231811523 21.7073020935059 21.4908065795898 21.3086719512939 21.1144580841064 20.9114303588867 20.75221824646 20.6428871154785 20.5126304626465 20.3216114044189 20.1360683441162 20.0095348358154 19.9481639862061 19.8687515258789 19.787483215332 19.7324542999268 19.6580047607422 19.5676403045654 19.6024990081787 19.5692119598389 19.606538772583 19.6714344024658 19.7681903839111 19.8908061981201 19.8277111053467 20.0579624176025 -999 -999 25.0111637115479 25.0538215637207 -999 -999 -999 -999 -999 -999 -999
23.7997131347656 23.6573467254639 23.5350208282471 23.3885154724121 23.2062320709229 23.0073184967041 22.8824577331543 22.7329959869385 22.5607433319092 22.3938083648682 22.1926803588867 21.9688205718994 21.7763271331787 21.5981559753418 21.4033279418945 21.2034091949463 21.0554580688477 20.91432762146 20.7537498474121 20.6006393432617 20.4518928527832 20.3792991638184 20.3059520721436 20.2056846618652 20.1436882019043 20.1505661010742 20.1427516937256 20.1004066467285 20.0736961364746 20.109546661377 20.2170429229736 20.3224182128906 20.3633308410645 20.3505229949951 20.4492015838623 20.7851696014404 21.3425559997559 -999 25.383825302124 25.4357509613037 -999 -999 -999 -999 -999 -999 -999
23.9629669189453 23.8180503845215 23.6505794525146 23.4935512542725 23.3245754241943 23.1558055877686 23.0499801635742 22.8965358734131 22.7249393463135 22.5558300018311 22.376916885376 22.2223300933838 22.0431823730469 21.8718605041504 21.6699180603027 21.4696655273438 21.3167819976807 21.2012348175049 21.046215057373 20.9591693878174 20.842643737793 20.7355213165283 20.6432762145996 20.6023349761963 20.5680351257324 20.5471057891846 20.5842418670654 20.5750617980957 20.5673694610596 20.6148509979248 20.727933883667 20.8848457336426 20.9900035858154 20.9611663818359 21.1810989379883 21.626672744751 22.0601081848145 -999 25.3501853942871 25.7278327941895 25.864278793335 -999 -999 -999 -999 -999 -999
24.1598510742188 23.9955196380615 23.8166332244873 23.6809825897217 23.5115451812744 23.3340148925781 23.1940250396729 23.0276412963867 22.8847255706787 22.7534351348877 22.5956382751465 22.4376792907715 22.2578468322754 22.0689239501953 21.9371223449707 21.8113536834717 21.6433086395264 21.4832420349121 21.430139541626 21.3934555053711 21.2941036224365 21.1704406738281 21.1312465667725 21.0432872772217 20.9821243286133 20.9956912994385 21.0932483673096 21.0939407348633 21.056173324585 21.1008205413818 21.2769565582275 21.4931583404541 21.5928478240967 21.6375122070312 21.8597145080566 22.3009510040283 22.7128295898438 23.0968894958496 24.2545833587646 -999 26.0235958099365 26.2074565887451 -999 -999 -999 -999 -999
24.257417678833 24.1081466674805 23.9560012817383 23.8285179138184 23.6817607879639 23.50830078125 23.3700332641602 23.2144050598145 23.0897960662842 22.9719657897949 22.8385639190674 22.7066955566406 22.5448627471924 22.3665924072266 22.2580661773682 22.1446228027344 21.993314743042 21.9085636138916 21.8845748901367 21.851131439209 21.7595462799072 21.6447219848633 21.6340465545654 21.5196094512939 21.5021152496338 21.5504951477051 21.6913166046143 21.7376022338867 21.6515636444092 21.7018165588379 21.8422012329102 21.9772529602051 22.1054096221924 22.2323913574219 22.5219898223877 23.0814342498779 23.6321125030518 23.9689025878906 24.6839160919189 25.614803314209 25.9265880584717 26.2550621032715 26.893424987793 -999 -999 -999 -999
24.3899440765381 24.2168827056885 24.0515098571777 23.9161148071289 23.7863159179688 23.6440105438232 23.568395614624 23.4794902801514 23.3593406677246 23.2182846069336 23.0829372406006 22.956672668457 22.8544864654541 22.7360248565674 22.6495914459229 22.5849208831787 22.5191802978516 22.4533100128174 22.420654296875 22.3534145355225 22.2572975158691 22.1613864898682 22.1635341644287 22.1574783325195 22.1940517425537 22.2618503570557 22.360445022583 22.3923892974854 22.3350563049316 22.4668102264404 22.5788707733154 22.7266483306885 22.9451770782471 23.1451358795166 23.4417037963867 23.9268684387207 24.3837604522705 24.63791847229 25.0061130523682 25.4542922973633 25.7823219299316 26.3407096862793 27.0525646209717 27.6421909332275 -999 -999 -999
24.5482578277588 24.4134254455566 24.2275619506836 24.0836486816406 23.9463748931885 23.8349723815918 23.7546367645264 23.7231140136719 23.6209621429443 23.4823093414307 23.3772029876709 23.3056831359863 23.2494354248047 23.1826438903809 23.1507873535156 23.1343898773193 23.0452461242676 22.9776306152344 22.9655704498291 22.9348831176758 22.8860054016113 22.7668895721436 22.7701644897461 22.9003562927246 22.9494152069092 23.0332126617432 23.1784801483154 23.1866302490234 23.1565723419189 23.4289627075195 23.6155681610107 23.6940536499023 23.8906097412109 24.1277904510498 24.3763732910156 24.7066440582275 25.0379581451416 25.3155937194824 25.6209239959717 25.8461818695068 26.1186561584473 26.6371898651123 27.2240581512451 -999 -999 -999 -999
24.7224273681641 24.6326141357422 24.5219478607178 24.3928852081299 24.2508239746094 24.1133842468262 24.0035533905029 23.9549236297607 23.8916912078857 23.8142356872559 23.738733291626 23.7013339996338 23.7259960174561 23.6873168945312 23.6277103424072 23.6254062652588 23.542797088623 23.420690536499 23.4247436523438 23.5323009490967 23.5765132904053 23.4812431335449 23.4808578491211 23.6139354705811 23.6826877593994 23.7472534179688 23.9023761749268 23.9681968688965 24.058069229126 24.2294616699219 24.3389091491699 24.4625358581543 24.6160945892334 24.7980442047119 25.106819152832 25.3941211700439 25.6725406646729 25.9949111938477 26.1999282836914 26.4389591217041 26.6206531524658 26.926197052002 27.315990447998 27.7875576019287 -999 -999 -999
24.9258003234863 24.8401718139648 24.7588729858398 24.6643161773682 24.5737171173096 24.4789505004883 24.4038772583008 24.3293437957764 24.2770481109619 24.2770175933838 24.2652645111084 24.2504825592041 24.191873550415 24.0715560913086 24.0716857910156 24.1188907623291 24.0413055419922 23.9171848297119 23.92702293396 24.0602607727051 24.1539249420166 24.1192760467529 24.1512603759766 24.239767074585 24.378870010376 24.4714527130127 24.5489501953125 24.6933326721191 24.8052387237549 24.9137115478516 25.0233497619629 25.0945777893066 25.2769203186035 25.4805011749268 25.7968883514404 26.128002166748 26.3393573760986 26.5889568328857 26.6926708221436 26.8444747924805 27.036262512207 27.2807121276855 27.5641937255859 27.8296794891357 28.2420654296875 -999 -999
25.1600170135498 25.0641956329346 24.9663772583008 24.8959655761719 24.8744449615479 24.8502006530762 24.8018760681152 24.7337913513184 24.649866104126 24.6345310211182 24.6186199188232 24.6154956817627 24.5464458465576 24.4680786132812 24.4875583648682 24.5031394958496 24.4857864379883 24.4670925140381 24.4871635437012 24.642635345459 24.7591800689697 24.7435550689697 24.7687950134277 24.8327770233154 24.929759979248 25.0470485687256 25.1494216918945 25.3582439422607 25.506908416748 25.6516304016113 25.8138847351074 25.8637657165527 25.9509029388428 26.1302108764648 26.3281154632568 26.6682910919189 26.8487281799316 27.002742767334 27.1214694976807 27.1962547302246 27.3856830596924 27.6537952423096 27.9213180541992 28.0956420898438 28.3634929656982 28.6588802337646 28.942024230957
25.4276962280273 25.3695888519287 25.2846298217773 25.2323780059814 25.2064914703369 25.1466464996338 25.0860595703125 25.0593357086182 25.0234241485596 24.942403793335 24.9231510162354 24.9682540893555 24.9341487884521 24.9151287078857 24.9234809875488 24.9320125579834 24.9869899749756 25.0429267883301 25.0908088684082 25.1824512481689 25.2779312133789 25.2893981933594 25.2966651916504 25.3634147644043 25.4470825195312 25.5795192718506 25.7315864562988 25.9133167266846 26.1096687316895 26.2923316955566 26.4569778442383 26.525951385498 26.6006622314453 26.7457942962646 26.8563842773438 27.0367794036865 27.2209777832031 27.3751640319824 27.4698219299316 27.5810699462891 27.7303485870361 27.9563484191895 28.3067970275879 28.505895614624 28.7053565979004 28.9087295532227 29.0504264831543
25.7033767700195 25.6935367584229 25.6645183563232 25.6033630371094 25.569429397583 25.5067844390869 25.43874168396 25.3909854888916 25.3406143188477 25.269567489624 25.2864570617676 25.3480892181396 25.3049201965332 25.294994354248 25.3125782012939 25.3586006164551 25.4365425109863 25.504207611084 25.5987510681152 25.6808605194092 25.7108783721924 25.764274597168 25.8326873779297 25.8998908996582 26.003942489624 26.1498756408691 26.2860012054443 26.4073829650879 26.5970115661621 26.8005599975586 26.9204597473145 27.0238246917725 27.1333503723145 27.2720909118652 27.3723964691162 27.4833965301514 27.6155605316162 27.7599544525146 27.8854274749756 28.0039539337158 28.1392974853516 28.3609848022461 28.7263450622559 28.9610195159912 29.1159572601318 29.2488594055176 29.3425006866455
26.0199394226074 26.0132884979248 25.9975509643555 25.9644470214844 25.9557075500488 25.9050045013428 25.8249645233154 25.7535171508789 25.7098293304443 25.66748046875 25.6533126831055 25.6617126464844 25.623441696167 25.636812210083 25.687873840332 25.7541561126709 25.8120708465576 25.9016304016113 26.0297622680664 26.1274814605713 26.152229309082 26.2187328338623 26.3194828033447 26.368444442749 26.4668216705322 26.5784969329834 26.727970123291 26.8893756866455 27.0338592529297 27.1602306365967 27.2589416503906 27.3519687652588 27.4873008728027 27.64723777771 27.7368183135986 27.8115730285645 27.951488494873 28.0959033966064 28.2400512695312 28.3939933776855 28.5414524078369 28.7404327392578 28.9756011962891 29.1616458892822 29.2913150787354 29.4016361236572 29.4769821166992
26.2928695678711 26.2636775970459 26.2285995483398 26.2265758514404 26.2220878601074 26.202766418457 26.1513595581055 26.1002178192139 26.0431175231934 25.9932880401611 25.956111907959 25.9538440704346 25.9626235961914 25.9834728240967 26.0265941619873 26.0900173187256 26.1317806243896 26.1858024597168 26.2809391021729 26.3628215789795 26.421989440918 26.511116027832 26.6196002960205 26.6946620941162 26.7933006286621 26.8896293640137 27.0033798217773 27.1553897857666 27.3074321746826 27.4319190979004 27.505407333374 27.5719299316406 27.6847190856934 27.8071193695068 27.905818939209 28.0154666900635 28.1590538024902 28.3040771484375 28.4302234649658 28.5710010528564 28.7068500518799 28.8664054870605 29.0196990966797 29.1544799804688 29.2628860473633 29.3529682159424 29.4150676727295
26.5971946716309 26.5357990264893 26.4873294830322 26.4532623291016 26.4474258422852 26.4552154541016 26.426586151123 26.3894214630127 26.3495864868164 26.3074512481689 26.2783737182617 26.2756958007812 26.2651557922363 26.276647567749 26.3272800445557 26.3943901062012 26.4285545349121 26.4619255065918 26.5206356048584 26.6105098724365 26.7115745544434 26.7835960388184 26.8539142608643 26.9332828521729 27.0119209289551 27.0883331298828 27.1780109405518 27.3028659820557 27.4522666931152 27.573881149292 27.6536693572998 27.7297382354736 27.8053455352783 27.8995532989502 28.0187873840332 28.1576499938965 28.2754592895508 28.3630256652832 28.4564781188965 28.5633792877197 28.6827964782715 28.8005199432373 28.9282665252686 29.0482368469238 29.1515827178955 29.241117477417 29.3035926818848
